TRIP
DATE 2025-08-15
DECLINATION 0.0
DATA
0		212.74	-27.86	4.229	>
0		212.50	-27.99	4.202	>
0		212.76	-28.13	4.229	>
0	1	212.67	-27.99	4.220	>
1		13.07	15.89	0.829	>
1		63.10	21.97	0.824	>
1		289.97	-0.79	0.949	>
1		260.85	-5.91	1.557	>
1		235.28	-13.59	1.938	>
1		210.11	-5.72	1.574	>
1		225.36	-20.75	3.419	>
1		205.77	-20.31	2.922	>
1		303.17	70.62	1.401	>
1		51.85	-26.66	0.883	>
1		228.08	-61.03	5.175	>
1		227.89	-60.96	5.064	>
1		227.87	-61.11	5.065	>
1		227.80	-61.16	5.069	>
1	2	227.85	-61.08	5.066	>
2		150.57	0.00	1.869	>
2		41.24	1.03	0.700	>
2		75.04	-0.14	1.828	>
2		110.56	-1.68	1.874	>
2		199.47	-4.13	1.942	>
2		220.39	-26.43	1.756	>
2		231.61	-21.00	1.334	>
2		250.83	-18.44	1.755	>
2		254.17	-14.99	1.798	>
2		191.43	-71.04	4.766	>
2		192.06	-70.80	4.739	>
2		191.97	-70.88	4.746	>
2	3	191.82	-70.91	4.750	>
3		246.67	-6.19	1.339	>
3		271.04	-3.80	2.116	>
3		285.17	-5.50	3.604	>
3		304.18	-7.32	3.995	>
3		310.47	-8.86	2.310	>
3		327.79	-6.96	1.480	>
3		348.83	-4.94	1.193	>
3		6.98	0.96	1.315	>
3		32.52	3.33	1.834	>
3		54.11	1.35	2.093	>
3		61.56	1.37	1.610	>
3		286.17	-76.61	6.673	>
3		298.91	-56.90	6.516	>
3		307.95	-56.48	5.808	>
3		335.09	-70.48	6.207	>
3		18.86	-70.92	5.877	>
3		38.15	-75.73	6.085	>
3		308.20	-41.97	4.134	>
3		293.48	-44.72	5.043	>
3		305.11	-21.46	3.659	>
3		305.18	-21.48	3.659	>
3		305.11	-21.57	3.664	>
3	4	305.13	-21.51	3.661	>
4		185.01	-16.46	1.554	>
4		211.23	-12.70	1.615	>
4		198.36	2.88	1.743	>
4		200.57	1.82	1.710	>
4		232.27	-80.64	1.158	>
4		127.66	-71.15	1.465	>
4		264.98	-72.29	1.428	>
4		214.26	-63.73	1.635	>
4		217.36	-64.09	1.585	>
4		185.65	-37.92	1.820	>
4		223.34	-34.29	1.967	>
4		204.27	-14.50	0.261	>
4		204.14	-14.64	0.268	>
4		204.16	-14.68	0.264	>
4		204.02	-14.70	0.263	>
4		204.10	-14.68	0.255	>
4		203.90	-14.24	2.741	>
4		203.86	-14.14	2.756	>
4		203.77	-14.04	2.752	>
4	5	203.84	-14.14	2.750	>
5		109.88	-0.60	0.553	>
5		40.13	-67.88	0.896	>
5		348.08	-79.37	0.847	>
5		235.58	-51.92	4.799	>
5		235.49	-52.15	4.792	>
5		235.40	-52.32	4.785	>
5	6	235.49	-52.13	4.792	>
6		235.48	-52.06	4.791	>
6		235.40	-52.19	4.786	>
6		235.39	-52.31	4.776	>
6		35.22	7.29	2.047	>
6		57.36	7.87	2.949	>
6		76.38	2.62	3.081	>
6		99.53	-1.74	3.614	>
6		133.46	-10.68	3.386	>
6		168.04	-12.53	3.271	>
6		176.08	-13.06	3.916	>
6		36.10	87.56	9.281	>
6		164.12	69.59	3.447	>
6		146.80	-43.67	2.856	>
6		168.51	-37.42	7.869	>
6		168.49	-37.42	7.870	>
6		168.37	-37.39	7.876	>
6	7	168.46	-37.41	7.872	>
7		220.12	-11.65	2.145	>
7		251.48	-13.05	4.257	>
7		264.75	-11.94	5.795	>
7		276.50	-11.95	4.626	>
7		299.94	-8.59	3.201	>
7		330.11	-1.63	3.665	>
7		11.14	-5.30	1.373	>
7		253.55	-12.41	4.650	>
7		282.37	-9.30	3.692	>
7		253.50	-12.20	4.643	>
7		253.95	-19.84	4.803	>
7		253.92	-19.97	4.813	>
7		254.07	-19.85	4.808	>
7	8	253.98	-19.89	4.808	>
8		308.49	-14.53	4.485	>
8		308.57	-14.49	4.465	>
8		308.34	-14.40	4.452	>
8		323.85	56.76	4.641	>
8		323.17	56.64	4.621	>
8		323.41	56.54	4.615	>
8	9	308.46	-14.48	4.467	>
9		283.31	-71.95	4.960	>
9		283.06	-72.11	4.898	>
9		283.21	-72.21	4.882	>
9		284.55	-72.10	4.988	>
9		285.02	-72.17	4.983	>
9		285.16	-72.17	5.000	>
9	10	284.91	-72.15	4.990	>
8	8.1	323.48	56.65	4.626	>

PLAN
STATIONS
0.000	0.000	0
-2.011	-3.137	1
-3.828	-4.781	2
-4.146	-6.302	3
-6.932	-4.342	4
-8.009	-6.781	5
-10.434	-8.447	6
-9.183	-14.573	7
-13.528	-15.821	8
-16.915	-13.131	9
-18.394	-12.737	10
-15.042	-13.777	8.1
SHOTS
0.000	0.000	-2.011	-3.137
-2.011	-3.137	-1.831	-2.360
-2.011	-3.137	-1.330	-2.791
-2.011	-3.137	-2.903	-2.813
-2.011	-3.137	-3.540	-3.383
-2.011	-3.137	-3.560	-4.210
-2.011	-3.137	-2.797	-4.492
-2.011	-3.137	-4.286	-5.383
-2.011	-3.137	-3.203	-5.605
-2.011	-3.137	-2.400	-2.883
-2.011	-3.137	-1.391	-2.649
-2.011	-3.137	-3.877	-4.811
-2.011	-3.137	-3.828	-4.781
-3.828	-4.781	-2.909	-6.409
-3.828	-4.781	-3.366	-4.255
-3.828	-4.781	-2.062	-4.309
-3.828	-4.781	-2.074	-5.439
-3.828	-4.781	-4.473	-6.607
-3.828	-4.781	-4.847	-5.979
-3.828	-4.781	-4.804	-5.554
-3.828	-4.781	-5.400	-5.328
-3.828	-4.781	-5.499	-5.255
-3.828	-4.781	-4.146	-6.302
-4.146	-6.302	-5.369	-6.829
-4.146	-6.302	-6.257	-6.264
-4.146	-6.302	-7.609	-5.363
-4.146	-6.302	-7.424	-4.076
-4.146	-6.302	-5.882	-4.820
-4.146	-6.302	-4.929	-5.059
-4.146	-6.302	-4.376	-5.136
-4.146	-6.302	-3.986	-4.997
-4.146	-6.302	-3.162	-4.758
-4.146	-6.302	-2.451	-5.075
-4.146	-6.302	-2.731	-5.535
-4.146	-6.302	-5.630	-5.872
-4.146	-6.302	-7.261	-4.582
-4.146	-6.302	-6.676	-4.329
-4.146	-6.302	-5.020	-4.420
-4.146	-6.302	-3.525	-4.484
-4.146	-6.302	-3.220	-5.122
-4.146	-6.302	-6.562	-4.401
-4.146	-6.302	-7.433	-4.874
-4.146	-6.302	-6.932	-4.342
-6.932	-4.342	-7.062	-5.827
-6.932	-4.342	-7.749	-5.689
-6.932	-4.342	-7.480	-5.994
-6.932	-4.342	-7.532	-5.942
-6.932	-4.342	-7.081	-4.457
-6.932	-4.342	-6.557	-4.631
-6.932	-4.342	-7.364	-4.380
-6.932	-4.342	-7.339	-4.940
-6.932	-4.342	-7.352	-4.892
-6.932	-4.342	-7.073	-5.771
-6.932	-4.342	-8.047	-5.524
-6.932	-4.342	-7.035	-4.572
-6.932	-4.342	-7.038	-4.579
-6.932	-4.342	-7.036	-4.575
-6.932	-4.342	-7.035	-4.574
-6.932	-4.342	-7.032	-4.567
-6.932	-4.342	-8.009	-6.781
-8.009	-6.781	-7.489	-6.969
-8.009	-6.781	-7.792	-6.523
-8.009	-6.781	-8.042	-6.628
-8.009	-6.781	-10.434	-8.447
-10.434	-8.447	-9.263	-6.789
-10.434	-8.447	-7.974	-6.872
-10.434	-8.447	-7.442	-7.723
-10.434	-8.447	-6.871	-9.046
-10.434	-8.447	-8.019	-10.736
-10.434	-8.447	-9.772	-11.571
-10.434	-8.447	-10.173	-12.253
-10.434	-8.447	-10.201	-8.128
-10.434	-8.447	-10.105	-9.604
-10.434	-8.447	-9.303	-10.176
-10.434	-8.447	-9.183	-14.573
-9.183	-14.573	-10.536	-16.180
-9.183	-14.573	-13.115	-15.891
-9.183	-14.573	-14.829	-15.092
-9.183	-14.573	-13.679	-14.061
-9.183	-14.573	-11.925	-12.994
-9.183	-14.573	-11.008	-11.397
-9.183	-14.573	-8.918	-13.232
-9.183	-14.573	-13.538	-15.859
-9.183	-14.573	-12.742	-13.793
-9.183	-14.573	-13.534	-15.862
-9.183	-14.573	-13.528	-15.821
-13.528	-15.821	-16.915	-13.131
-16.915	-13.131	-18.410	-12.777
-16.915	-13.131	-18.381	-12.791
-16.915	-13.131	-18.367	-12.790
-16.915	-13.131	-18.394	-12.737
-13.528	-15.821	-15.042	-13.777
POLYLINE BLACK
-4.396	-3.821
-4.166	-3.947
-3.898	-4.015
-3.687	-4.175
POLYLINE BLACK
-3.779	-4.268
-3.747	-4.442
-3.715	-4.616
-3.683	-4.790
-3.679	-4.808
-3.682	-4.829
-3.671	-4.845
-3.660	-4.860
-3.639	-4.866
-3.623	-4.876
POLYLINE BLACK
-3.566	-4.255
-2.956	-4.285
POLYLINE BLACK
-2.924	-4.322
-2.744	-4.620
-2.833	-4.493
-2.666	-4.710
POLYLINE BLACK
-2.739	-4.775
-3.256	-4.768
-2.964	-4.758
-3.612	-4.829
POLYLINE BLACK
-4.408	-3.867
-4.622	-4.024
-4.843	-4.156
-5.043	-4.335
-5.095	-4.381
-5.132	-4.441
-5.176	-4.494
POLYLINE BLACK
-5.079	-4.655
-4.770	-4.811
-4.801	-4.804
-4.407	-4.952
-4.380	-4.962
-4.352	-4.967
-4.325	-4.970
-3.744	-5.037
-3.997	-4.973
-3.742	-5.043
POLYLINE BLACK
-3.581	-4.690
-3.615	-4.847
-3.592	-4.756
-3.656	-4.959
POLYLINE BLACK
-6.920	4.533
-6.889	4.547
-6.858	4.562
-6.827	4.576
-6.822	4.582
-6.814	4.587
-6.814	4.595
-6.813	4.616
-6.884	4.654
-6.895	4.664
-6.907	4.675
-6.919	4.687
-6.928	4.700
-6.948	4.730
-6.963	4.762
-6.980	4.793
POLYLINE BLACK
-1.994	-2.954
-2.076	-2.803
-2.187	-2.612
-2.374	-2.582
-2.535	-2.556
-2.697	-2.640
-2.821	-2.733
-3.063	-2.914
-3.288	-3.118
-3.532	-3.298
-3.755	-3.464
-4.069	-3.590
-4.232	-3.839
POLYLINE BLACK
-4.452	-4.997
-4.421	-5.145
-4.364	-5.283
-4.259	-5.396
-4.117	-5.551
-3.994	-5.608
-3.791	-5.718
-3.649	-5.794
-3.498	-5.805
-3.344	-5.768
-3.278	-5.752
-3.219	-5.716
-3.173	-5.667
-3.092	-5.583
-3.067	-5.475
-3.004	-5.373
-2.923	-5.242
-2.786	-5.139
-2.649	-5.074
-2.538	-5.022
-2.346	-4.963
-2.229	-4.972
-2.076	-4.984
-1.983	-5.078
-1.845	-4.974
-1.816	-4.952
-1.790	-4.922
-1.772	-4.890
-1.683	-4.738
-1.655	-4.690
-1.657	-4.517
-1.660	-4.266
-1.678	-4.015
-1.678	-3.764
-1.678	-3.721
-1.662	-3.679
-1.658	-3.636
-1.654	-3.599
-1.666	-3.549
-1.678	-3.516
-1.727	-3.380
-1.847	-3.285
-1.926	-3.167
-2.000	-3.030
-1.966	-3.083
-2.019	-3.005
POLYLINE BLACK
-2.591	-2.639
-2.538	-2.634
-2.484	-2.634
-2.431	-2.624
-2.190	-2.578
-1.983	-2.391
-1.793	-2.260
POLYLINE BLACK
-1.376	-2.816
-1.375	-2.816
POLYLINE BLACK
-1.392	-2.792
-1.589	-2.851
-1.684	-2.922
-1.831	-3.075
-1.863	-3.108
-1.886	-3.148
-1.914	-3.185
POLYLINE BLACK
-6.600	4.873
-6.601	4.904
-6.600	4.935
-6.602	4.965
-6.608	5.053
-6.809	5.075
-6.840	5.083
POLYLINE BLACK
-5.426	-5.337
-5.369	-5.328
-5.312	-5.315
-5.255	-5.310
-5.121	-5.297
-4.976	-5.356
-4.890	-5.459
-4.831	-5.529
-4.798	-5.631
-4.774	-5.712
-4.633	-6.184
-4.765	-5.923
-4.562	-6.358
-4.540	-6.405
-4.501	-6.450
-4.456	-6.475
-4.339	-6.539
-4.101	-6.519
-4.008	-6.510
-3.899	-6.500
-3.793	-6.460
-3.684	-6.451
-3.584	-6.444
-3.483	-6.455
-3.383	-6.462
-3.198	-6.475
-2.978	-6.540
-2.810	-6.424
-2.641	-6.307
-2.377	-6.127
-2.269	-5.935
-2.217	-5.841
-2.132	-5.712
-2.102	-5.593
-2.098	-5.573
-2.094	-5.553
-2.094	-5.533
-2.103	-5.156
-2.116	-4.779
-2.131	-4.402
-2.133	-4.334
-2.217	-4.277
-2.273	-4.257
-2.479	-4.186
-2.518	-4.231
-2.808	-4.192
-2.926	-4.176
-3.040	-4.109
-3.161	-4.146
-3.197	-4.157
-3.232	-4.170
-3.265	-4.186
-3.435	-4.269
-3.598	-4.368
-3.771	-4.445
-3.841	-4.476
-3.917	-4.494
-3.992	-4.510
-4.441	-4.606
-4.776	-4.577
-5.120	-4.844
-5.212	-4.916
-5.292	-5.001
-5.376	-5.082
-5.442	-5.145
-5.448	-5.248
-5.413	-5.328
-5.392	-5.376
-5.349	-5.403
-5.311	-5.440
POLYLINE BROWN
-3.931	-6.339
-3.901	-6.308
-3.874	-6.274
-3.841	-6.245
-3.821	-6.227
-3.799	-6.212
-3.775	-6.200
-3.511	-6.067
-3.237	-5.951
-2.976	-5.810
-2.886	-5.762
-2.736	-5.640
-2.659	-5.552
-2.639	-5.529
-2.623	-5.503
-2.609	-5.476
-2.543	-5.353
-2.476	-5.230
-2.507	-5.088
-2.567	-4.805
-2.948	-4.717
-3.189	-4.727
-3.479	-4.740
-3.770	-4.759
-4.056	-4.810
-4.210	-4.861
-4.365	-4.913
-4.519	-4.965
-4.556	-4.980
-4.591	-5.005
-4.631	-5.012
-4.758	-5.035
-4.888	-5.046
-5.017	-5.054
-5.074	-5.058
-5.132	-5.060
-5.186	-5.045
-5.690	-4.914
-6.015	-4.792
-6.454	-4.491
-6.625	-4.374
-6.762	-4.214
-6.921	-4.082
-7.063	-3.964
-7.289	-3.970
-7.458	-3.977
-7.507	-3.979
-7.570	-3.997
-7.610	-4.027
-7.681	-4.080
-7.737	-4.214
-7.763	-4.273
-7.836	-4.439
-7.794	-4.637
-7.720	-4.794
-7.581	-5.089
-7.471	-5.266
-7.264	-5.491
-7.145	-5.620
-7.011	-5.735
-6.895	-5.868
-6.831	-5.941
-6.786	-6.029
-6.727	-6.105
-6.713	-6.124
-6.695	-6.139
-6.676	-6.153
-6.465	-6.308
-6.249	-6.455
-6.040	-6.612
-5.695	-6.872
-5.959	-6.734
-5.602	-6.918
-5.587	-6.926
-5.571	-6.931
-5.554	-6.935
-5.373	-6.981
-5.073	-6.770
-4.979	-6.730
-4.917	-6.704
-4.852	-6.688
-4.788	-6.671
-4.520	-6.602
-4.249	-6.545
-3.982	-6.474
-3.931	-6.460
-3.884	-6.433
-3.834	-6.415
-3.796	-6.402
-3.756	-6.393
-3.717	-6.382
POLYLINE RED
-7.204	-4.600
-7.153	-4.575
-7.101	-4.550
-7.050	-4.526
-7.006	-4.495
-6.966	-4.457
-6.918	-4.433
-6.755	-4.352
-6.718	-4.356
-6.561	-4.331
POLYLINE RED
-6.436	-4.309
-6.230	-4.313
-5.978	-4.261
-5.772	-4.347
-5.626	-4.409
-5.560	-4.457
-5.417	-4.480
-5.274	-4.504
-5.148	-4.467
-5.009	-4.435
POLYLINE RED
-5.045	-4.453
-4.910	-4.502
-4.631	-4.576
-4.484	-4.689
-4.413	-4.744
-4.227	-4.939
-4.097	-4.991
-3.788	-5.113
-3.477	-5.228
-3.164	-5.340
-3.030	-5.387
-2.876	-5.335
-2.750	-5.404
-2.619	-5.476
-2.512	-5.664
-2.550	-5.814
-2.578	-5.927
-2.667	-6.010
-2.748	-6.087
-2.774	-6.112
-2.803	-6.135
-2.836	-6.152
-2.978	-6.226
-3.180	-6.327
-3.352	-6.344
-3.498	-6.349
-3.643	-6.354
-3.789	-6.359
-3.865	-6.358
-3.942	-6.348
-4.018	-6.355
-4.115	-6.364
-4.209	-6.389
-4.305	-6.406
POLYLINE RED
-7.224	-4.593
-7.264	-4.729
-7.289	-4.880
-7.228	-5.015
-7.151	-5.183
-7.020	-5.294
-6.869	-5.395
-6.808	-5.436
-6.665	-5.494
-6.599	-5.530
-6.456	-5.607
-6.314	-5.684
-6.175	-5.766
-6.134	-5.790
-6.102	-5.828
-6.059	-5.848
-5.862	-5.940
-5.660	-6.022
-5.457	-6.102
-5.246	-6.185
-5.028	-6.248
-4.820	-6.336
-4.706	-6.383
-4.603	-6.453
-4.492	-6.507
-4.374	-6.564
-4.241	-6.533
-4.117	-6.523
POLYLINE RED
-6.620	-4.303
-6.569	-4.168
-6.600	-4.239
-6.522	-4.092
POLYLINE RED
-7.408	-4.935
-7.466	-5.082
POLYLINE RED
-6.706	-4.325
-6.714	-4.286
-6.715	-4.243
-6.736	-4.208
-6.789	-4.119
-6.933	-4.110
-7.021	-4.116
-7.058	-4.119
-7.214	-4.132
-7.283	-4.165
-7.361	-4.202
-7.422	-4.262
-7.507	-4.286
-7.575	-4.303
-7.643	-4.320
-7.711	-4.337
-7.716	-4.342
-7.723	-4.346
-7.727	-4.353
-7.741	-4.383
-7.683	-4.446
-7.676	-4.460
-7.651	-4.511
-7.637	-4.561
-7.631	-4.618
-7.629	-4.640
-7.629	-4.663
-7.631	-4.686
-7.640	-4.748
-7.648	-4.810
-7.657	-4.872
-7.654	-4.878
-7.652	-4.885
-7.646	-4.889
-7.632	-4.899
-7.608	-4.896
-7.593	-4.893
-7.539	-4.881
-7.497	-4.859
-7.456	-4.823
-7.429	-4.799
-7.429	-4.793
-7.399	-4.779
-7.343	-4.753
-7.281	-4.773
-7.225	-4.747
-7.133	-4.704
-7.044	-4.653
-6.952	-4.610
-6.928	-4.598
-6.901	-4.594
-6.876	-4.583
-6.778	-4.541
-6.694	-4.343
-6.668	-4.301
POLYLINE GREEN
-7.032	-5.768
-7.023	-5.753
POLYLINE GREEN
-7.005	-5.767
-7.016	-5.781
-7.026	-5.795
-7.037	-5.807
-7.054	-5.826
-7.052	-5.774
-7.029	-5.778
-7.017	-5.779
-7.035	-5.801
-7.038	-5.812
POLYLINE GREEN
-7.727	-5.682
-7.669	-5.354
-7.728	-5.718
-7.691	-4.957
-7.690	-4.932
-7.670	-4.879
-7.661	-4.853
POLYLINE GREEN
-5.989	-3.524
-5.982	-3.536
POLYLINE GREEN
-6.607	-4.622
-6.607	-4.607
-6.615	-4.581
-6.607	-4.564
-6.603	-4.558
-6.599	-4.551
-6.595	-4.545
POLYLINE GREEN
-7.351	-4.983
-7.279	-4.904
-7.325	-4.950
-7.258	-4.892
-7.250	-4.884
-7.243	-4.875
-7.233	-4.869
-7.205	-4.849
-7.175	-4.831
-7.144	-4.813
-7.130	-4.805
-7.011	-4.757
-6.978	-4.708
-6.952	-4.668
-6.950	-4.559
-6.947	-4.543
-6.931	-4.456
-6.922	-4.510
-6.932	-4.464
POLYLINE GREEN
-7.263	-4.460
-6.900	-4.378
-7.145	-4.425
-6.998	-4.405
-6.985	-4.403
-6.973	-4.399
-6.960	-4.399
-6.948	-4.399
-6.937	-4.401
-6.926	-4.402
POLYLINE GREEN
-7.240	-4.491
-7.244	-4.501
-7.249	-4.510
-7.252	-4.520
-7.281	-4.604
-7.209	-4.429
-7.267	-4.592
-7.283	-4.638
-7.307	-4.682
-7.323	-4.728
-7.354	-4.815
-7.381	-4.903
-7.408	-4.991
-7.412	-5.003
-7.394	-5.001
-7.389	-4.999
-7.376	-4.995
-7.362	-4.992
-7.350	-4.986
-7.341	-4.982
-7.333	-4.975
-7.325	-4.969
POLYLINE GREEN
-7.362	-4.978
-7.347	-4.938
-7.274	-4.693
-7.231	-4.646
-7.229	-4.644
-7.226	-4.641
-7.224	-4.640
-7.194	-4.621
-7.163	-4.606
-7.135	-4.585
-7.090	-4.551
-7.024	-4.485
-6.967	-4.447
-6.960	-4.442
-6.952	-4.438
-6.944	-4.434
POLYLINE GREEN
-7.193	-4.467
-7.217	-4.562
-7.203	-4.491
-7.209	-4.641
-7.210	-4.649
-7.211	-4.657
-7.212	-4.665
POLYLINE GREEN
-7.671	-4.901
-7.633	-4.896
-7.594	-4.903
-7.562	-4.926
-7.553	-4.933
-7.542	-4.939
-7.535	-4.949
-7.444	-5.074
-7.355	-5.199
-7.269	-5.328
-7.226	-5.393
-7.196	-5.467
-7.149	-5.530
-7.101	-5.594
-7.041	-5.649
-6.986	-5.708
-6.927	-5.770
-6.972	-5.714
-6.953	-5.738
POLYLINE GREEN
-7.707	-5.663
-7.726	-5.710
-7.752	-5.756
-7.765	-5.805
-7.784	-5.878
-7.783	-5.955
-7.801	-6.028
-7.819	-6.101
-7.853	-6.169
-7.874	-6.242
-7.894	-6.309
-7.906	-6.379
-7.924	-6.448
-7.929	-6.466
-7.939	-6.483
-7.943	-6.501
-7.952	-6.560
-7.961	-6.618
-7.970	-6.677
-7.971	-6.685
-7.972	-6.693
-7.974	-6.702
-7.976	-6.713
-7.986	-6.737
-7.989	-6.745
POLYLINE GREEN
-7.472	-6.939
-7.495	-6.910
-7.512	-6.894
-7.526	-6.861
-7.552	-6.798
-7.549	-6.725
-7.543	-6.659
-7.539	-6.611
-7.534	-6.562
-7.523	-6.515
-7.487	-6.366
-7.478	-6.435
-7.455	-6.307
-7.449	-6.273
-7.449	-6.238
-7.445	-6.205
-7.444	-6.197
-7.441	-6.190
-7.438	-6.183
-7.404	-6.111
-7.381	-6.051
-7.334	-5.992
-7.320	-5.974
-7.286	-5.953
-7.272	-5.944
-7.261	-5.937
-7.248	-5.933
-7.238	-5.925
-7.212	-5.906
-7.187	-5.885
-7.163	-5.865
-7.151	-5.855
-7.143	-5.842
-7.130	-5.835
-7.119	-5.829
-7.106	-5.830
-7.095	-5.827
POLYLINE BLUE
-7.516	-7.130
-7.528	-7.110
-7.539	-7.088
-7.553	-7.069
-7.561	-7.057
-7.570	-7.046
-7.582	-7.038
-7.667	-6.975
-7.753	-6.914
-7.841	-6.855
-7.856	-6.845
-7.873	-6.837
-7.891	-6.832
-7.981	-6.805
-7.988	-6.806
-8.057	-6.798
POLYLINE BLUE
-10.565	-8.567
-10.499	-8.342
-10.468	-8.110
-10.342	-7.912
-10.241	-7.752
-10.125	-7.601
-10.029	-7.437
-9.967	-7.331
-9.927	-7.214
-9.870	-7.105
-9.845	-7.058
-9.783	-7.002
-9.742	-6.972
-9.581	-6.854
-9.360	-6.633
-9.124	-6.604
-9.013	-6.591
-8.925	-6.607
-8.814	-6.640
-8.673	-6.681
-8.537	-6.735
-8.398	-6.780
-8.321	-6.805
-8.244	-6.827
-8.166	-6.851
POLYLINE BLUE
-7.460	-7.068
-7.400	-7.175
-7.340	-7.282
-7.280	-7.389
-7.221	-7.480
-7.148	-7.563
-7.104	-7.662
-6.964	-7.976
-6.908	-8.331
-6.910	-8.672
-6.912	-9.060
-6.947	-9.447
-6.976	-9.834
-6.981	-9.903
-7.029	-10.032
-7.065	-10.088
-7.168	-10.249
-7.316	-10.489
-7.484	-10.621
-7.592	-10.706
-7.715	-10.772
-7.823	-10.857
-7.916	-10.930
-8.009	-11.045
-8.067	-11.148
-8.085	-11.180
-8.092	-11.216
-8.105	-11.250
POLYLINE BLUE
-8.561	-8.668
-8.714	-8.691
-8.867	-8.732
-8.939	-8.883
-9.029	-9.072
-8.920	-9.306
-8.869	-9.481
-8.861	-9.508
-8.829	-9.530
-8.804	-9.535
-8.794	-9.537
-8.784	-9.538
-8.774	-9.537
-8.668	-9.527
-8.561	-9.520
-8.456	-9.503
-8.423	-9.498
-8.434	-9.467
-8.443	-9.451
-8.454	-9.433
-8.471	-9.419
-8.482	-9.401
-8.509	-9.359
-8.483	-9.320
-8.452	-9.291
-8.385	-9.230
-8.212	-9.133
-8.234	-9.003
-8.239	-8.974
-8.249	-8.945
-8.253	-8.915
-8.265	-8.821
-8.187	-8.776
-8.177	-8.698
-8.166	-8.610
-8.282	-8.561
-8.351	-8.551
-8.407	-8.543
-8.461	-8.554
-8.516	-8.560
POLYLINE BLUE
-9.511	-9.256
-9.695	-9.308
-9.881	-9.354
-10.063	-9.411
-10.073	-9.414
-10.045	-9.417
-10.035	-9.419
-9.958	-9.408
-9.879	-9.401
-9.802	-9.384
-9.709	-9.364
-9.619	-9.329
-9.526	-9.306
-9.430	-9.283
-9.368	-9.307
-9.322	-9.392
-9.283	-9.464
-9.246	-9.536
-9.208	-9.608
-9.169	-9.682
-9.110	-9.775
-9.132	-9.865
-9.154	-9.960
-9.285	-9.997
-9.342	-10.079
-9.371	-10.121
-9.396	-10.165
-9.418	-10.210
-9.436	-10.248
-9.448	-10.289
-9.462	-10.329
-9.471	-10.356
-9.474	-10.386
-9.487	-10.411
-9.492	-10.420
-9.501	-10.427
-9.511	-10.429
-9.568	-10.441
-9.627	-10.318
-9.720	-10.381
-9.799	-10.434
-9.872	-10.495
-9.953	-10.547
-9.961	-10.553
-9.973	-10.553
-9.983	-10.551
-10.004	-10.547
-10.023	-10.522
-10.028	-10.503
-10.058	-10.394
-10.089	-10.285
-10.110	-10.174
-10.134	-10.045
-10.115	-9.914
-10.073	-9.793
-10.061	-9.757
-10.045	-9.724
-10.034	-9.688
-10.024	-9.651
-10.026	-9.611
-10.011	-9.577
-9.989	-9.528
-9.953	-9.486
-9.924	-9.441
POLYLINE BLUE
-9.986	-9.751
-9.889	-9.775
-9.823	-9.804
-9.730	-9.800
-9.708	-9.796
-9.685	-9.793
-9.663	-9.790
-9.652	-9.788
-9.641	-9.784
-9.629	-9.783
-9.608	-9.782
-9.589	-9.785
-9.572	-9.798
-9.555	-9.811
-9.544	-9.833
-9.539	-9.854
-9.511	-9.960
-9.477	-10.066
-9.459	-10.175
-9.445	-10.266
-9.449	-10.359
-9.444	-10.451
POLYLINE BLUE
-9.555	-9.728
-9.531	-9.626
-9.506	-9.524
-9.481	-9.421
-9.477	-9.403
-9.475	-9.400
-9.480	-9.410
POLYLINE BLUE
-8.194	-9.336
-8.171	-9.350
-7.839	-9.184
-7.791	-9.283
-7.764	-9.337
-7.838	-9.534
-7.838	-9.535
-7.855	-9.652
-7.879	-10.300
-8.036	-10.371
-8.056	-10.380
-8.075	-10.379
-8.097	-10.375
-8.214	-10.357
-8.331	-10.331
-8.449	-10.318
-8.533	-10.309
-8.618	-10.316
-8.703	-10.310
-8.811	-10.301
-8.898	-10.188
-8.875	-10.081
-8.859	-10.002
-8.835	-9.924
-8.813	-9.847
-8.803	-9.811
-8.778	-9.779
-8.790	-9.741
-8.801	-9.710
-8.835	-9.690
-8.865	-9.681
-8.953	-9.653
-9.048	-9.643
-9.131	-9.603
-9.149	-9.594
-9.141	-9.564
-9.147	-9.545
POLYLINE BLUE
-8.763	-9.800
-8.716	-9.775
-8.656	-9.732
-8.596	-9.724
-8.536	-9.716
-8.485	-9.737
-8.426	-9.739
-8.335	-9.742
-8.253	-9.709
-8.174	-9.663
-8.107	-9.624
-7.913	-9.432
-7.918	-9.356
-7.920	-9.329
-7.971	-9.367
-7.998	-9.372
POLYLINE BLUE
-8.318	-10.095
-8.314	-10.045
-8.325	-9.991
-8.305	-9.945
-8.299	-9.928
-8.282	-9.971
-8.271	-9.984
-8.226	-10.070
-8.189	-10.160
-8.137	-10.241
-8.093	-10.310
-8.036	-10.370
-7.985	-10.434
POLYLINE BLUE
-9.265	-8.611
-9.218	-8.511
-9.179	-8.420
-9.187	-8.309
-9.202	-8.106
-9.399	-8.279
-9.473	-8.339
-9.571	-8.418
-9.658	-8.509
-9.755	-8.589
-9.772	-8.603
-9.798	-8.605
-9.814	-8.588
-9.834	-8.565
-9.845	-8.428
-9.883	-8.520
-9.910	-8.583
-9.919	-8.691
-9.915	-8.756
-9.911	-8.822
-9.922	-9.108
-9.814	-9.194
-9.716	-9.274
-9.566	-9.204
-9.500	-9.117
-9.461	-9.064
-9.450	-9.010
-9.427	-8.946
POLYLINE BLUE
-9.244	-8.331
-9.170	-8.454
-8.925	-8.681
-9.042	-8.862
-9.091	-8.938
-9.146	-9.011
-9.195	-9.087
-9.200	-9.095
-9.200	-9.105
-9.202	-9.114
-9.212	-9.184
-9.161	-9.242
-9.136	-9.302
-9.102	-9.381
-9.109	-9.461
-9.111	-9.545
POLYLINE BLUE
-9.315	-10.928
-9.479	-11.181
-9.464	-11.130
-9.579	-11.440
-9.600	-11.497
-9.569	-11.608
-9.629	-11.615
-9.687	-11.621
-9.620	-11.500
-9.608	-11.443
-9.565	-11.245
-9.508	-11.050
-9.465	-10.851
-9.456	-10.810
-9.458	-10.766
-9.452	-10.724
-9.439	-10.631
-9.315	-10.593
-9.240	-10.582
-9.116	-10.564
-9.005	-10.613
-8.884	-10.630
-8.809	-10.640
-8.732	-10.637
-8.657	-10.647
-8.557	-10.661
-8.439	-10.709
-8.375	-10.792
-8.317	-10.869
-8.380	-10.993
-8.415	-11.058
-8.509	-11.230
-8.558	-11.279
-8.694	-11.418
-8.729	-11.454
-8.770	-11.485
-8.804	-11.522
-8.866	-11.590
-8.881	-11.679
-8.943	-11.734
-8.997	-11.781
-9.080	-11.786
-9.143	-11.808
-9.188	-11.825
-9.239	-11.870
-9.294	-11.864
-9.352	-11.857
-9.384	-11.797
-9.423	-11.763
-9.466	-11.726
-9.611	-11.668
-9.663	-11.642
POLYLINE BLUE
-9.332	-11.320
-9.179	-11.668
-9.269	-11.442
-9.150	-11.318
-9.090	-11.254
-9.006	-11.218
-8.924	-11.194
-8.823	-11.164
-8.719	-11.142
-8.619	-11.109
-8.586	-11.099
-8.355	-10.967
-8.453	-10.921
-8.467	-10.914
-8.484	-10.914
-8.499	-10.910
-8.558	-10.898
-8.618	-10.892
-8.675	-10.873
-8.963	-10.777
-8.905	-10.814
-9.045	-10.679
POLYLINE BLUE
-8.660	-6.827
-8.685	-7.132
-8.715	-7.436
-8.737	-7.740
-8.743	-7.832
-8.636	-7.891
-8.559	-7.895
-8.502	-7.898
-8.479	-7.881
-8.413	-7.872
-8.356	-7.864
-8.293	-7.878
-8.242	-7.904
-8.198	-7.926
-8.161	-7.957
-8.138	-8.001
-8.115	-8.044
-8.109	-8.091
-8.057	-8.103
-7.937	-8.131
-7.820	-7.989
-7.744	-7.931
-7.717	-7.910
-7.687	-7.896
-7.658	-7.880
-7.546	-7.814
-7.432	-7.750
-7.386	-7.620
-7.314	-7.418
-7.521	-7.505
-7.591	-7.380
-7.626	-7.318
-7.656	-7.254
-7.687	-7.190
-7.716	-7.132
-7.715	-7.110
-7.756	-7.066
-7.836	-6.979
-7.949	-6.940
-8.059	-6.908
-8.163	-6.877
-8.266	-6.846
-8.372	-6.821
-8.385	-6.818
-8.492	-6.810
-8.516	-6.824
-8.587	-6.864
-8.650	-6.918
-8.717	-6.964
POLYLINE BLUE
-7.597	-9.610
-7.585	-9.682
-7.577	-9.755
-7.561	-9.826
-7.537	-9.933
-7.457	-10.005
-7.400	-10.093
-7.300	-10.247
-7.352	-10.386
-7.460	-10.527
-7.460	-10.527
-7.629	-10.822
-7.753	-10.776
-7.817	-10.753
-7.866	-10.678
-7.874	-10.611
-7.879	-10.565
-7.865	-10.511
-7.887	-10.467
-7.902	-10.438
-7.927	-10.425
-7.957	-10.415
-8.094	-10.371
-7.764	-10.518
-8.194	-10.306
POLYLINE BLUE
-7.831	-9.950
-7.696	-10.226
POLYLINE BLUE
-8.095	-11.337
-8.192	-11.508
-8.140	-11.409
-8.242	-11.638
POLYLINE BLUE
-8.082	-11.290
-8.858	-13.630
-8.099	-11.212
-8.755	-13.749
-8.800	-13.924
-8.882	-14.087
-8.934	-14.260
-9.004	-14.490
-9.020	-14.734
-9.153	-14.942
-9.361	-15.269
-9.578	-15.590
-9.809	-15.902
-9.860	-15.970
-9.927	-16.024
-9.994	-16.076
-10.070	-16.135
-10.251	-16.282
-10.391	-16.321
-10.419	-16.329
-10.448	-16.335
-10.477	-16.336
-10.732	-16.350
-10.988	-16.365
-11.244	-16.366
-11.310	-16.366
-11.377	-16.360
-11.440	-16.342
-11.613	-16.293
-11.775	-16.211
-11.949	-16.167
-12.074	-16.136
-12.204	-16.134
-12.332	-16.119
-12.354	-16.116
-12.378	-16.123
-12.398	-16.115
-12.427	-16.103
-12.449	-16.079
-12.475	-16.061
POLYLINE BLUE
-12.633	-16.185
-12.729	-16.121
-12.814	-16.049
-12.927	-16.017
-13.479	-15.859
-13.231	-15.982
-13.451	-15.867
POLYLINE BLUE
-12.435	-13.318
-12.420	-13.270
-12.409	-13.220
-12.390	-13.173
-12.377	-13.142
-12.362	-13.112
-12.342	-13.087
-12.179	-12.882
-11.984	-12.701
-11.840	-12.482
-11.719	-12.296
-11.647	-12.082
-11.552	-11.881
-11.499	-11.768
-11.493	-11.718
-11.426	-11.629
-11.409	-11.606
-11.391	-11.583
-11.369	-11.566
-11.191	-11.429
-11.004	-11.305
-10.828	-11.165
-10.792	-11.137
-10.762	-11.101
-10.734	-11.064
-10.552	-10.825
-10.573	-10.519
-10.548	-10.234
POLYLINE BLUE
-10.572	-8.411
-10.598	-8.508
-10.640	-8.602
-10.651	-8.702
-10.675	-8.906
-10.695	-9.113
-10.675	-9.317
-10.610	-9.977
-10.428	-9.859
-10.580	-10.314
POLYLINE BLUE
-10.698	-12.131
-10.740	-12.113
-10.801	-12.076
-10.855	-12.074
-10.904	-12.073
-10.951	-12.082
-10.997	-12.100
-11.043	-12.117
-11.088	-12.139
-11.132	-12.163
-11.277	-12.242
-11.186	-12.283
-11.131	-12.373
-11.102	-12.420
-11.076	-12.470
-11.055	-12.521
-11.007	-12.633
-10.999	-12.752
-11.017	-12.870
-11.033	-12.972
-11.064	-13.072
-11.078	-13.174
-11.116	-13.457
-10.987	-13.886
-10.939	-14.083
-10.936	-14.094
-10.916	-14.074
-10.910	-14.065
-10.892	-14.038
-10.884	-14.004
-10.867	-13.976
-10.849	-13.948
-10.829	-13.921
-10.806	-13.897
-10.774	-13.864
-10.739	-13.833
-10.702	-13.805
-10.676	-13.785
-10.646	-13.768
-10.616	-13.753
-10.576	-13.734
-10.509	-13.725
-10.473	-13.686
-10.409	-13.619
-10.474	-13.522
-10.421	-13.438
-10.413	-13.426
-10.404	-13.414
-10.393	-13.405
-10.325	-13.350
-10.251	-13.302
-10.183	-13.247
-10.103	-13.182
-10.064	-12.992
-10.061	-12.895
-10.057	-12.780
-10.126	-12.701
-10.229	-12.655
-10.308	-12.619
-10.393	-12.624
-10.439	-12.541
-10.447	-12.527
-10.454	-12.512
-10.458	-12.497
-10.475	-12.425
-10.483	-12.363
-10.475	-12.289
-10.469	-12.227
-10.441	-12.164
-10.449	-12.100
-10.464	-11.995
-10.589	-11.893
-10.693	-11.953
-10.702	-11.958
-10.709	-11.965
-10.716	-11.971
-10.750	-12.000
-10.783	-12.029
-10.816	-12.058
POLYLINE BLUE
-10.896	-14.195
-10.917	-14.434
-10.942	-14.673
-10.959	-14.913
-10.961	-14.948
-10.936	-14.977
-10.901	-14.976
-10.826	-14.974
-10.745	-14.918
-10.691	-14.870
-10.657	-14.840
-10.628	-14.787
-10.580	-14.773
-10.511	-14.752
-10.461	-14.822
-10.400	-14.839
-10.351	-14.852
-10.298	-14.847
-10.251	-14.830
-10.105	-14.780
-10.039	-14.653
-9.994	-14.513
-9.943	-14.356
-9.968	-14.330
-9.895	-14.209
-9.849	-14.140
-9.804	-14.071
-9.758	-14.002
-9.763	-13.995
-9.765	-13.982
-9.774	-13.979
-9.791	-13.974
-9.810	-13.981
-9.828	-13.981
-10.107	-13.974
-10.385	-13.965
-10.664	-13.957
POLYLINE BLUE
-9.969	-12.884
-9.821	-12.820
-9.670	-12.764
-9.526	-12.692
-9.384	-12.621
-9.325	-12.555
-9.217	-12.447
-9.183	-12.414
-9.180	-12.399
-9.145	-12.379
-9.041	-12.318
-8.906	-12.435
-8.903	-12.543
-8.900	-12.637
-8.908	-12.691
-8.936	-12.782
-8.985	-12.938
-9.160	-12.986
-9.228	-13.129
-9.275	-13.227
-9.227	-13.323
-9.217	-13.425
-9.204	-13.551
-9.228	-13.673
-9.333	-13.752
-9.440	-13.833
-9.517	-13.756
-9.624	-13.725
-9.656	-13.715
-9.689	-13.709
-9.722	-13.706
-9.821	-13.698
-9.873	-13.713
-9.973	-13.736
-9.992	-13.740
-10.010	-13.755
-10.030	-13.753
-10.118	-13.740
-10.204	-13.712
-10.291	-13.691
POLYLINE BLUE
-10.622	-11.887
-10.603	-11.679
-10.589	-11.470
-10.566	-11.262
-10.564	-11.244
-10.546	-11.155
-10.522	-11.128
-10.486	-11.089
-10.449	-11.152
-10.433	-11.174
-10.372	-11.265
-10.314	-11.358
-10.251	-11.447
-10.242	-11.462
-10.215	-11.481
-10.199	-11.488
-10.107	-11.530
-10.018	-11.409
-9.977	-11.345
-9.965	-11.326
-9.958	-11.303
-9.943	-11.286
-9.938	-11.281
-9.928	-11.277
-9.921	-11.280
-9.898	-11.288
-9.882	-11.345
-9.878	-11.356
-9.859	-11.410
-9.846	-11.465
-9.825	-11.517
-9.784	-11.620
-9.681	-11.677
-9.656	-11.787
-9.601	-12.020
-9.745	-12.407
-9.794	-12.593
POLYLINE BLUE
-9.806	-11.497
-9.927	-11.632
-10.279	-11.943
-10.196	-12.183
-10.165	-12.274
-10.144	-12.308
-10.088	-12.385
-10.072	-12.407
-10.051	-12.426
-10.036	-12.449
-9.987	-12.524
-9.943	-12.602
-9.897	-12.679
POLYLINE BLUE
-10.319	-12.587
-10.434	-12.687
-10.549	-12.790
-10.666	-12.889
-10.742	-12.952
-10.830	-12.848
-10.895	-12.904
-10.988	-12.985
-11.012	-13.310
-11.027	-13.419
POLYLINE BLUE
-10.559	-14.008
-10.741	-14.205
-10.779	-14.276
-10.639	-14.510
-10.614	-14.552
-10.587	-14.592
-10.563	-14.634
-10.550	-14.657
-10.549	-14.689
-10.528	-14.707
-10.507	-14.725
-10.476	-14.724
-10.449	-14.733
POLYLINE BLUE
-9.756	-12.878
-9.747	-13.169
-9.744	-12.921
-9.805	-13.340
-9.807	-13.356
-9.797	-13.385
-9.788	-13.399
-9.772	-13.424
-9.741	-13.439
-9.712	-13.441
-9.560	-13.455
-9.506	-13.409
-9.393	-13.316
POLYLINE BLUE
-10.755	-7.964
-10.805	-8.032
-10.849	-8.073
-10.872	-8.150
-10.934	-8.361
-10.851	-8.594
-10.698	-8.746
-10.589	-8.853
-10.411	-8.899
-10.262	-8.901
-9.818	-8.908
-9.880	-8.360
-10.077	-8.108
-10.130	-8.041
-10.204	-7.988
-10.284	-7.958
-10.472	-7.889
-10.706	-7.961
-10.818	-8.127
-10.880	-8.220
-10.894	-8.287
-10.919	-8.406
-10.942	-8.510
-10.956	-8.652
-10.894	-8.749
-10.831	-8.848
-10.687	-8.886
-10.584	-8.910
-10.463	-8.939
-10.327	-8.934
-10.220	-8.866
-10.109	-8.796
-9.997	-8.687
-9.966	-8.554
-9.907	-8.298
-10.119	-8.075
-10.333	-7.978
-10.422	-7.937
-10.534	-7.881
-10.633	-7.924
-10.789	-7.992
-10.874	-8.202
-10.868	-8.362
-10.865	-8.444
-10.883	-8.652
-10.801	-8.748
-10.758	-8.798
-10.675	-8.843
-10.612	-8.853
-10.483	-8.874
-10.229	-8.931
-10.070	-8.869
-10.012	-8.846
-9.961	-8.809
-9.929	-8.755
-9.877	-8.670
-9.898	-8.583
-9.963	-8.511
-10.086	-8.376
-10.201	-8.250
-10.387	-8.221
-10.539	-8.197
-10.649	-8.275
-10.774	-8.349

ELEVATION
STATIONS
0.000	0.000	0
-2.011	-1.981	1
-3.828	-6.415	2
-4.146	-10.904	3
-6.932	-12.246	4
-8.009	-12.918	5
-10.434	-16.700	6
-9.183	-21.482	7
-13.528	-23.118	8
-16.915	-24.234	9
-18.394	-28.985	10
-15.042	-19.254	8.1
SHOTS
0.000	0.000	-2.011	-1.981
-2.011	-1.981	-1.831	-1.754
-2.011	-1.981	-1.330	-1.672
-2.011	-1.981	-2.903	-1.994
-2.011	-1.981	-3.540	-2.141
-2.011	-1.981	-3.560	-2.436
-2.011	-1.981	-2.797	-2.137
-2.011	-1.981	-4.286	-3.192
-2.011	-1.981	-3.203	-2.995
-2.011	-1.981	-2.400	-0.659
-2.011	-1.981	-1.391	-2.377
-2.011	-1.981	-3.877	-6.508
-2.011	-1.981	-3.828	-6.415
-3.828	-6.415	-2.909	-6.415
-3.828	-6.415	-3.366	-6.402
-3.828	-6.415	-2.062	-6.419
-3.828	-6.415	-2.074	-6.470
-3.828	-6.415	-4.473	-6.555
-3.828	-6.415	-4.847	-7.196
-3.828	-6.415	-4.804	-6.893
-3.828	-6.415	-5.400	-6.970
-3.828	-6.415	-5.499	-6.880
-3.828	-6.415	-4.146	-10.904
-4.146	-10.904	-5.369	-11.048
-4.146	-10.904	-6.257	-11.044
-4.146	-10.904	-7.609	-11.249
-4.146	-10.904	-7.424	-11.413
-4.146	-10.904	-5.882	-11.260
-4.146	-10.904	-4.929	-11.083
-4.146	-10.904	-4.376	-11.006
-4.146	-10.904	-3.986	-10.882
-4.146	-10.904	-3.162	-10.797
-4.146	-10.904	-2.451	-10.855
-4.146	-10.904	-2.731	-10.865
-4.146	-10.904	-5.630	-17.395
-4.146	-10.904	-7.261	-16.363
-4.146	-10.904	-6.676	-15.746
-4.146	-10.904	-5.020	-16.754
-4.146	-10.904	-3.525	-16.458
-4.146	-10.904	-3.220	-16.801
-4.146	-10.904	-6.562	-13.668
-4.146	-10.904	-7.433	-14.452
-4.146	-10.904	-6.932	-12.246
-6.932	-12.246	-7.062	-12.686
-6.932	-12.246	-7.749	-12.601
-6.932	-12.246	-7.480	-12.158
-6.932	-12.246	-7.532	-12.191
-6.932	-12.246	-7.081	-13.388
-6.932	-12.246	-6.557	-13.632
-6.932	-12.246	-7.364	-13.606
-6.932	-12.246	-7.339	-13.712
-6.932	-12.246	-7.352	-13.671
-6.932	-12.246	-7.073	-13.364
-6.932	-12.246	-8.047	-13.354
-6.932	-12.246	-7.035	-12.311
-6.932	-12.246	-7.038	-12.314
-6.932	-12.246	-7.036	-12.313
-6.932	-12.246	-7.035	-12.312
-6.932	-12.246	-7.032	-12.310
-6.932	-12.246	-8.009	-12.918
-8.009	-12.918	-7.489	-12.923
-8.009	-12.918	-7.792	-13.748
-8.009	-12.918	-8.042	-13.750
-8.009	-12.918	-10.434	-16.700
-10.434	-16.700	-9.263	-16.440
-10.434	-16.700	-7.974	-16.296
-10.434	-16.700	-7.442	-16.559
-10.434	-16.700	-6.871	-16.810
-10.434	-16.700	-8.019	-17.328
-10.434	-16.700	-9.772	-17.410
-10.434	-16.700	-10.173	-17.585
-10.434	-16.700	-10.201	-7.428
-10.434	-16.700	-10.105	-13.470
-10.434	-16.700	-9.303	-18.672
-10.434	-16.700	-9.183	-21.482
-9.183	-21.482	-10.536	-21.915
-9.183	-21.482	-13.115	-22.444
-9.183	-21.482	-14.829	-22.681
-9.183	-21.482	-13.679	-22.440
-9.183	-21.482	-11.925	-21.961
-9.183	-21.482	-11.008	-21.587
-9.183	-21.482	-8.918	-21.609
-9.183	-21.482	-13.538	-22.482
-9.183	-21.482	-12.742	-22.079
-9.183	-21.482	-13.534	-22.464
-9.183	-21.482	-13.528	-23.118
-13.528	-23.118	-16.915	-24.234
-16.915	-24.234	-18.410	-28.951
-16.915	-24.234	-18.381	-28.896
-16.915	-24.234	-18.367	-28.883
-16.915	-24.234	-18.394	-28.985
-13.528	-23.118	-15.042	-19.254

