TRIP
DATE 2025-08-12
DECLINATION 0.0
DATA
0		44.90	-33.39	3.210	>
0		45.93	-36.34	3.013	>
0		45.97	-36.44	3.014	>
0		46.21	-36.58	3.023	>
0		7.81	-8.79	2.051	>
0		335.54	-1.58	1.835	>
0		274.47	2.16	0.707	>
0		336.93	-85.07	1.132	>
0		333.03	66.57	5.877	>
0		312.06	53.45	5.515	>
0		332.92	66.44	5.873	>
0		332.95	66.42	5.873	>
0		332.68	66.41	5.872	>
0	1	46.04	-36.46	3.017	>
0	0.1	332.85	66.42	5.873	>
0.1		286.39	48.64	3.959	>
0.1		228.15	-3.12	0.797	>
0.1		9.04	4.91	1.393	>
0.1		285.86	48.28	4.225	>
0.1		285.89	48.21	4.194	>
0.1		285.70	48.33	4.242	>
0.1	0.2	285.82	48.27	4.220	>
0.2		22.15	14.26	1.859	>
0.2		189.32	14.93	1.744	>
0.2		296.27	61.89	3.144	>
0.2		296.34	61.79	3.180	>
0.2		327.11	0.52	0.608	>
0.2		326.73	0.79	0.602	>
0.2		326.76	0.74	0.605	>
0.2		18.40	11.23	5.508	>
0.2		18.19	11.00	5.472	>
0.2		18.19	11.02	5.479	>
0.2	0.3	296.25	61.85	3.138	>
0.3		331.98	0.35	0.709	>
0.3		331.81	0.35	0.704	>
0.3		19.09	11.14	5.350	>
0.3		18.93	11.05	5.354	>
0.3		19.08	11.10	5.302	>
0.3	0.4	331.56	0.35	0.697	>
0.4		18.76	11.23	5.357	>
0.4		18.96	11.22	5.345	>
0.4		18.93	11.20	5.346	>
0.4	0.5	18.89	11.21	5.349	>
0.5		359.54	5.78	1.235	>
0.5		210.35	-14.99	2.401	>
0.5		178.48	-78.95	1.482	>
0.5		289.88	-5.40	1.866	>
0.5		274.42	56.13	7.946	>
0.5		274.60	56.34	7.974	>
0.5		274.66	56.27	7.969	>
0.5	0.6	274.56	56.25	7.963	>
0.6		347.84	-4.52	1.139	>
0.6		279.32	1.94	1.089	>
0.6		280.32	54.09	1.041	>
0.6		112.47	52.98	1.484	>
0.6		112.80	53.19	1.471	>
0.6		112.86	53.31	1.474	>
0.6	0.7	112.71	53.16	1.476	>

PLAN
STATIONS
0.000	0.000	0
1.746	1.684	1
-1.072	2.090	0.1
-3.775	2.856	0.2
-5.102	3.510	0.3
-5.434	4.123	0.4
-3.736	9.088	0.5
-8.146	9.440	0.6
-7.330	9.098	0.7
SHOTS
0.000	0.000	1.892	1.899
0.000	0.000	0.275	2.008
0.000	0.000	-0.759	1.670
0.000	0.000	-0.704	0.055
0.000	0.000	-0.038	0.089
0.000	0.000	-1.060	2.083
0.000	0.000	-2.438	2.200
0.000	0.000	1.746	1.684
0.000	0.000	-1.072	2.090
-1.072	2.090	-3.582	2.828
-1.072	2.090	-1.665	1.559
-1.072	2.090	-0.854	3.461
-1.072	2.090	-3.775	2.856
-3.775	2.856	-3.095	4.525
-3.775	2.856	-4.047	1.193
-3.775	2.856	-5.103	3.511
-3.775	2.856	-5.122	3.523
-3.775	2.856	-5.102	3.510
-5.102	3.510	-5.435	4.136
-5.102	3.510	-5.435	4.131
-5.102	3.510	-5.434	4.123
-5.434	4.123	-3.736	9.088
-3.736	9.088	-3.746	10.317
-3.736	9.088	-4.908	7.087
-3.736	9.088	-3.728	8.804
-3.736	9.088	-5.483	9.720
-3.736	9.088	-8.146	9.440
-8.146	9.440	-8.385	10.550
-8.146	9.440	-9.220	9.616
-8.146	9.440	-8.747	9.549
-8.146	9.440	-7.330	9.098
POLYLINE BLACK
1.924	1.147
2.069	1.231
2.135	1.330
2.188	1.489
2.199	1.523
2.203	1.559
2.211	1.593
2.330	2.103
2.289	1.861
2.342	2.247
POLYLINE BLACK
1.056	2.040
1.142	2.055
1.229	2.067
1.315	2.084
1.330	2.087
1.356	2.104
1.367	2.114
1.438	2.178
1.426	2.265
1.379	2.339
1.340	2.399
1.276	2.433
1.238	2.495
1.200	2.558
1.167	2.625
1.127	2.686
1.086	2.748
0.966	2.848
0.922	2.874
0.893	2.891
0.857	2.889
0.824	2.896
POLYLINE BLACK
2.269	2.174
2.259	2.222
2.254	2.272
2.241	2.319
2.199	2.465
2.072	2.643
1.944	2.716
1.889	2.747
1.847	2.749
1.780	2.764
POLYLINE BLACK
0.439	3.229
0.362	3.429
0.414	3.396
0.267	3.480
POLYLINE BLACK
-0.059	4.026
-0.299	4.164
POLYLINE BLACK
1.784	2.846
1.700	2.964
1.616	3.034
1.497	3.104
POLYLINE BLACK
1.169	3.651
0.925	3.937
1.044	3.818
0.824	4.018
POLYLINE BLACK
0.701	4.424
0.507	4.604
0.603	4.532
0.420	4.650
POLYLINE BLACK
-0.692	5.169
-0.558	5.006
-0.424	4.843
-0.290	4.679
-0.239	4.628
-0.182	4.582
-0.136	4.526
-0.039	4.408
0.047	4.282
0.139	4.160
POLYLINE BLACK
-0.786	5.230
-0.788	5.139
-0.786	5.048
-0.794	4.957
-0.798	4.908
-0.799	5.056
-0.796	5.105
-0.794	5.134
-0.788	5.163
-0.779	5.192
-0.738	5.331
-0.688	5.402
-0.537	5.341
-0.506	5.329
-0.432	5.291
-0.413	5.263
-0.374	5.206
-0.347	5.142
-0.314	5.081
POLYLINE BLACK
0.157	5.967
0.114	6.002
POLYLINE BLACK
0.091	5.909
0.103	5.946
0.107	5.987
0.131	6.018
0.154	6.047
0.188	6.065
0.223	6.076
0.296	6.099
0.362	6.080
0.408	6.018
0.436	5.981
0.441	5.931
0.434	5.887
0.404	5.717
0.178	5.606
0.197	5.461
0.213	5.344
0.351	5.307
0.438	5.265
POLYLINE BLACK
0.751	5.710
0.686	5.674
0.593	5.637
0.570	5.555
0.548	5.478
0.558	5.327
0.640	5.284
0.671	5.268
0.708	5.267
0.742	5.272
0.826	5.285
0.899	5.313
0.954	5.380
0.976	5.407
0.996	5.441
1.006	5.475
1.042	5.600
1.025	5.815
0.874	5.860
0.851	5.866
0.827	5.880
0.803	5.875
0.736	5.859
0.676	5.824
0.612	5.799
POLYLINE BLACK
1.328	5.292
1.430	5.446
1.532	5.599
1.634	5.753
1.642	5.758
1.649	5.769
1.659	5.769
1.678	5.770
1.682	5.727
1.682	5.722
1.684	5.686
1.684	5.650
1.683	5.614
1.683	5.605
1.653	5.505
1.699	5.497
1.719	5.493
1.746	5.505
1.762	5.513
1.822	5.541
1.880	5.574
1.942	5.601
1.964	5.610
1.968	5.558
1.967	5.552
1.948	5.423
1.925	5.296
1.903	5.167
POLYLINE BLACK
2.487	5.060
2.571	5.215
2.650	5.373
2.739	5.525
2.745	5.535
2.741	5.502
2.739	5.491
2.726	5.401
2.708	5.312
2.696	5.222
2.686	5.148
2.727	5.065
2.794	5.034
2.849	5.008
2.911	5.024
2.964	5.045
3.004	5.061
3.043	5.089
3.067	5.127
3.128	5.225
3.160	5.323
3.170	5.438
3.172	5.468
3.172	5.503
3.162	5.532
3.129	5.632
2.995	5.667
2.902	5.653
2.799	5.638
2.671	5.544
2.609	5.465
2.572	5.418
2.540	5.367
2.505	5.317
POLYLINE BLACK
3.439	5.463
3.396	5.453
3.354	5.446
3.312	5.433
3.197	5.399
3.161	5.211
3.144	5.125
3.130	5.050
3.103	4.923
3.154	4.845
3.244	4.710
3.385	4.654
3.532	4.736
3.590	4.768
3.641	4.815
3.672	4.874
3.727	4.977
3.739	5.191
3.618	5.258
3.529	5.308
3.399	5.282
3.313	5.239
3.253	5.208
3.235	5.162
3.189	5.103
POLYLINE BLACK
4.338	4.265
4.438	4.346
4.436	4.496
4.521	4.587
4.565	4.635
4.628	4.630
4.687	4.647
4.733	4.660
4.769	4.680
4.807	4.708
4.880	4.763
4.815	4.873
4.748	4.896
4.690	4.917
4.625	4.894
4.568	4.883
POLYLINE BLACK
4.721	4.145
4.772	4.266
4.825	4.387
4.875	4.509
4.884	4.532
4.887	4.581
4.912	4.602
4.942	4.628
5.012	4.613
5.019	4.571
5.027	4.521
4.956	4.441
4.938	4.406
4.915	4.361
4.868	4.215
4.937	4.182
4.964	4.168
5.007	4.179
5.034	4.175
5.057	4.172
5.080	4.166
5.103	4.159
5.170	4.138
5.229	4.101
5.300	4.113
5.339	4.119
5.389	4.146
5.417	4.162
5.482	4.199
5.508	4.245
5.507	4.319
5.506	4.354
5.496	4.393
5.469	4.416
5.418	4.461
5.343	4.463
5.282	4.476
POLYLINE BLACK
5.354	4.426
5.399	4.406
5.445	4.389
5.489	4.367
5.629	4.297
5.546	4.106
5.524	4.000
5.512	3.937
5.533	3.827
5.609	3.813
5.639	3.808
5.694	3.821
5.711	3.824
POLYLINE BLACK
5.976	4.965
5.905	4.908
POLYLINE BLACK
5.907	3.510
5.959	3.730
6.013	3.950
6.061	4.171
6.068	4.199
6.041	4.117
6.033	4.089
6.018	4.034
6.032	3.897
6.121	3.940
6.196	3.977
6.268	4.105
6.301	4.148
POLYLINE BLACK
6.077	4.099
6.129	3.399
POLYLINE BLACK
6.205	3.388
6.410	3.681
6.446	3.791
6.657	3.981
6.663	3.987
6.671	3.989
6.679	3.989
6.738	3.993
6.745	3.855
6.728	3.821
6.653	3.672
6.572	3.526
6.494	3.379
POLYLINE BLACK
6.350	3.636
6.539	3.492
6.449	3.572
6.618	3.394
POLYLINE BLACK
2.731	4.275
2.693	4.273
2.655	4.272
2.617	4.267
2.587	4.264
2.558	4.246
2.539	4.223
2.495	4.171
2.515	4.114
2.542	4.059
2.574	3.996
2.610	3.935
2.637	3.870
2.658	3.820
2.718	3.660
2.682	3.592
2.666	3.561
2.633	3.546
2.600	3.539
2.503	3.519
2.427	3.571
2.389	3.661
2.352	3.748
2.368	3.860
2.368	3.946
POLYLINE BLACK
2.480	4.246
2.555	4.235
2.632	4.228
2.707	4.213
2.739	4.207
2.772	4.199
2.800	4.182
2.995	4.057
3.180	3.920
3.370	3.789
POLYLINE BLACK
3.238	3.161
3.452	3.332
3.664	3.506
3.880	3.674
4.020	3.784
4.026	3.606
4.009	3.505
4.005	3.483
3.997	3.461
3.992	3.439
3.988	3.424
3.980	3.410
3.981	3.395
3.981	3.389
3.990	3.386
3.995	3.387
4.007	3.389
4.018	3.397
4.028	3.404
4.121	3.467
4.187	3.535
4.287	3.574
4.399	3.619
4.398	3.406
4.385	3.356
4.320	3.085
4.316	3.123
4.170	2.863
POLYLINE BLACK
3.609	2.716
3.574	2.733
3.540	2.753
3.503	2.768
3.355	2.825
3.185	2.764
3.059	2.683
2.991	2.640
2.951	2.553
2.969	2.473
2.977	2.439
2.997	2.407
3.023	2.385
3.147	2.277
3.211	2.285
3.378	2.255
POLYLINE BLACK
3.633	2.108
3.758	2.471
POLYLINE BLACK
3.953	3.014
3.956	2.984
POLYLINE BLACK
3.975	1.992
4.052	2.116
4.122	2.244
4.206	2.363
4.262	2.442
4.330	2.512
4.395	2.584
4.401	2.591
4.410	2.595
4.418	2.597
4.499	2.621
4.489	2.365
4.475	2.325
4.425	2.193
4.365	2.064
4.310	1.933
POLYLINE BLACK
4.192	2.302
4.308	2.180
POLYLINE BLACK
5.099	2.556
5.064	2.562
5.015	2.579
4.976	2.570
4.848	2.541
4.774	2.416
4.779	2.292
4.782	2.211
4.812	2.179
4.842	2.106
4.876	2.021
4.868	1.917
4.835	1.833
4.785	1.710
4.641	1.794
4.608	1.880
4.584	1.942
4.616	1.977
4.634	2.056
POLYLINE BLACK
5.001	1.655
5.096	1.839
5.188	2.026
5.288	2.208
5.305	2.240
5.327	2.270
5.351	2.296
5.356	2.302
5.370	2.309
5.374	2.302
5.383	2.290
5.380	2.273
5.377	2.259
5.356	2.129
5.324	2.000
5.302	1.870
5.301	1.862
5.303	1.852
5.307	1.845
5.334	1.794
5.468	1.890
5.485	1.910
5.617	2.072
5.742	2.241
5.870	2.406
POLYLINE BLACK
5.977	2.116
5.900	2.065
5.837	2.037
5.780	1.971
5.709	1.890
5.648	1.752
5.650	1.642
5.650	1.614
5.653	1.578
5.679	1.560
5.731	1.523
5.850	1.575
5.892	1.603
5.933	1.631
5.973	1.662
6.009	1.696
6.091	1.773
6.172	1.871
6.207	1.981
6.235	2.069
6.146	2.134
6.066	2.106
5.988	2.078
5.871	1.952
5.845	1.930
POLYLINE BLACK
6.738	2.061
6.734	1.895
6.729	1.730
6.724	1.564
6.728	1.558
6.730	1.550
6.735	1.546
6.747	1.536
6.772	1.541
6.782	1.548
6.948	1.662
7.110	1.781
7.274	1.898
7.280	1.903
7.299	1.912
7.294	1.926
7.288	1.939
7.259	1.949
7.251	1.952
7.186	1.971
7.120	1.984
7.056	2.006
6.924	2.051
6.712	2.239
6.658	2.279
POLYLINE BLACK
6.457	1.214
6.374	1.142
6.338	1.084
6.310	0.976
6.299	0.936
6.280	0.867
6.300	0.821
6.311	0.798
6.329	0.780
6.350	0.766
6.434	0.713
6.548	0.787
6.600	0.853
6.625	0.885
6.660	0.966
6.615	0.999
6.583	1.023
6.523	0.999
6.495	0.987
6.434	0.960
6.374	0.930
6.313	0.901
POLYLINE BLACK
0.998	1.972
0.788	2.064
0.576	1.893
0.363	1.948
0.264	1.974
0.133	2.083
0.078	2.112
0.008	2.149
-0.069	2.175
-0.142	2.206
POLYLINE BLACK
0.197	-0.100
0.196	-0.105
POLYLINE BLACK
1.924	1.231
1.560	0.882
1.941	1.259
1.371	0.612
1.310	0.543
1.240	0.482
1.177	0.413
1.133	0.365
1.109	0.307
1.051	0.274
0.761	0.107
0.862	0.218
0.427	0.054
-0.529	-0.307
0.739	0.015
-0.692	-0.306
-0.708	-0.310
-0.725	-0.308
-0.742	-0.307
-0.825	-0.301
-1.027	-0.217
-1.030	-0.216
-1.094	-0.201
-1.284	-0.225
-1.356	-0.143
-1.411	-0.080
-1.468	0.003
-1.463	0.091
-1.459	0.175
-1.437	0.257
-1.469	0.338
-1.476	0.354
-1.483	0.369
-1.493	0.383
-1.595	0.528
-1.703	0.668
-1.804	0.814
-1.817	0.834
-1.827	0.855
-1.833	0.878
-1.901	1.142
-1.859	1.240
-1.865	1.578
-1.865	1.598
-1.870	1.618
-1.877	1.637
-1.914	1.743
-1.958	1.847
-1.998	1.952
POLYLINE BLACK
-1.737	1.420
-1.679	1.511
-1.668	1.544
-1.593	1.611
-1.363	1.820
-0.445	1.964
-0.397	1.977
-0.263	2.016
-0.138	2.079
-0.008	2.129
POLYLINE BLACK
-1.618	1.573
-1.344	1.185
POLYLINE BLACK
-1.368	1.799
-1.106	1.513
-1.222	1.615
-1.046	1.469
POLYLINE BLACK
-0.887	1.920
-0.783	1.567
POLYLINE BLACK
-0.436	2.046
-0.396	1.698
-0.422	1.853
-0.366	1.579
POLYLINE BLACK
-0.047	2.099
0.038	1.810
POLYLINE BLACK
-0.848	0.396
-0.830	0.594
-0.808	0.655
-0.704	0.822
-0.696	0.835
-0.678	0.852
-0.662	0.856
-0.634	0.862
-0.618	0.833
-0.606	0.815
-0.573	0.761
-0.541	0.707
-0.507	0.654
-0.463	0.589
-0.286	0.554
-0.230	0.619
-0.191	0.664
-0.154	0.711
-0.119	0.759
-0.083	0.808
-0.050	0.860
-0.016	0.910
POLYLINE BLACK
-3.905	-12.800
-3.908	-12.800
POLYLINE BLACK
-0.071	2.138
-0.184	2.330
-0.307	2.515
-0.410	2.713
-0.502	2.892
-0.568	3.083
-0.655	3.264
-0.670	3.297
-0.693	3.327
-0.717	3.355
-0.823	3.477
-0.962	3.558
-1.099	3.640
-1.334	3.780
-1.575	3.911
-1.812	4.047
-1.852	4.070
-1.889	4.100
-1.931	4.118
-2.315	4.285
-2.703	4.441
-3.089	4.603
POLYLINE BLACK
-1.842	1.703
-1.938	1.762
-2.029	1.838
-2.139	1.871
-2.281	1.912
-2.510	1.850
-2.620	1.755
-2.755	1.638
-2.836	1.515
-3.010	1.465
-3.221	1.404
-3.434	1.350
-3.646	1.293
-3.785	1.256
-3.921	1.211
-4.061	1.181
-4.120	1.169
-4.181	1.168
-4.241	1.167
-4.356	1.166
-4.416	1.192
-4.518	1.149
-4.536	1.141
-4.556	1.133
-4.571	1.120
-4.628	1.070
-4.809	0.919
-4.850	0.810
-4.857	0.791
-4.862	0.771
-4.866	0.751
-4.882	0.683
-4.886	0.611
-4.910	0.546
-4.964	0.394
-5.037	0.249
-5.100	0.100
POLYLINE BLACK
-5.378	1.344
-5.777	0.712
-5.529	1.149
-5.769	0.650
-5.800	0.584
-5.836	0.519
-5.870	0.454
POLYLINE BLACK
-6.046	0.002
-6.147	-0.135
-6.093	-0.054
-6.199	-0.245
POLYLINE BLACK
-5.392	-0.372
-5.599	-0.590
-5.488	-0.466
-5.720	-0.750
POLYLINE BLACK
-6.637	-1.747
-6.526	-1.395
-6.330	-1.076
-6.082	-0.804
-6.059	-0.779
-5.978	-0.723
-5.961	-0.710
POLYLINE BLACK
-6.724	-1.192
-6.696	-1.284
-6.669	-1.377
-6.640	-1.470
-6.622	-1.530
-6.618	-1.525
-6.615	-1.587
-6.614	-1.617
-6.624	-1.644
-6.609	-1.671
-6.567	-1.744
-6.422	-1.695
-6.372	-1.670
-6.276	-1.623
-6.186	-1.561
-6.088	-1.517
-6.063	-1.506
-6.033	-1.511
-6.006	-1.507
POLYLINE BLACK
-6.707	-2.253
-6.708	-2.217
-6.712	-2.180
-6.711	-2.144
-6.708	-2.063
-6.650	-1.931
-6.578	-1.889
-6.501	-1.845
-6.398	-1.935
-6.391	-2.012
-6.386	-2.064
-6.397	-2.128
-6.434	-2.167
-6.491	-2.230
-6.653	-2.329
-6.602	-2.447
-6.590	-2.474
-6.568	-2.497
-6.542	-2.510
-6.464	-2.550
-6.366	-2.559
-6.279	-2.555
-6.187	-2.551
-6.115	-2.489
-6.044	-2.437
POLYLINE BLACK
-5.968	-2.076
-6.031	-2.138
-6.064	-2.190
-6.064	-2.278
-6.064	-2.304
-6.061	-2.330
-6.051	-2.354
-5.989	-2.507
-5.756	-2.476
-5.666	-2.370
-5.621	-2.318
-5.612	-2.242
-5.619	-2.175
-5.630	-2.068
-5.708	-1.873
-5.822	-1.837
-5.901	-1.812
-5.982	-1.893
-6.001	-1.963
-6.007	-1.987
-6.012	-2.063
-6.013	-2.069
POLYLINE BLACK
-5.235	-2.458
-5.190	-2.324
-5.145	-2.190
-5.101	-2.056
-5.089	-2.035
-5.081	-2.011
-5.065	-1.993
-5.060	-1.988
-5.050	-1.992
-5.045	-1.997
-5.036	-2.006
-5.034	-2.020
-5.028	-2.032
-5.013	-2.065
-4.993	-2.093
-4.954	-2.100
-4.919	-2.106
-4.884	-2.102
-4.850	-2.118
-4.734	-2.171
-4.729	-2.311
-4.714	-2.418
POLYLINE BLACK
-6.059	-3.378
-6.090	-3.348
-6.140	-3.266
-6.202	-3.282
-6.246	-3.294
-6.281	-3.346
-6.296	-3.385
-6.324	-3.457
-6.340	-3.516
-6.344	-3.592
-6.345	-3.627
-6.340	-3.668
-6.327	-3.700
-6.295	-3.778
-6.209	-3.862
-6.117	-3.837
-6.107	-3.834
-6.097	-3.831
-6.088	-3.825
-6.035	-3.792
-5.985	-3.755
-5.933	-3.719
POLYLINE BLACK
-5.569	-3.883
-5.610	-3.674
POLYLINE BLACK
-5.687	-2.854
-5.707	-2.875
POLYLINE BLACK
-5.264	-3.883
-5.313	-3.640
-5.269	-3.459
-5.199	-3.226
-5.196	-3.217
-5.189	-3.208
-5.183	-3.201
-5.149	-3.166
-5.112	-3.230
-5.099	-3.251
-5.082	-3.282
-5.068	-3.325
-5.064	-3.359
-5.047	-3.511
-5.035	-3.663
-5.020	-3.816
POLYLINE BLACK
-5.229	-3.513
-4.853	-3.572
POLYLINE BLACK
-4.419	-3.147
-4.459	-3.144
-4.500	-3.140
-4.541	-3.140
-4.614	-3.139
-4.711	-3.217
-4.680	-3.296
-4.662	-3.340
-4.613	-3.364
-4.608	-3.414
-4.601	-3.488
-4.701	-3.562
-4.755	-3.590
-4.788	-3.607
-4.793	-3.605
-4.825	-3.608
POLYLINE BLACK
-4.340	-3.832
-4.315	-3.673
-4.291	-3.515
-4.264	-3.356
-4.248	-3.259
-4.229	-3.325
-4.219	-3.368
-4.204	-3.429
-4.191	-3.492
-4.176	-3.554
-4.171	-3.571
-4.153	-3.591
-4.138	-3.601
-4.079	-3.640
-4.014	-3.628
-3.988	-3.557
-3.962	-3.484
-3.937	-3.411
-3.916	-3.336
-3.901	-3.280
-3.893	-3.222
-3.881	-3.165
POLYLINE BLACK
-3.756	-3.909
-3.791	-3.810
-3.809	-3.725
-3.791	-3.623
-3.768	-3.485
-3.746	-3.347
-3.717	-3.210
-3.716	-3.203
-3.708	-3.199
-3.702	-3.197
-3.683	-3.191
-3.667	-3.202
-3.651	-3.208
-3.614	-3.222
-3.577	-3.238
-3.539	-3.251
-3.527	-3.256
-3.513	-3.258
-3.500	-3.260
-3.462	-3.265
-3.423	-3.270
-3.385	-3.275
POLYLINE BLACK
-3.722	-3.434
-3.532	-3.391
POLYLINE BLACK
-3.964	-3.779
-3.601	-3.815
POLYLINE BLACK
-3.413	-3.255
-3.349	-3.359
-3.189	-3.360
-3.105	-3.440
-3.069	-3.475
-3.047	-3.522
-3.036	-3.570
-3.011	-3.679
-3.066	-3.774
-3.144	-3.849
-3.160	-3.865
-3.347	-4.035
-3.416	-4.049
-3.434	-4.052
-3.396	-4.017
-3.383	-4.005
-3.357	-3.980
-3.330	-3.955
-3.299	-3.937
-3.227	-3.895
-3.152	-3.860
-3.075	-3.828
-3.016	-3.802
-2.954	-3.785
-2.894	-3.763
POLYLINE BLACK
-6.106	-4.790
-6.108	-4.616
-6.111	-4.442
-6.111	-4.269
-6.110	-4.200
-6.056	-4.224
-6.018	-4.233
-5.998	-4.238
-5.976	-4.235
-5.958	-4.227
-5.922	-4.211
-5.897	-4.174
-5.879	-4.142
-5.855	-4.099
-5.840	-4.044
-5.838	-3.996
-5.838	-3.987
-5.843	-3.971
-5.851	-3.974
-5.862	-3.977
-5.884	-4.016
-5.888	-4.030
-5.930	-4.168
-5.892	-4.340
-5.865	-4.476
-5.861	-4.499
-5.852	-4.521
-5.843	-4.543
-5.843	-4.545
-5.827	-4.583
-5.814	-4.583
-5.767	-4.582
-5.721	-4.574
-5.674	-4.570
POLYLINE BLACK
-5.541	-4.361
-5.531	-4.403
-5.523	-4.446
-5.510	-4.487
-5.501	-4.512
-5.489	-4.536
-5.476	-4.559
-5.451	-4.603
-5.406	-4.645
-5.368	-4.587
-5.271	-4.442
-5.256	-4.329
-5.223	-4.158
POLYLINE BLACK
-5.077	-4.738
-5.052	-4.631
-5.026	-4.525
-5.004	-4.418
-4.994	-4.373
-5.001	-4.333
-4.969	-4.297
-4.936	-4.260
-4.883	-4.258
-4.840	-4.238
-4.772	-4.206
-4.735	-4.133
-4.741	-4.059
-4.743	-4.044
-4.747	-4.006
-4.762	-3.991
-4.783	-3.970
-4.816	-4.002
-4.828	-4.015
-4.869	-4.062
-4.917	-4.121
-4.924	-4.187
-4.931	-4.251
-4.919	-4.320
-4.892	-4.379
-4.872	-4.420
-4.847	-4.451
-4.815	-4.484
-4.750	-4.550
-4.695	-4.551
-4.631	-4.485
-4.610	-4.463
-4.590	-4.432
-4.580	-4.403
-4.572	-4.380
-4.565	-4.356
-4.562	-4.331
-4.559	-4.313
-4.567	-4.199
-4.527	-4.169
-4.469	-4.125
-4.328	-4.240
-4.286	-4.263
-4.256	-4.280
-4.222	-4.286
-4.188	-4.290
-4.082	-4.303
-4.043	-4.135
-4.029	-4.070
-4.020	-4.032
-4.016	-3.993
-4.015	-3.954
-4.014	-3.945
-4.017	-3.935
-4.023	-3.928
-4.054	-3.894
-4.157	-4.036
-4.165	-4.054
-4.286	-4.316
-4.315	-4.425
-4.379	-4.717
-4.386	-4.745
-4.387	-4.775
-4.386	-4.804
-4.386	-4.814
-4.383	-4.826
-4.375	-4.831
-4.358	-4.842
-4.336	-4.842
-4.316	-4.848
POLYLINE BLACK
-6.102	-5.130
-6.052	-5.098
-6.015	-5.063
-5.959	-5.050
-5.867	-5.028
-5.803	-5.069
-5.817	-5.166
-5.832	-5.265
-5.899	-5.336
-5.956	-5.414
-5.963	-5.425
-5.995	-5.452
-5.985	-5.474
-5.967	-5.512
-5.846	-5.509
-5.839	-5.509
-5.792	-5.509
-5.744	-5.506
-5.696	-5.499
-5.592	-5.483
-5.540	-5.448
-5.441	-5.402
POLYLINE BLACK
-4.536	-5.724
-4.199	-5.514
-4.679	-5.183
-4.463	-5.048
-4.441	-5.035
-4.364	-5.006
-4.357	-5.003
-4.319	-4.984
-4.230	-4.915
-4.272	-4.862
-4.332	-4.786
-4.574	-4.805
-4.567	-4.923
-4.560	-5.016
-4.476	-5.082
-4.425	-5.149
-4.404	-5.178
-4.379	-5.224
-4.379	-5.261
-4.379	-5.308
-4.425	-5.351
-4.465	-5.367
-4.475	-5.371
-4.487	-5.360
-4.494	-5.354
POLYLINE BLACK
-4.107	-5.053
-4.076	-5.028
-4.049	-4.999
-4.015	-4.978
-4.010	-4.974
-4.000	-4.979
-3.997	-4.985
-3.991	-4.995
-3.990	-5.008
-3.992	-5.020
-4.001	-5.086
-4.017	-5.151
-4.029	-5.217
-4.046	-5.305
-4.058	-5.327
-4.053	-5.408
-4.050	-5.453
-4.029	-5.502
-3.975	-5.493
-3.967	-5.492
-3.958	-5.491
-3.953	-5.485
-3.915	-5.444
-3.884	-5.398
-3.849	-5.355
POLYLINE BLACK
-4.187	-5.119
-4.152	-5.145
-4.118	-5.172
-4.081	-5.196
-3.998	-5.249
-3.819	-5.251
-3.735	-5.225
-3.484	-5.148
-3.768	-5.227
-3.588	-5.165
-3.575	-5.160
-3.555	-5.159
-3.544	-5.170
-3.529	-5.186
-3.534	-5.264
-3.522	-5.296
-3.499	-5.356
-3.419	-5.459
-3.344	-5.410
-3.302	-5.383
-3.273	-5.352
-3.251	-5.307
-3.222	-5.247
-3.235	-5.162
-3.244	-5.102
-3.258	-5.006
-3.324	-4.924
-3.428	-4.952
-3.445	-4.957
-3.497	-4.974
-3.514	-4.992
-3.560	-5.041
-3.601	-5.094
-3.645	-5.145
POLYLINE BLACK
-3.051	-5.510
-3.009	-5.372
-3.021	-5.284
-3.059	-5.142
-3.067	-5.111
-3.079	-5.080
-3.093	-5.051
-3.109	-5.020
-3.130	-4.992
-3.148	-4.963
POLYLINE BLACK
-3.380	-4.696
-2.760	-4.783
POLYLINE BLACK
-2.728	-5.509
-2.732	-4.925
-2.718	-5.473
-2.757	-4.955
-2.761	-4.896
-2.751	-4.838
-2.698	-4.806
-2.628	-4.762
-2.524	-4.781
-2.454	-4.779
POLYLINE BLACK
-2.870	-5.048
-2.829	-5.088
-2.786	-5.150
-2.725	-5.165
-2.627	-5.189
-2.529	-5.091
-2.463	-5.038
POLYLINE BLACK
-2.968	-5.400
-2.924	-5.416
-2.881	-5.435
-2.836	-5.448
-2.728	-5.480
-2.575	-5.427
-2.483	-5.409
POLYLINE BLACK
-2.194	-5.424
-2.159	-5.285
-2.120	-5.076
-2.041	-4.942
-2.033	-4.928
-2.038	-4.976
-2.037	-4.993
-2.036	-5.014
-2.038	-5.036
-2.036	-5.057
-2.033	-5.098
-2.004	-5.100
-1.973	-5.090
-1.944	-5.081
-1.917	-5.070
-1.888	-5.063
-1.865	-5.058
-1.841	-5.055
-1.818	-5.053
-1.781	-5.050
-1.751	-5.094
-1.745	-5.126
-1.725	-5.229
-1.711	-5.334
-1.694	-5.438
POLYLINE BLACK
-2.769	1.660
-2.761	1.784
-2.767	1.909
-2.745	2.030
-2.622	2.694
-2.411	3.141
-2.124	3.792
-2.085	3.880
-2.027	3.957
-1.979	4.039
POLYLINE BLACK
-2.201	3.796
-1.773	3.550
POLYLINE BLACK
-2.369	3.379
-2.121	3.289
-2.263	3.335
-1.942	3.250
POLYLINE BLACK
-2.732	2.754
-2.016	2.510
-2.850	2.804
-2.311	2.589
-2.273	2.574
-2.234	2.566
-2.195	2.554
POLYLINE BLACK
-2.707	2.256
-2.333	2.211
-2.500	2.241
-2.204	2.177
POLYLINE BLACK
-2.727	1.794
-2.474	1.745
POLYLINE BLACK
-2.406	2.821
-2.075	2.710
POLYLINE BLACK
-2.393	3.191
-2.264	3.063
-2.223	3.061
-2.047	3.033
POLYLINE BLACK
-0.656	-3.196
-0.511	-3.116
-0.487	-2.985
-0.402	-2.850
-0.380	-2.815
-0.353	-2.784
-0.328	-2.751
POLYLINE BLACK
-3.062	4.581
-3.183	4.646
-3.290	4.683
-3.383	4.777
-3.472	4.868
-3.531	4.983
-3.562	5.106
-3.613	5.301
-3.663	5.497
-3.701	5.696
-3.710	5.744
-3.706	5.794
-3.704	5.843
-3.696	6.027
-3.696	6.211
-3.672	6.393
-3.653	6.535
-3.601	6.671
-3.576	6.812
-3.568	6.854
-3.570	6.899
-3.573	6.942
-3.680	8.532
-3.554	6.734
-3.679	7.724
-3.705	7.932
-3.669	8.047
-3.624	8.259
-3.608	8.333
-3.579	8.405
-3.571	8.481
-3.548	8.684
-3.545	8.888
-3.532	9.092
POLYLINE BLACK
-5.343	1.398
-5.392	1.654
-5.395	1.839
-5.508	2.056
-6.164	3.313
-5.408	1.778
-5.804	2.610
-5.906	2.825
-5.953	2.868
-6.003	3.119
-6.029	3.254
-6.015	3.359
-5.995	3.488
-5.985	3.548
-5.969	3.607
-5.963	3.667
-5.953	3.776
-5.981	3.844
-5.981	3.957
-5.981	4.010
-5.977	4.064
-5.967	4.116
-5.829	4.819
-5.962	4.090
-5.776	4.690
-5.739	4.809
-5.725	4.934
-5.696	5.054
-5.621	5.364
-5.671	4.965
-5.607	5.485
-5.602	5.530
-5.625	5.673
-5.627	5.693
POLYLINE BLACK
-5.858	4.270
-5.790	4.332
-5.750	4.381
-5.670	4.419
-5.574	4.464
-5.466	4.487
-5.376	4.545
-5.051	4.756
-4.756	5.009
-4.432	5.221
-3.251	5.993
-4.132	5.313
-3.624	5.713
POLYLINE BLACK
-5.825	4.292
-5.298	3.925
-6.132	4.517
-5.080	3.670
-4.917	3.539
-4.747	3.418
-4.572	3.304
-4.416	3.202
-4.233	3.133
-4.044	3.142
-4.029	3.142
-4.066	3.162
-4.078	3.170
-4.098	3.184
-4.119	3.193
-4.138	3.207
-4.157	3.221
-4.178	3.235
-4.190	3.255
-4.366	3.550
-4.532	3.851
-4.700	4.152
-4.789	4.310
-4.875	4.470
-4.959	4.630
-5.148	4.994
-4.740	4.287
-5.104	4.902
POLYLINE BLACK
-4.584	5.080
-4.386	4.735
-4.225	4.366
-3.990	4.045
-3.824	3.819
-3.594	3.648
-3.390	3.455
-3.385	3.451
-3.372	3.457
-3.371	3.463
-3.369	3.478
-3.377	3.492
-3.382	3.506
-3.596	4.092
-3.804	4.679
-4.029	5.261
-4.051	5.316
-4.091	5.363
-4.122	5.415
POLYLINE BLACK
-4.325	4.954
-4.328	5.047
-4.326	5.139
-4.333	5.232
-4.334	5.239
-4.341	5.219
-4.345	5.213
-4.368	5.124
-4.391	5.035
-4.413	4.946
-4.414	4.940
-4.415	4.923
-4.414	4.929
-4.399	5.014
-4.386	5.271
-4.371	5.185
-4.339	5.000
-4.370	4.808
-4.360	4.619
-4.360	4.613
-4.347	4.606
-4.343	4.611
-4.327	4.627
-4.319	4.650
-4.311	4.671
-4.286	4.736
-4.265	4.802
-4.242	4.867
-4.238	4.880
-4.238	4.895
-4.230	4.905
-4.227	4.909
-4.224	4.898
-4.221	4.895
-4.207	4.787
-4.223	4.672
-4.179	4.573
-4.165	4.542
-4.148	4.879
-4.122	4.717
-4.101	4.588
-4.094	4.457
-4.069	4.329
-4.067	4.320
-4.051	4.337
-4.049	4.345
-4.019	4.447
-4.001	4.551
-3.974	4.654
-3.973	4.657
-3.968	4.660
-3.966	4.658
-3.960	4.653
-3.960	4.644
-3.957	4.637
-3.947	4.533
-3.936	4.430
-3.926	4.326
-3.924	4.305
-3.940	4.253
-3.921	4.262
-3.896	4.273
-3.906	4.315
-3.895	4.340
-3.872	4.396
-3.865	4.384
-3.858	4.323
-3.846	4.218
-3.843	4.111
-3.831	4.006
-3.830	3.997
-3.826	3.989
-3.821	3.982
-3.795	3.947
-3.765	4.046
-3.714	3.995
-3.707	3.989
-3.700	3.982
-3.696	3.974
-3.615	3.803
-3.537	3.631
-3.457	3.460
POLYLINE BLACK
-5.553	4.264
-5.534	4.334
-5.516	4.542
-5.497	4.472
-5.473	4.383
-5.532	4.290
-5.535	4.198
-5.535	4.184
-5.513	4.214
-5.504	4.223
-5.473	4.255
-5.427	4.344
-5.399	4.253
-5.390	4.227
-5.388	4.198
-5.378	4.172
-5.361	4.131
-5.318	4.205
-5.316	4.208
-5.294	4.244
-5.276	4.282
-5.252	4.317
-5.222	4.362
-5.195	4.310
-5.189	4.282
-5.180	4.237
-5.171	4.192
-5.165	4.146
-5.162	4.119
-5.167	4.091
-5.162	4.064
-5.160	4.059
-5.152	4.056
-5.147	4.057
-5.136	4.061
-5.128	4.070
-5.121	4.079
-5.110	4.090
-5.070	4.150
-5.039	4.163
-4.993	4.181
-4.983	4.083
-4.981	4.067
-4.978	4.035
-4.980	4.004
-4.979	3.972
-4.979	3.958
-4.983	3.944
-4.980	3.931
-4.973	3.901
-4.955	3.914
-4.938	3.928
-4.914	3.948
-4.895	3.974
-4.870	3.994
-4.851	4.008
-4.843	3.985
-4.842	3.972
-4.841	3.870
-4.840	3.768
-4.839	3.666
-4.834	3.661
-4.830	3.647
-4.824	3.650
-4.810	3.658
-4.804	3.676
-4.797	3.690
-4.777	3.729
-4.763	3.772
-4.742	3.811
-4.725	3.842
-4.699	3.844
-4.683	3.813
-4.665	3.780
-4.650	3.648
-4.594	3.655
-4.544	3.661
-4.509	3.772
-4.469	3.757
-4.447	3.749
-4.446	3.662
-4.442	3.644
-4.439	3.628
-4.430	3.610
-4.420	3.596
-4.395	3.564
-4.361	3.562
-4.324	3.548
-4.294	3.537
-4.268	3.510
-4.252	3.483
-4.192	3.383
-4.235	3.359
-4.156	3.209
-4.135	3.170
-4.092	3.146
-4.061	3.115
POLYLINE BLACK
-4.664	1.422
-4.676	1.535
-4.696	1.648
-4.699	1.761
-4.701	1.829
-4.689	1.897
-4.680	1.965
-4.667	2.062
-4.580	2.112
-4.500	2.049
-4.458	2.015
-4.350	1.900
-4.328	1.880
-4.282	1.839
-4.227	1.804
-4.170	1.845
-4.087	1.903
-4.038	1.998
-3.994	2.087
-3.962	2.150
-3.943	2.210
-3.897	2.262
-3.834	2.336
-3.764	2.334
-3.670	2.351
POLYLINE BLACK
-3.240	3.060
-3.231	3.127
-3.227	3.195
-3.211	3.260
-3.197	3.316
-3.176	3.370
-3.151	3.421
-3.128	3.471
-3.099	3.518
-3.068	3.563
-3.044	3.599
-3.015	3.631
-2.985	3.664
-2.908	3.749
-2.826	3.549
-2.805	3.515
-2.799	3.506
-2.785	3.503
-2.776	3.505
-2.763	3.508
-2.742	3.520
-2.734	3.529
-2.667	3.603
-2.606	3.683
-2.538	3.756
-2.504	3.792
-2.465	3.822
-2.429	3.855
POLYLINE BLACK
-1.886	2.323
-1.837	2.457
-1.837	2.488
-1.761	2.593
-1.741	2.621
-1.718	2.646
-1.694	2.670
-1.677	2.686
-1.658	2.700
-1.639	2.713
-1.440	2.848
-1.495	2.454
-1.341	2.497
-1.187	2.541
-1.108	2.719
-1.017	2.827
-0.990	2.859
-0.955	2.883
-0.925	2.912
POLYLINE BLACK
1.523	1.954
1.537	2.004
1.548	2.055
1.564	2.104
1.575	2.136
1.598	2.170
1.621	2.196
1.716	2.302
1.732	2.154
1.816	2.152
1.827	2.152
1.850	2.155
1.859	2.161
1.913	2.194
1.965	2.228
2.017	2.264
2.096	2.318
2.100	2.339
2.174	2.368
2.224	2.388
2.269	2.382
2.324	2.384
POLYLINE BLACK
-3.560	9.156
-3.591	9.447
-3.551	9.744
-3.615	10.032
-3.647	10.176
-3.694	10.317
-3.737	10.459
-3.745	10.484
-3.782	10.502
-3.805	10.505
-3.916	10.519
-4.018	10.478
-4.111	10.420
-4.154	10.393
-4.189	10.358
-4.241	10.347
-4.384	10.317
-4.528	10.290
-4.673	10.272
-4.739	10.263
-4.806	10.275
-4.872	10.267
-5.054	10.242
-5.097	10.222
-5.233	10.146
POLYLINE BLACK
-5.709	5.483
-5.628	6.201
-5.714	5.576
-5.367	6.928
-5.355	6.972
-5.361	7.045
-5.372	7.088
-5.391	7.164
-5.413	7.220
-5.456	7.284
-5.535	7.404
-5.579	7.432
-5.624	7.546
-5.669	7.662
-5.620	7.586
-5.669	7.726
-5.693	7.795
-5.742	7.898
-5.792	7.957
-5.796	7.961
-5.803	7.955
-5.808	7.953
-5.832	7.941
-5.855	7.926
-5.878	7.913
POLYLINE BLACK
-5.119	10.154
-5.830	10.229
-5.251	10.149
-6.060	10.327
-6.246	10.368
-6.436	10.392
-6.622	10.437
-6.698	10.456
-6.768	10.498
-6.844	10.520
-7.047	10.578
-7.252	10.629
-7.458	10.674
-7.499	10.683
-7.543	10.687
-7.586	10.683
-7.902	10.657
-8.167	10.572
-8.476	10.471
-8.540	10.450
-8.601	10.418
-8.661	10.386
-8.790	10.316
-8.892	10.259
-8.992	10.159
-9.236	9.917
-9.131	9.450
-8.939	9.209
-8.891	9.149
-8.766	9.048
-8.723	9.011
POLYLINE BLACK
-8.695	8.905
-8.403	8.645
-8.092	8.398
-7.737	8.228
-7.234	7.987
-7.785	8.308
-7.333	8.033
POLYLINE BLACK
-5.852	7.799
-6.066	8.280
-5.927	8.122
-6.168	8.343
POLYLINE BLACK
-6.128	8.287
-6.408	8.613
-6.681	8.945
-6.967	9.265
-7.121	9.438
-7.362	9.582
-7.596	9.608
-7.683	9.618
-7.759	9.589
-7.838	9.555
-7.850	9.550
-7.864	9.546
-7.872	9.535
-7.911	9.486
-7.942	9.430
-7.977	9.378
POLYLINE BLACK
-7.794	9.628
-7.813	9.588
-7.841	9.551
-7.845	9.506
-7.848	9.454
-7.818	9.405
-7.783	9.370
-7.637	9.228
-7.401	9.259
-7.229	9.175
-7.057	9.091
-6.981	8.900
-6.904	8.737
POLYLINE BLACK
-9.141	9.552
-8.770	9.384
-8.359	9.393
-7.970	9.463
-7.922	9.471
-7.877	9.489
-7.830	9.503
POLYLINE BLACK
-8.668	9.397
-8.625	9.897
POLYLINE BLACK
-8.447	9.314
-8.273	9.776
POLYLINE BLACK
-8.175	9.366
-8.066	9.696
-8.097	9.567
-8.057	9.747
POLYLINE BLACK
-6.660	8.899
-6.533	9.387
-6.569	9.340
-6.363	9.785
-6.314	9.892
-6.249	9.991
-6.201	10.098
-6.150	10.210
-6.140	10.297
-6.118	10.414
POLYLINE BLACK
-6.268	10.158
-5.776	9.827
POLYLINE BLACK
-6.407	9.818
-6.347	9.768
-6.210	9.630
-6.104	9.588
-6.053	9.567
-5.999	9.554
-5.947	9.537
POLYLINE BLACK
-6.468	9.482
-6.363	9.383
-6.229	9.349
-6.095	9.304
POLYLINE BLACK
-6.630	9.131
-6.501	8.994
-6.447	8.963
-6.292	8.887
POLYLINE BLACK
-5.233	8.728
-5.234	8.807
-5.238	8.885
-5.234	8.963
-5.228	9.083
-5.163	9.191
-5.094	9.285
-5.057	9.334
-4.985	9.427
-4.908	9.394
-4.807	9.351
-4.767	9.245
-4.643	9.252
-4.523	9.260
-4.358	9.306
-4.265	9.344
-4.194	9.372
-4.133	9.419
-4.067	9.457
POLYLINE BLACK
-5.135	7.596
-5.088	7.698
-5.045	7.801
-4.993	7.901
-4.893	8.096
-4.817	7.967
-4.713	7.836
-4.657	7.766
-4.611	7.648
-4.501	7.653
-4.451	7.655
-4.418	7.670
-4.370	7.693
-4.234	7.760
-4.207	7.882
-4.121	8.004
-4.097	8.037
-4.065	8.063
-4.037	8.092
POLYLINE BLACK
-5.062	5.932
-5.090	6.001
-5.122	6.071
-5.105	6.146
-5.099	6.172
-5.091	6.197
-5.080	6.221
-5.064	6.255
-5.021	6.343
-4.982	6.382
-4.943	6.420
-4.901	6.355
-4.886	6.328
-4.837	6.237
-4.793	6.092
-4.664	6.093
-4.516	6.094
-4.349	6.216
-4.242	6.277
-4.185	6.309
-4.129	6.346
-4.072	6.381

ELEVATION
STATIONS
0.000	0.000	0
1.746	-1.793	1
-1.072	5.382	0.1
-3.775	8.532	0.2
-5.102	11.299	0.3
-5.434	11.303	0.4
-3.736	12.344	0.5
-8.146	18.964	0.6
-7.330	20.146	0.7
SHOTS
0.000	0.000	1.892	-1.767
0.000	0.000	0.275	-0.314
0.000	0.000	-0.759	-0.050
0.000	0.000	-0.704	0.027
0.000	0.000	-0.038	-1.128
0.000	0.000	-1.060	5.392
0.000	0.000	-2.438	4.431
0.000	0.000	1.746	-1.793
0.000	0.000	-1.072	5.382
-1.072	5.382	-3.582	8.354
-1.072	5.382	-1.665	5.339
-1.072	5.382	-0.854	5.502
-1.072	5.382	-3.775	8.532
-3.775	8.532	-3.095	8.990
-3.775	8.532	-4.047	8.981
-3.775	8.532	-5.103	11.305
-3.775	8.532	-5.122	11.334
-3.775	8.532	-5.102	11.299
-5.102	11.299	-5.435	11.303
-5.102	11.299	-5.435	11.303
-5.102	11.299	-5.434	11.303
-5.434	11.303	-3.736	12.344
-3.736	12.344	-3.746	12.468
-3.736	12.344	-4.908	11.723
-3.736	12.344	-3.728	10.889
-3.736	12.344	-5.483	12.168
-3.736	12.344	-8.146	18.964
-8.146	18.964	-8.385	18.875
-8.146	18.964	-9.220	19.001
-8.146	18.964	-8.747	19.807
-8.146	18.964	-7.330	20.146

