TRIP
DATE 2025-08-19
DECLINATION 0.0
DATA
0		95.03	18.62	3.503	>
0		94.93	18.72	3.500	>
0		94.87	18.81	3.499	>
0	1	94.94	18.72	3.501	>
1		185.41	27.75	2.949	>
1		186.30	27.67	2.946	>
1		186.20	27.74	2.947	>
1	2	185.97	27.72	2.947	>
2		170.09	7.76	2.030	>
2		169.37	8.51	2.048	>
2		169.88	8.92	2.047	>
2	3	169.78	8.40	2.042	>
3		39.55	-8.45	2.426	>
3		75.87	-2.75	0.517	>
3		118.62	6.26	0.323	>
3		3.67	-2.40	3.591	>
3		10.17	72.75	7.966	>
3		7.66	72.97	7.960	>
3		8.07	73.21	7.984	>
3	4	8.63	72.97	7.970	>
4		156.44	-10.06	2.913	>
4		174.79	-10.21	2.824	>
4		196.27	-17.05	2.873	>
4		209.23	-12.38	0.529	>
4		227.40	-12.95	4.558	>
4		241.63	-10.23	4.406	>
4		225.31	-2.79	0.489	>
4		120.83	7.52	3.288	>
4		101.60	10.74	4.043	>
4		82.36	11.20	3.439	>
4		214.00	-68.42	2.966	>
4		255.33	-72.12	2.998	>
4		180.48	-80.47	1.767	>
4		156.56	-72.55	3.023	>
4		174.25	-68.35	2.860	>
4		121.81	61.17	2.467	>
4		83.33	63.04	5.214	>
4		84.22	38.78	6.276	>
4		39.25	15.56	3.747	>
4		59.56	61.47	4.984	>
4		61.69	62.01	4.986	>
4		29.38	60.85	0.816	>
4		53.16	36.75	1.260	>
4		51.81	38.10	1.217	>
4		51.92	38.02	1.214	>
4		52.41	36.44	1.188	>
4		52.49	36.61	1.192	>
4		52.42	36.67	1.192	>
4	5	52.44	36.58	1.191	>
5		212.87	-33.29	4.942	>
5		212.66	-33.34	4.853	>
5		212.83	-33.49	4.865	>
5		212.63	-33.68	4.841	>
5		164.72	83.59	4.277	>
5		46.06	86.73	5.004	>
5		47.28	86.54	5.011	>
5		49.16	86.64	4.975	>
5	6	212.71	-33.50	4.853	>
6		329.21	38.07	7.464	>
6		322.13	38.52	5.998	>
6		317.88	39.78	4.104	>
6		308.87	41.64	3.355	>
6		294.82	41.96	2.828	>
6		334.61	37.05	4.315	>
6		351.73	21.01	3.364	>
6		48.49	86.56	4.957	>
6		53.50	86.42	5.014	>
6		55.22	86.42	4.981	>
6		48.55	86.31	5.028	>
6		47.85	86.93	5.009	>
6		47.38	86.96	5.012	>
6		48.01	87.08	4.970	>
5	5.1	47.50	86.64	4.997	>
5.1		339.22	14.16	1.860	>
5.1		338.22	14.38	1.732	>
5.1		338.33	14.43	1.732	>
5.1		338.08	14.51	1.745	>
5.1	5.2	338.21	14.44	1.736	>
5.2		100.23	11.78	4.852	>
5.2		127.21	8.77	4.982	>
5.2		151.91	11.32	3.737	>
5.2		46.30	26.54	3.829	>
5.2		348.95	16.11	5.070	>
5.2		331.19	7.24	4.582	>
5.2		295.22	9.36	0.974	>
5.2		292.97	9.33	3.138	>
5.2		254.60	1.31	1.774	>
5.2		337.18	-32.79	2.036	>
5.2		15.34	21.45	12.936	>
5.2		15.00	66.03	12.242	>
5.2		42.91	57.08	9.418	>
5.2		34.08	41.14	12.807	>
5.2		334.79	66.76	12.890	>
5.2		302.24	47.02	5.533	>
5.2		322.84	-39.21	5.761	>
5.2		353.40	15.49	5.161	>
5.2		353.67	15.57	5.200	>
5.2		353.80	15.62	5.230	>
5.2	5.3	353.62	15.56	5.197	>
5.3		334.34	-9.64	5.983	>
5.3		322.71	-4.78	0.670	>
5.3		68.50	10.02	4.689	>
5.3		38.10	5.62	10.843	>
5.3		43.99	-3.57	9.115	>
5.3		44.07	-3.54	9.295	>
5.3		43.73	-3.93	9.148	>
5.3		44.18	-3.36	9.140	>
5.3		44.71	-2.98	14.319	>
5.3		43.76	-3.82	9.176	>
5.3		43.76	-3.69	9.166	>
5.3		43.77	-3.59	9.154	>
5.3		29.63	-15.30	6.675	>
5.3		337.88	-33.49	8.418	>
5.3		338.35	-38.97	8.843	>
5.3		338.26	-38.34	8.804	>
5.3		185.36	-60.11	8.274	>
5.3		351.10	-39.65	7.882	>
5.3		352.62	-39.41	7.614	>
5.3	5.4	43.77	-3.70	9.165	>
5.4		312.46	-30.11	3.247	>
5.4		312.40	-30.29	3.250	>
5.4		312.41	-30.25	3.253	>
5.4	5.5	312.42	-30.22	3.250	>
5.5		84.70	-30.93	3.751	>
5.5		85.15	-31.01	3.749	>
5.5		85.20	-31.63	3.765	>
5.5	5.6	85.02	-31.19	3.755	>

PLAN
STATIONS
0.000	0.000	0
3.303	-0.286	1
3.032	-2.881	2
3.390	-4.868	3
3.741	-2.561	4
4.499	-1.978	5
2.312	-5.383	6
4.715	-1.780	5.1
4.091	-0.219	5.2
3.535	4.757	5.3
9.861	11.362	5.4
7.788	13.256	5.5
10.988	13.536	5.6
SHOTS
0.000	0.000	3.303	-0.286
3.303	-0.286	3.032	-2.881
3.032	-2.881	3.390	-4.868
3.390	-4.868	4.918	-3.018
3.390	-4.868	3.891	-4.742
3.390	-4.868	3.672	-5.022
3.390	-4.868	3.620	-1.288
3.390	-4.868	3.741	-2.561
3.741	-2.561	4.887	-5.190
3.741	-2.561	3.993	-5.329
3.741	-2.561	2.971	-5.198
3.741	-2.561	3.488	-3.012
3.741	-2.561	0.471	-5.568
3.741	-2.561	-0.075	-4.622
3.741	-2.561	3.393	-2.905
3.741	-2.561	6.540	-4.232
3.741	-2.561	7.632	-3.360
3.741	-2.561	7.084	-2.113
3.741	-2.561	3.130	-3.466
3.741	-2.561	2.850	-2.794
3.741	-2.561	3.738	-2.854
3.741	-2.561	4.101	-3.393
3.741	-2.561	3.846	-3.611
3.741	-2.561	4.751	-3.188
3.741	-2.561	6.088	-2.287
3.741	-2.561	8.608	-2.068
3.741	-2.561	6.024	0.234
3.741	-2.561	5.793	-1.355
3.741	-2.561	5.801	-1.451
3.741	-2.561	3.936	-2.215
3.741	-2.561	4.549	-1.956
3.741	-2.561	4.493	-1.969
3.741	-2.561	4.493	-1.971
3.741	-2.561	4.499	-1.978
4.499	-1.978	2.256	-5.448
4.499	-1.978	4.624	-2.439
4.499	-1.978	2.312	-5.383
2.312	-5.383	-0.696	-0.335
2.312	-5.383	-0.569	-1.679
2.312	-5.383	0.196	-3.044
2.312	-5.383	0.360	-3.810
2.312	-5.383	0.403	-4.501
2.312	-5.383	0.835	-2.272
2.312	-5.383	1.860	-2.276
2.312	-5.383	2.535	-5.186
2.312	-5.383	2.563	-5.197
2.312	-5.383	2.567	-5.206
2.312	-5.383	2.554	-5.170
4.499	-1.978	4.715	-1.780
4.715	-1.780	4.075	-0.094
4.715	-1.780	4.091	-0.219
4.091	-0.219	8.765	-1.063
4.091	-0.219	8.012	-3.197
4.091	-0.219	5.816	-3.452
4.091	-0.219	6.567	2.148
4.091	-0.219	3.157	4.562
4.091	-0.219	1.900	3.764
4.091	-0.219	3.221	0.191
4.091	-0.219	1.240	0.989
4.091	-0.219	2.381	-0.690
4.091	-0.219	3.427	1.359
4.091	-0.219	7.276	11.392
4.091	-0.219	5.378	4.586
4.091	-0.219	7.575	3.529
4.091	-0.219	9.495	7.769
4.091	-0.219	1.924	4.383
4.091	-0.219	0.900	1.794
4.091	-0.219	1.394	3.339
4.091	-0.219	3.535	4.757
3.535	4.757	0.980	10.073
3.535	4.757	3.130	5.288
3.535	4.757	7.831	6.449
3.535	4.757	10.192	13.249
3.535	4.757	9.854	11.301
3.535	4.757	9.987	11.422
3.535	4.757	9.843	11.351
3.535	4.757	9.893	11.301
3.535	4.757	13.595	14.918
3.535	4.757	6.718	10.353
3.535	4.757	0.891	11.261
3.535	4.757	0.998	11.147
3.535	4.757	0.977	11.171
3.535	4.757	3.150	0.651
3.535	4.757	2.596	10.753
3.535	4.757	2.779	10.590
3.535	4.757	9.861	11.362
9.861	11.362	7.788	13.256
7.788	13.256	10.988	13.536
POLYLINE BROWN
3.763	-2.611
3.777	-2.576
3.790	-2.540
3.807	-2.506
3.849	-2.421
3.971	-2.453
4.036	-2.482
4.056	-2.492
4.110	-2.519
4.113	-2.549
4.118	-2.597
3.981	-2.594
3.972	-2.594
POLYLINE BROWN
4.099	-3.097
4.090	-3.138
4.079	-3.179
4.072	-3.220
4.065	-3.257
4.081	-3.300
4.112	-3.321
4.175	-3.364
4.260	-3.352
4.322	-3.311
4.372	-3.277
4.426	-3.155
4.352	-3.118
4.335	-3.110
4.326	-3.113
4.309	-3.106
4.259	-3.088
4.210	-3.069
4.161	-3.051
POLYLINE BROWN
3.330	-3.676
3.350	-3.740
3.370	-3.804
3.390	-3.868
3.394	-3.887
3.397	-3.907
3.403	-3.925
3.417	-3.978
3.487	-4.000
3.533	-4.008
3.611	-4.021
3.733	-4.017
3.780	-3.939
3.825	-3.864
3.788	-3.684
3.678	-3.687
3.571	-3.689
3.716	-3.690
3.606	-3.698
3.540	-3.702
3.474	-3.703
3.408	-3.706
POLYLINE BROWN
3.702	-4.323
3.725	-4.375
3.668	-4.531
3.722	-4.594
3.761	-4.639
3.864	-4.592
3.893	-4.580
3.981	-4.540
4.066	-4.494
4.150	-4.445
4.155	-4.442
4.156	-4.432
4.154	-4.426
4.150	-4.417
4.142	-4.410
4.133	-4.406
3.956	-4.333
3.967	-4.336
3.797	-4.347
POLYLINE BROWN
3.543	-2.242
3.557	-2.174
3.555	-2.063
3.622	-2.012
3.735	-1.928
3.813	-2.153
3.840	-2.205
3.847	-2.218
3.848	-2.238
3.838	-2.249
3.826	-2.264
3.806	-2.265
3.789	-2.268
3.739	-2.277
3.690	-2.286
3.641	-2.296
POLYLINE BROWN
3.986	-1.808
4.023	-1.809
4.061	-1.808
4.099	-1.811
4.169	-1.816
4.275	-1.945
4.177	-1.954
4.169	-1.954
4.162	-1.952
4.154	-1.950
4.103	-1.937
4.051	-1.922
3.999	-1.908
POLYLINE BROWN
3.311	-1.637
3.380	-1.606
3.444	-1.419
3.552	-1.412
3.616	-1.407
3.672	-1.475
3.703	-1.523
3.715	-1.541
3.740	-1.583
3.729	-1.609
3.718	-1.634
3.676	-1.632
3.656	-1.629
3.520	-1.613
3.519	-1.539
3.498	-1.423
POLYLINE BROWN
3.955	-1.008
3.912	-1.006
POLYLINE BROWN
-2.910	-11.910
-2.979	-11.984
-3.089	-12.070
-3.097	-12.184
-3.101	-12.229
-3.099	-12.275
-3.100	-12.320
POLYLINE BROWN
-2.830	-12.700
-2.830	-12.700
POLYLINE BROWN
-2.770	-12.760
-3.010	-12.620
POLYLINE BROWN
-3.960	5.950
-3.960	5.950
POLYLINE BROWN
-3.970	5.960
-3.970	5.960
POLYLINE BROWN
-4.000	6.010
-4.000	6.010
POLYLINE BROWN
-4.030	5.950
-4.030	5.950
POLYLINE BROWN
-3.160	-12.190
-3.200	-12.160
POLYLINE BROWN
-3.990	5.970
-3.990	5.970
POLYLINE BROWN
-3.960	5.940
-3.960	5.940
POLYLINE BROWN
-3.970	5.930
-3.970	5.930
POLYLINE BROWN
-3.360	-12.330
-3.431	-12.269
-3.502	-12.208
-3.573	-12.147
-3.622	-12.105
-3.683	-12.073
-3.721	-12.020
-3.756	-11.971
-3.625	-12.095
-3.581	-12.135
-3.545	-12.168
-3.514	-12.205
-3.480	-12.240
POLYLINE BROWN
1.063	-5.652
1.113	-5.724
1.169	-5.791
1.212	-5.867
1.244	-5.924
1.134	-5.760
1.094	-5.707
1.088	-5.699
1.076	-5.693
1.068	-5.688
1.051	-5.678
1.053	-5.681
1.040	-5.669
1.035	-5.664
1.024	-5.649
1.026	-5.655
1.041	-5.691
1.059	-5.727
1.078	-5.762
1.084	-5.772
1.093	-5.782
1.101	-5.791
1.115	-5.808
1.109	-5.777
1.108	-5.775
1.103	-5.756
1.099	-5.736
1.091	-5.718
1.068	-5.663
1.066	-5.668
1.025	-5.630
POLYLINE BROWN
1.028	-5.649
1.077	-5.725
1.126	-5.801
1.175	-5.877
1.179	-5.887
1.185	-5.896
1.188	-5.907
1.188	-5.910
1.183	-5.902
1.180	-5.899
1.152	-5.858
1.124	-5.817
1.095	-5.776
1.094	-5.775
1.074	-5.754
1.068	-5.753
1.066	-5.753
1.066	-5.757
1.066	-5.759
1.067	-5.765
1.074	-5.770
1.071	-5.775
1.068	-5.778
1.064	-5.769
1.061	-5.766
1.044	-5.745
1.029	-5.723
1.012	-5.703
1.002	-5.692
1.028	-5.727
1.037	-5.738
1.026	-5.725
1.015	-5.712
1.004	-5.699
0.998	-5.691
0.987	-5.690
0.978	-5.693
0.965	-5.695
0.953	-5.698
0.940	-5.701
0.931	-5.704
0.922	-5.705
0.919	-5.716
0.914	-5.733
0.924	-5.757
0.934	-5.770
0.936	-5.773
0.939	-5.777
0.941	-5.775
0.944	-5.773
0.941	-5.768
0.941	-5.764
0.941	-5.758
0.941	-5.753
0.942	-5.747
0.948	-5.696
0.989	-5.702
1.028	-5.718
1.037	-5.722
1.046	-5.726
1.054	-5.732
1.079	-5.753
1.097	-5.782
1.125	-5.797
1.112	-5.783
1.079	-5.754
1.065	-5.730
1.062	-5.723
1.061	-5.713
1.071	-5.713
1.083	-5.713
1.095	-5.713
1.108	-5.713
POLYLINE GREEN
5.086	-5.060
5.724	-4.782
5.807	-4.779
6.312	-4.471
6.347	-4.450
6.379	-4.422
6.409	-4.393
6.610	-4.197
6.524	-4.234
6.737	-4.088
7.760	-3.387
6.957	-3.998
7.353	-3.646
7.382	-3.620
7.419	-3.602
7.445	-3.574
7.491	-3.524
7.589	-3.406
7.611	-3.321
7.616	-3.303
7.619	-3.286
7.623	-3.268
POLYLINE GREEN
7.530	-3.352
7.538	-3.331
7.551	-3.307
7.552	-3.283
7.553	-3.264
7.549	-3.243
7.541	-3.226
7.495	-3.120
7.453	-3.011
7.397	-2.910
7.291	-2.718
7.167	-2.535
7.056	-2.345
6.989	-2.231
6.997	-2.233
7.020	-2.116
POLYLINE GREEN
5.150	-5.025
4.826	-5.072
4.787	-5.070
4.389	-5.188
4.312	-5.211
4.244	-5.258
4.167	-5.281
4.020	-5.325
3.679	-5.365
3.543	-5.378
3.399	-5.391
3.253	-5.410
3.108	-5.406
2.820	-5.400
2.534	-5.339
2.246	-5.348
2.067	-5.383
1.887	-5.417
1.708	-5.451
1.638	-5.471
1.571	-5.506
1.499	-5.511
1.222	-5.529
0.945	-5.521
0.668	-5.521
0.643	-5.521
0.619	-5.517
0.595	-5.511
0.577	-5.507
0.557	-5.504
0.542	-5.494
0.382	-5.384
0.226	-5.269
0.072	-5.151
-0.074	-5.040
-0.150	-4.840
-0.186	-4.667
-0.196	-4.618
-0.199	-4.568
-0.206	-4.519
POLYLINE GREEN
6.938	-2.207
6.772	-2.031
6.775	-2.024
6.460	-1.833
6.323	-1.751
6.166	-1.704
6.028	-1.621
5.896	-1.541
5.779	-1.438
5.655	-1.347
POLYLINE GREEN
0.061	-0.083
0.518	-1.000
-0.047	-0.054
0.424	-1.159
0.546	-1.443
0.824	-1.847
1.123	-2.000
1.375	-2.130
1.459	-2.079
1.775	-2.101
1.854	-2.107
1.907	-2.148
1.976	-2.184
POLYLINE GREEN
1.919	-2.156
2.635	-2.341
2.535	-2.339
3.377	-2.432
3.437	-2.438
3.497	-2.434
3.556	-2.424
3.661	-2.406
3.765	-2.382
3.866	-2.349
3.923	-2.331
3.977	-2.302
4.028	-2.271
4.199	-2.169
4.259	-2.116
4.388	-1.967
4.409	-1.944
4.425	-1.917
4.440	-1.889
4.550	-1.682
4.536	-1.711
4.585	-1.570
POLYLINE GREEN
4.680	-1.533
4.901	-1.485
5.122	-1.438
5.343	-1.390
5.380	-1.388
5.418	-1.380
5.455	-1.383
5.489	-1.387
5.521	-1.402
5.554	-1.411
POLYLINE GREEN
4.806	-1.487
4.822	-1.779
POLYLINE GREEN
5.012	-1.584
5.058	-1.705
5.030	-1.638
5.099	-1.784
POLYLINE GREEN
5.288	-1.441
5.380	-1.613
5.332	-1.536
5.429	-1.674
POLYLINE RED
6.173	-0.797
6.129	-0.906
6.122	-0.898
6.109	-1.000
6.107	-1.016
6.101	-1.051
6.120	-1.064
6.137	-1.077
6.173	-1.068
6.189	-1.069
6.200	-1.069
6.211	-1.071
6.222	-1.074
6.323	-1.099
6.352	-1.207
6.272	-1.276
6.209	-1.330
6.049	-1.390
5.977	-1.317
5.974	-1.314
5.973	-1.311
5.971	-1.308
5.959	-1.282
5.946	-1.257
5.934	-1.232
POLYLINE RED
6.172	-0.728
6.358	-0.768
POLYLINE RED
6.498	-1.354
6.508	-1.291
6.504	-1.289
6.532	-1.230
6.547	-1.199
6.596	-1.121
6.642	-1.151
6.668	-1.169
6.684	-1.206
6.694	-1.233
6.700	-1.249
6.701	-1.266
6.709	-1.281
6.710	-1.284
6.716	-1.279
6.717	-1.276
6.722	-1.265
6.723	-1.253
6.727	-1.242
6.735	-1.213
6.736	-1.201
6.751	-1.177
6.766	-1.154
6.806	-1.129
6.816	-1.171
6.821	-1.187
6.824	-1.204
6.826	-1.221
6.827	-1.237
6.825	-1.254
6.825	-1.270
6.826	-1.277
6.823	-1.284
6.826	-1.289
6.828	-1.292
6.834	-1.290
6.836	-1.288
6.844	-1.282
6.850	-1.273
6.856	-1.266
6.891	-1.224
6.963	-1.112
7.005	-1.212
7.016	-1.240
7.016	-1.271
7.011	-1.300
7.006	-1.335
6.998	-1.370
6.991	-1.405
POLYLINE BROWN
3.022	-1.345
3.014	-1.284
3.010	-1.192
2.980	-1.129
2.812	-0.792
2.446	-0.740
2.101	-0.607
1.844	-0.508
1.595	-0.525
1.316	-0.522
1.170	-0.520
0.957	-0.572
0.803	-0.503
0.721	-0.465
0.540	-0.252
0.501	-0.211
POLYLINE BROWN
4.033	-0.318
3.993	-0.294
3.952	-0.273
3.914	-0.246
3.890	-0.229
3.871	-0.206
3.848	-0.186
3.833	-0.173
3.820	-0.158
3.803	-0.147
3.767	-0.123
3.729	-0.102
3.690	-0.083
2.788	0.353
3.071	0.250
2.652	0.397
POLYLINE BROWN
5.037	3.816
5.183	3.832
5.109	3.821
5.256	3.851
POLYLINE BROWN
6.413	4.146
6.951	4.214
POLYLINE RED
5.853	-1.341
5.862	-1.344
POLYLINE RED
8.401	-1.237
8.494	-1.167
POLYLINE RED
7.574	-3.513
7.806	-3.244
8.038	-2.974
8.269	-2.705
8.285	-2.677
8.308	-2.652
8.317	-2.621
8.551	-1.835
8.426	-2.202
8.542	-1.394
8.556	-1.295
8.591	-1.270
8.624	-1.182
8.640	-1.139
8.650	-1.094
8.663	-1.050
POLYLINE RED
8.603	-1.284
8.619	-0.782
8.692	-0.342
8.552	0.138
8.463	0.441
8.320	0.775
8.119	1.030
8.039	1.132
7.953	1.232
7.852	1.314
7.447	1.641
7.169	1.885
6.749	2.080
6.682	2.111
6.614	2.137
6.547	2.165
POLYLINE RED
3.085	4.550
2.575	4.529
2.126	4.258
1.683	4.036
POLYLINE RED
1.846	4.100
1.770	3.991
1.681	3.890
1.619	3.772
1.367	3.290
1.218	2.734
1.219	2.189
1.219	1.791
1.290	1.471
1.359	1.090
POLYLINE RED
1.332	1.096
1.332	1.097
POLYLINE RED
1.313	1.223
1.382	0.669
1.649	0.152
1.946	-0.310
2.071	-0.505
2.128	-0.575
2.280	-0.664
POLYLINE RED
2.330	-0.732
3.349	-1.171
2.816	-0.968
4.201	-1.396
4.569	-1.509
4.358	-1.424
4.611	-1.535
POLYLINE RED
3.025	-0.958
3.026	-0.958
POLYLINE RED
3.777	-0.571
4.042	-0.222
POLYLINE RED
2.928	-1.006
3.251	-0.887
3.430	-0.861
3.681	-0.672
3.749	-0.620
3.811	-0.559
3.870	-0.497
3.948	-0.415
4.039	-0.314
4.064	-0.197
4.093	-0.057
4.070	0.101
4.037	0.239
4.007	0.363
3.964	0.484
3.941	0.609
3.736	1.750
3.767	2.522
3.360	3.463
3.277	3.653
3.169	3.830
3.082	4.018
3.024	4.144
3.056	4.298
2.999	4.423
2.961	4.507
2.913	4.541
2.825	4.558
2.786	4.566
2.739	4.567
2.701	4.553
2.672	4.542
2.661	4.528
2.636	4.507
POLYLINE RED
1.383	1.365
1.531	1.378
1.471	1.363
1.566	1.395
POLYLINE RED
1.230	2.096
1.477	2.194
1.361	2.140
1.577	2.257
POLYLINE RED
1.459	3.277
1.679	3.174
POLYLINE RED
1.914	4.089
2.010	3.892
1.971	3.995
2.029	3.780
POLYLINE RED
2.329	4.354
2.325	4.036
POLYLINE RED
2.931	3.675
3.169	3.759
POLYLINE RED
3.400	2.597
3.707	2.585
POLYLINE RED
3.535	1.597
3.575	1.587
3.675	1.601
3.723	1.564
3.739	1.552
3.754	1.537
3.769	1.524
POLYLINE RED
3.730	0.628
3.808	0.602
3.881	0.567
3.937	0.504
3.957	0.481
3.974	0.456
3.992	0.432
POLYLINE RED
3.703	-0.079
3.799	-0.177
3.849	-0.299
3.923	-0.409
POLYLINE RED
3.495	-0.412
3.601	-0.626
POLYLINE RED
2.818	-0.602
2.794	-0.879
2.818	-0.783
2.788	-0.898
POLYLINE RED
2.352	-0.625
2.471	-0.394
2.440	-0.494
2.478	-0.340
POLYLINE RED
1.797	0.051
1.898	0.211
1.845	0.138
1.955	0.270
POLYLINE RED
1.529	0.703
1.576	0.749
1.598	0.781
1.648	0.812
1.666	0.823
1.698	0.832
1.716	0.838
POLYLINE GREEN
11.233	-6.822
11.167	-6.690
POLYLINE GREEN
16.969	11.051
16.903	11.317
POLYLINE RED
3.125	4.581
3.272	4.609
3.250	4.596
3.393	4.662
3.427	4.677
3.484	4.713
3.500	4.751
3.506	4.766
3.505	4.782
3.507	4.797
POLYLINE RED
5.330	11.763
5.623	11.742
POLYLINE RED
3.505	4.777
3.416	4.909
3.393	4.969
3.283	5.062
3.228	5.109
3.165	5.147
3.110	5.194
3.089	5.212
3.071	5.233
3.056	5.255
2.955	5.401
2.968	5.371
2.937	5.457
POLYLINE RED
-9.088	12.688
-8.158	10.802
-8.425	11.532
-8.097	10.579
POLYLINE RED
-9.413	11.990
-9.445	12.054
-9.480	12.117
-9.508	12.183
-9.584	12.366
-9.478	12.613
-9.407	12.768
-9.265	13.077
-9.038	13.370
-8.716	13.506
-8.535	13.582
-8.324	13.627
-8.128	13.595
-7.664	13.520
-7.288	13.155
-7.342	12.664
-7.351	12.581
-7.358	12.495
-7.390	12.417
-7.654	11.769
-7.948	11.134
-8.227	10.492
POLYLINE RED
-6.368	14.040
-6.469	13.818
-6.538	13.720
-6.565	13.484
-6.594	13.226
-6.621	12.923
-6.466	12.694
-6.203	12.306
-5.662	12.348
-5.292	12.551
-5.147	12.631
-4.959	12.747
-4.871	12.900
-4.852	12.933
-4.835	12.987
-4.831	13.025
-4.826	13.071
-4.821	13.133
-4.845	13.177
-4.956	13.381
-5.348	13.444
-5.546	13.464
-5.685	13.478
-5.850	13.469
-5.985	13.428
-6.366	13.311
-6.516	13.200
-6.830	12.971
POLYLINE RED
-5.533	15.359
-5.086	15.687
-4.641	16.019
-4.190	16.343
-4.125	16.389
-4.018	16.358
-3.981	16.290
-3.509	15.416
-3.029	14.546
-2.574	13.662
-2.523	13.562
-2.491	13.452
-2.465	13.342
-2.345	12.835
-2.393	12.214
-2.817	11.853
-3.039	11.664
-3.255	11.621
-3.532	11.584
POLYLINE RED
-2.128	17.666
-2.437	17.508
-2.611	17.424
-2.514	17.062
-2.502	17.019
-2.465	16.928
-2.427	16.892
-2.133	16.607
-1.567	16.398
-1.308	16.255
-1.274	16.236
-1.192	16.174
-1.159	16.129
-1.042	15.974
-1.167	15.421
-1.175	15.372
-1.190	15.291
-1.217	15.212
-1.245	15.135
-1.327	14.906
-1.438	14.885
-1.651	14.797
POLYLINE RED
-0.426	18.076
-0.502	17.874
-0.584	17.675
-0.655	17.471
-0.677	17.408
-0.654	17.253
-0.646	17.214
-0.601	17.010
-0.533	16.798
-0.351	16.677
-0.222	16.592
-0.018	16.554
0.104	16.516
POLYLINE RED
0.903	19.086
1.628	16.718
POLYLINE RED
2.086	19.051
2.418	17.777
2.220	18.322
2.616	17.394
POLYLINE RED
2.109	19.021
2.741	19.481
3.151	19.752
3.792	19.964
POLYLINE RED
2.145	18.238
4.185	18.927
POLYLINE RED
2.278	17.335
4.741	18.368
POLYLINE RED
-8.143	8.565
-8.210	8.501
-8.282	8.440
-8.345	8.372
-8.525	8.181
-8.539	7.838
-8.436	7.609
-8.321	7.354
-8.034	7.354
-7.794	7.397
-7.739	7.407
-7.634	7.440
-7.584	7.476
-7.467	7.560
-7.411	7.619
-7.329	7.734
-7.238	7.860
-7.236	8.052
-7.258	8.199
-7.295	8.447
-7.567	8.756
-7.830	8.767
-7.992	8.774
-8.152	8.681
-8.266	8.573
-8.488	8.361
-8.511	8.036
-8.539	7.749
POLYLINE RED
-6.557	9.062
-6.752	8.727
-6.877	8.418
-6.603	8.099
-6.543	8.029
-6.483	7.977
-6.404	7.932
-6.114	7.767
-5.606	7.951
-5.436	8.220
-5.318	8.408
-5.214	8.747
-5.314	8.965
-5.369	9.085
-5.502	9.176
-5.613	9.234
-5.963	9.419
-6.349	9.449
-6.713	9.281
-7.038	9.131
-7.163	9.008
-7.467	8.782
POLYLINE RED
-7.038	9.400
-6.640	8.773
-6.402	7.931
-5.894	7.330
POLYLINE RED
-7.109	9.325
-6.974	9.657
-6.908	9.952
-6.548	10.061
-6.487	10.079
-6.410	10.083
-6.347	10.075
-6.017	10.030
-5.753	9.784
-5.549	9.538
-5.296	9.234
-5.038	8.870
-5.131	8.449
-5.229	8.011
-5.511	7.771
-5.876	7.528
-6.115	7.368
-6.367	7.227
-6.612	7.077
POLYLINE RED
-2.915	11.827
-3.244	11.726
-3.581	11.612
-3.826	11.357
-3.910	11.270
-3.969	11.171
-4.016	11.060
-4.153	10.731
-4.014	10.456
-3.694	10.314
-3.251	10.116
-2.870	10.277
-2.424	10.391
POLYLINE RED
-2.359	12.523
-1.744	10.982
-2.030	11.570
-1.592	10.719
POLYLINE RED
-1.621	12.987
-0.864	11.119
POLYLINE RED
-1.693	12.776
0.221	14.547
POLYLINE RED
-1.410	11.473
-1.200	11.628
-0.971	11.759
-0.781	11.938
-0.327	12.364
-0.028	12.910
0.305	13.426
POLYLINE RED
-1.371	11.083
-1.259	11.139
-1.142	11.183
-1.036	11.249
-0.253	11.741
0.099	12.421
0.751	13.195
POLYLINE RED
1.232	13.803
1.261	13.673
1.318	13.547
1.319	13.414
1.319	13.367
1.257	13.485
1.234	13.525
1.190	13.602
1.149	13.681
1.116	13.764
1.077	13.864
1.040	13.999
1.043	14.114
1.053	14.382
1.196	14.688
1.419	14.845
1.730	15.064
1.780	14.747
1.807	14.484
1.812	14.437
1.813	14.307
1.787	14.250
1.711	14.081
1.586	13.866
1.445	13.745
1.160	13.502
0.848	13.290
0.549	13.062
POLYLINE RED
2.060	15.476
2.066	15.132
1.888	14.135
2.338	13.839
2.612	13.659
3.166	13.776
3.416	13.948
3.622	14.091
3.692	14.211
3.873	14.420
POLYLINE RED
1.413	13.614
2.902	15.119
POLYLINE RED
3.850	15.935
3.966	15.209
4.214	14.572
4.588	13.946
POLYLINE RED
3.769	15.909
5.560	16.909
POLYLINE RED
4.390	14.956
5.573	16.042
POLYLINE RED
4.318	14.024
5.161	14.615
4.717	14.247
5.599	15.187
POLYLINE RED
5.767	17.325
5.860	17.427
5.947	17.534
6.047	17.629
6.099	17.679
6.160	17.721
6.222	17.759
6.331	17.824
6.584	17.976
6.709	17.833
6.859	17.661
6.895	17.064
6.923	16.987
7.073	16.569
7.282	16.175
7.466	15.771
7.616	15.441
7.781	15.118
7.925	14.785
7.933	14.767
8.017	14.551
7.994	14.468
7.918	14.193
7.186	13.982
7.108	13.953
6.800	13.837
6.463	13.886
6.144	13.881
POLYLINE RED
6.748	2.180
6.715	2.326
6.669	2.469
6.650	2.617
6.593	3.044
6.792	3.653
6.970	4.033
7.137	4.390
7.688	5.238
7.831	5.861
7.869	6.024
7.841	6.265
7.837	6.403
POLYLINE RED
6.790	2.107
6.736	2.756
POLYLINE RED
7.890	6.513
7.886	6.568
7.878	6.623
7.878	6.679
7.879	6.714
7.879	6.750
7.893	6.782
8.032	7.109
8.159	7.442
8.335	7.750
9.241	9.330
8.767	8.313
9.779	9.564
11.259	11.394
9.970	10.024
10.575	10.658
POLYLINE RED
10.129	11.716
11.075	11.976
10.955	12.001
11.757	12.062
11.818	12.067
11.880	12.058
11.942	12.056
POLYLINE RED
11.896	12.812
12.395	12.702
12.372	12.732
12.837	12.531
12.911	12.499
12.992	12.438
13.049	12.380
13.171	12.254
13.168	12.082
13.062	11.944
13.009	11.875
12.919	11.821
12.849	11.781
12.651	11.669
12.228	11.598
12.107	11.567
POLYLINE RED
13.142	14.684
13.221	14.262
13.218	13.984
13.381	13.640
13.428	13.539
13.490	13.420
13.613	13.404
13.717	13.391
13.856	13.420
13.905	13.527
14.002	13.742
14.083	13.965
14.184	14.179
14.188	14.188
14.205	14.186
14.214	14.181
14.228	14.174
14.239	14.159
14.247	14.146
14.293	14.076
14.330	14.002
14.375	13.932
14.427	13.851
14.587	13.776
14.673	13.765
14.869	13.738
14.978	13.984
15.044	14.115
15.167	14.361
15.246	14.717
15.166	14.990
15.122	15.137
15.063	15.278
15.012	15.422
POLYLINE RED
15.812	15.513
15.881	14.656
15.814	15.263
16.018	14.121
16.020	14.108
16.022	14.093
16.018	14.080
16.016	14.074
16.012	14.092
16.010	14.097
15.954	14.406
15.886	14.713
15.842	15.023
15.828	15.127
15.831	15.233
15.836	15.338
15.839	15.393
15.859	15.728
15.992	15.733
16.138	15.738
16.356	15.424
16.371	15.408
16.459	15.306
16.561	15.104
16.545	14.973
16.537	14.906
16.511	14.841
16.476	14.782
16.443	14.729
16.239	14.393
16.115	14.297
15.977	14.190
15.859	14.151
15.701	14.081
POLYLINE RED
16.832	14.848
16.854	14.676
16.878	14.622
17.037	14.546
17.113	14.510
17.201	14.487
17.282	14.518
17.387	14.558
17.455	14.671
17.500	14.768
17.591	14.963
17.512	15.232
17.482	15.412
17.469	15.485
17.424	15.775
17.284	15.790
17.179	15.801
17.050	15.706
16.970	15.664
POLYLINE RED
17.330	15.644
17.451	16.332
17.447	16.053
17.430	16.475
POLYLINE RED
18.150	16.249
18.120	15.775
18.090	15.301
18.059	14.828
18.065	14.788
18.067	14.749
18.075	14.710
18.087	14.653
18.118	14.590
18.171	14.562
18.339	14.473
18.540	14.629
18.662	14.710
18.758	14.775
18.864	14.919
18.924	14.988
POLYLINE RED
17.863	14.979
18.502	15.434
18.180	15.174
18.819	15.775
POLYLINE RED
12.569	10.889
12.628	10.906
12.804	10.975
12.912	10.970
13.023	10.964
13.114	10.884
13.165	10.788
13.216	10.689
13.277	10.594
13.309	10.487
13.424	10.106
13.535	9.657
13.441	9.254
13.386	9.019
13.212	8.992
12.992	9.002
12.953	9.004
12.744	9.023
12.702	9.076
12.652	9.139
12.610	9.208
12.565	9.273
POLYLINE RED
14.036	11.256
13.851	9.926
13.458	10.139
13.860	9.925
POLYLINE RED
14.154	11.401
14.491	10.257
14.393	10.731
14.523	9.996
POLYLINE RED
13.538	10.634
14.372	10.867
POLYLINE RED
15.330	11.747
15.156	11.625
15.053	11.576
14.928	11.417
14.873	11.346
14.827	11.268
14.780	11.192
14.728	11.108
14.732	10.995
14.841	10.958
14.985	10.910
15.131	10.870
15.277	10.826
15.304	10.817
15.332	10.812
15.359	10.801
15.405	10.781
15.447	10.747
15.473	10.705
15.605	10.493
15.345	10.230
15.128	10.241
14.969	10.249
14.814	10.332
14.672	10.383
POLYLINE RED
15.941	11.525
15.923	11.380
15.855	11.095
15.882	10.897
15.894	10.811
15.961	10.683
16.066	10.745
16.184	10.815
16.278	10.969
16.337	11.063
16.452	11.242
16.546	11.435
16.650	11.621
POLYLINE RED
16.610	11.305
16.874	10.547
POLYLINE RED
17.230	12.179
17.297	10.580
POLYLINE RED
17.752	12.307
17.777	11.916
17.751	11.518
17.826	11.133
17.883	10.845
17.812	11.719
17.810	12.012
17.810	12.026
17.828	12.115
17.854	12.051
17.948	11.822
18.032	11.588
18.128	11.360
18.171	11.255
18.267	11.188
18.379	11.197
18.410	11.199
18.441	11.214
18.462	11.236
18.473	11.248
18.491	11.276
18.494	11.292
18.529	11.503
18.570	11.713
18.591	11.926
18.613	12.148
18.592	12.278
18.570	12.483
POLYLINE RED
19.188	12.347
19.346	11.094
POLYLINE RED
4.458	11.650
4.149	11.577
4.253	11.614
3.793	11.344
3.679	11.276
3.074	10.782
2.714	10.740
2.466	10.711
2.067	10.821
1.853	10.900
1.721	10.948
1.605	11.036
1.471	11.079
1.188	11.171
0.897	11.234
0.608	11.304
0.574	11.313
0.539	11.316
0.504	11.315
0.412	11.313
0.321	11.302
0.230	11.295
POLYLINE RED
3.115	5.113
2.761	5.388
2.390	5.642
2.055	5.939
1.715	6.239
1.670	6.507
1.284	6.648
POLYLINE RED
4.612	12.009
5.309	11.735
5.386	11.812
6.216	11.794
6.335	11.791
6.328	11.771
6.436	11.795
6.503	11.811
6.591	11.849
6.642	11.892
6.724	11.962
7.606	12.532
7.744	12.976
7.776	13.076
7.795	13.180
7.821	13.282
POLYLINE RED
4.427	11.396
4.713	11.674
4.529	11.531
5.022	11.770
POLYLINE GREEN
-1.162	2.098
-1.143	2.280
-1.106	2.425
-0.992	2.566
-0.852	2.740
-0.467	2.919
-0.272	2.738
-0.226	2.695
-0.191	2.637
-0.177	2.576
-0.163	2.511
-0.172	2.423
-0.205	2.366
-0.386	2.044
-0.584	1.731
-0.768	1.411
-0.797	1.359
-0.808	1.286
-0.797	1.227
-0.784	1.159
-0.683	1.069
-0.666	1.048
POLYLINE GREEN
-0.738	0.428
-0.755	0.497
POLYLINE GREEN
-1.824	0.819
-2.009	0.709
-2.205	0.616
-2.379	0.489
-2.588	0.337
-2.789	0.172
-2.969	-0.014
-3.262	-0.318
-3.514	-0.659
-3.794	-0.974
-3.825	-1.009
-3.863	-1.038
-3.901	-1.065
-3.943	-1.094
-3.989	-1.115
-4.033	-1.140
POLYLINE GREEN
-2.918	0.963
-2.602	1.010
-2.287	1.066
-1.970	1.103
-1.877	1.114
-1.596	1.125
-1.518	1.014
-1.478	0.958
-1.475	0.869
-1.493	0.805
-1.618	0.348
-1.656	0.385
-1.966	-0.136
POLYLINE GREEN
-10.111	-3.000
-10.059	-3.220
-9.990	-3.438
-9.955	-3.662
-9.947	-3.711
-10.008	-3.577
-10.027	-3.531
-10.086	-3.388
-10.139	-3.243
-10.187	-3.096
-10.201	-3.051
-10.210	-3.003
-10.214	-2.955
-10.237	-2.707
-10.207	-2.582
-10.050	-2.389
-9.968	-2.289
-9.838	-2.139
-9.694	-2.120
-9.536	-2.099
-9.474	-2.342
-9.482	-2.457
-9.487	-2.524
-9.512	-2.608
-9.543	-2.664
-9.621	-2.805
-9.722	-2.964
-9.862	-3.055
-9.876	-3.064
-9.890	-3.072
-9.906	-3.076
-10.004	-3.102
-10.107	-3.113
-10.203	-3.146
-10.309	-3.184
-10.408	-3.241
-10.510	-3.288
POLYLINE GREEN
-8.873	-2.415
-8.966	-2.536
-9.084	-2.663
-9.112	-2.821
-9.139	-2.968
-9.069	-3.332
-8.915	-3.423
-8.704	-3.546
-8.366	-3.316
-8.263	-3.138
-8.119	-2.889
-8.250	-2.625
-8.470	-2.479
-8.536	-2.435
-8.615	-2.407
-8.695	-2.405
-8.845	-2.403
-8.979	-2.504
-9.105	-2.567
POLYLINE GREEN
-7.480	-2.189
-7.547	-2.212
-7.615	-2.231
-7.680	-2.260
-7.740	-2.286
-7.810	-2.342
-7.850	-2.393
-8.017	-2.602
-8.064	-2.683
-8.055	-2.943
-8.052	-3.019
-8.036	-3.099
-7.990	-3.162
-7.867	-3.331
-7.506	-3.337
-7.334	-3.268
-7.288	-3.249
-7.181	-3.168
-7.169	-3.159
POLYLINE GREEN
-6.747	-1.759
-6.646	-3.239
POLYLINE GREEN
-6.525	-1.638
-6.310	-3.263
-6.318	-2.629
-6.335	-3.533
POLYLINE GREEN
-6.850	-2.678
-6.650	-2.581
-6.435	-2.584
-6.219	-2.577
POLYLINE GREEN
-5.740	-1.772
-5.730	-1.849
-5.723	-1.928
-5.709	-2.005
-5.683	-2.158
-5.502	-2.245
-5.395	-2.112
-5.306	-2.002
-5.252	-1.873
-5.187	-1.748
POLYLINE GREEN
-5.539	-2.410
-5.535	-3.104
-5.566	-2.810
-5.490	-3.296
POLYLINE GREEN
-5.032	-1.906
-5.102	-2.285
-5.172	-2.665
-5.242	-3.045
-5.248	-3.078
-5.262	-3.099
-5.248	-3.130
-5.221	-3.190
-5.115	-3.192
-5.065	-3.190
-4.938	-3.185
-4.811	-3.173
-4.685	-3.164
POLYLINE GREEN
-4.489	-2.068
-4.507	-2.340
-4.519	-2.613
-4.542	-2.886
-4.543	-2.906
-4.549	-2.845
-4.552	-2.825
-4.573	-2.629
-4.596	-2.433
-4.613	-2.237
-4.613	-2.231
-4.608	-2.223
-4.603	-2.225
-4.593	-2.228
-4.586	-2.239
-4.581	-2.248
-4.482	-2.434
-4.392	-2.624
-4.292	-2.809
-4.162	-3.050
-4.097	-2.693
-4.082	-2.614
-4.049	-2.440
-4.029	-2.264
-4.002	-2.088
POLYLINE GREEN
-3.660	-1.960
-3.614	-3.252
POLYLINE GREEN
-3.096	-2.127
-3.477	-2.999
-3.290	-2.702
-3.542	-3.079
POLYLINE GREEN
-3.104	-1.887
-2.891	-2.176
-2.805	-2.305
-2.775	-2.673
-2.765	-2.794
-2.783	-2.915
-2.787	-3.036
POLYLINE GREEN
-3.508	-2.778
-2.754	-2.691
POLYLINE GREEN
-11.937	-5.219
-11.226	-6.921
POLYLINE GREEN
-11.880	-5.247
-11.820	-5.122
-11.754	-5.017
-11.636	-4.943
-11.588	-4.913
-11.507	-4.893
-11.457	-4.887
-11.210	-4.858
-11.003	-4.907
-10.796	-5.045
-10.693	-5.114
-10.605	-5.181
-10.529	-5.275
-10.457	-5.363
-10.433	-5.498
-10.424	-5.606
-10.401	-5.866
-10.446	-5.968
-10.591	-6.179
-10.640	-6.250
-10.731	-6.317
-10.799	-6.354
-10.983	-6.451
-11.173	-6.538
-11.364	-6.621
-11.415	-6.643
-11.468	-6.661
-11.523	-6.668
-11.682	-6.690
-11.843	-6.696
-12.003	-6.710
POLYLINE GREEN
-9.959	-5.345
-10.143	-5.565
-10.170	-5.675
-10.156	-5.966
-10.154	-6.029
-10.134	-6.111
-10.107	-6.171
-10.072	-6.248
-10.015	-6.314
-9.942	-6.357
-9.706	-6.494
-9.522	-6.485
-9.304	-6.311
-9.143	-6.183
-8.908	-6.001
-8.817	-5.793
-8.776	-5.697
-8.810	-5.572
-8.853	-5.485
-9.004	-5.177
-9.147	-4.981
-9.504	-5.076
-9.726	-5.135
-9.903	-5.187
-10.089	-5.306
-10.323	-5.456
-10.394	-5.686
-10.500	-5.932
POLYLINE GREEN
-6.759	-4.933
-6.819	-4.930
-6.877	-4.922
-6.937	-4.923
-7.091	-4.925
-7.275	-5.045
-7.388	-5.128
-7.554	-5.251
-7.649	-5.377
-7.763	-5.553
-7.818	-5.637
-7.890	-5.766
-7.890	-5.877
-7.891	-5.973
-7.833	-6.071
-7.782	-6.145
-7.696	-6.270
-7.580	-6.386
-7.427	-6.422
-7.403	-6.427
-7.344	-6.439
-7.316	-6.421
-7.270	-6.391
-7.328	-6.310
-7.342	-6.286
-7.417	-6.165
-7.509	-6.063
-7.531	-5.920
-7.553	-5.780
-7.351	-5.719
-7.250	-5.705
-7.114	-5.685
-7.016	-5.700
-6.875	-5.729
-6.773	-5.750
-6.673	-5.780
-6.572	-5.806
POLYLINE GREEN
-6.075	-5.121
-6.156	-5.171
-6.239	-5.216
-6.318	-5.270
-6.440	-5.353
-6.567	-5.587
-6.453	-5.725
-6.337	-5.863
-6.138	-5.852
-5.992	-5.769
-5.942	-5.741
-5.893	-5.695
-5.860	-5.649
-5.779	-5.540
-5.618	-5.191
-5.783	-5.075
-5.958	-4.953
-6.111	-5.031
-6.281	-5.108
POLYLINE GREEN
-5.663	-4.192
-5.920	-5.515
POLYLINE GREEN
-5.331	-5.067
-5.330	-5.185
-5.335	-5.304
-5.328	-5.422
-5.319	-5.471
-5.311	-5.520
-5.302	-5.569
-5.302	-5.568
-5.301	-5.567
-5.301	-5.566
-5.321	-5.389
-5.355	-5.214
-5.362	-5.036
-5.372	-4.787
-5.330	-4.268
-5.049	-4.130
-4.968	-4.091
-4.755	-3.993
-4.687	-4.119
-4.653	-4.182
-4.696	-4.273
-4.731	-4.323
-4.829	-4.462
-4.908	-4.555
-5.039	-4.656
-5.077	-4.686
-5.120	-4.710
-5.162	-4.733
-5.195	-4.751
-5.232	-4.763
-5.265	-4.782
-5.339	-4.825
-5.310	-4.907
-5.259	-4.955
-5.011	-5.192
-4.759	-5.426
-4.510	-5.662
POLYLINE GREEN
-3.861	-3.875
-3.977	-4.092
-3.988	-4.077
-4.043	-4.313
-4.067	-4.415
-4.102	-4.664
-3.943	-4.700
-3.878	-4.714
-3.794	-4.695
-3.738	-4.664
-3.676	-4.630
-3.337	-4.445
-3.233	-4.324
-3.111	-4.181
-3.069	-4.093
-2.983	-3.939
POLYLINE GREEN
-3.814	-4.609
-3.767	-5.990
-3.744	-5.478
-3.784	-6.146
POLYLINE RED
-2.163	9.270
-0.351	8.719
-0.971	8.931
-0.273	8.690
POLYLINE RED
-0.567	9.149
-0.760	8.946
0.694	8.815
0.346	8.449
0.250	8.348
0.151	8.250
0.048	8.157
0.015	8.128
-0.020	8.100
-0.059	8.081
-0.358	7.939
-0.622	7.771
-0.942	7.735
POLYLINE RED
4.265	4.780
4.423	5.013
4.580	5.248
4.741	5.480
4.763	5.512
4.790	5.523
4.825	5.513
4.882	5.498
4.937	5.477
4.994	5.466
5.112	5.443
5.233	5.431
5.352	5.411
5.364	5.409
5.383	5.399
5.393	5.392
5.493	5.322
5.443	5.009
5.443	5.005
5.444	4.974
5.416	4.912
5.387	4.895
5.309	4.850
5.234	4.799
5.150	4.766
5.053	4.728
4.951	4.706
4.850	4.685
4.726	4.659
4.600	4.643
4.475	4.624
4.456	4.621
4.429	4.627
4.413	4.637
4.361	4.670
4.323	4.734
4.288	4.780
POLYLINE RED
4.334	4.851
4.575	4.977
4.476	4.931
4.879	5.084
4.890	5.088
4.902	5.091
4.913	5.090
5.015	5.076
5.117	5.061
5.218	5.040
5.311	5.020
5.386	4.981
5.473	4.943
POLYLINE RED
4.886	5.096
5.347	5.323
5.193	5.225
5.375	5.344
POLYLINE RED
4.789	5.529
4.882	5.111
POLYLINE RED
5.705	5.659
5.668	5.518
5.630	5.376
5.595	5.234
5.590	5.214
5.594	5.189
5.602	5.170
5.609	5.155
5.624	5.131
5.640	5.124
5.791	5.066
5.942	5.010
6.094	4.956
6.105	4.952
6.128	4.952
6.139	4.954
6.169	4.960
6.202	4.977
6.225	4.992
6.333	5.059
6.438	5.132
6.546	5.200
6.579	5.220
6.616	5.235
6.650	5.255
6.690	5.278
6.728	5.374
6.739	5.393
6.777	5.456
6.817	5.517
6.854	5.581
6.858	5.587
6.859	5.594
6.861	5.601
6.872	5.650
6.836	5.690
6.793	5.711
6.720	5.748
6.645	5.783
6.569	5.814
6.413	5.876
6.256	5.932
6.098	5.987
6.038	6.008
5.941	5.987
5.897	5.940
5.827	5.865
5.762	5.784
5.695	5.707
POLYLINE RED
0.000	-0.000
0.000	-0.000
POLYLINE RED
6.209	5.476
6.160	4.962
POLYLINE RED
5.645	5.689
6.345	5.347
5.737	5.625
6.109	5.484
6.121	5.479
6.132	5.470
6.143	5.463
6.161	5.453
6.178	5.441
6.195	5.430
POLYLINE RED
6.237	5.506
6.369	5.519
6.501	5.532
6.633	5.545
6.672	5.552
6.713	5.555
6.751	5.567
6.781	5.576
6.807	5.594
6.835	5.607
POLYLINE RED
6.140	5.544
6.101	5.748
6.135	5.598
5.983	5.979
POLYLINE RED
6.470	6.258
7.147	5.457
6.598	6.136
6.835	5.804
6.868	5.758
6.927	5.747
6.980	5.756
7.100	5.775
7.219	5.802
7.339	5.822
7.356	5.825
7.373	5.824
7.390	5.826
7.447	5.833
7.465	5.932
7.475	5.964
7.486	6.001
7.601	6.223
7.542	6.327
7.523	6.360
7.499	6.389
7.465	6.409
7.377	6.459
7.285	6.504
7.199	6.558
7.087	6.629
7.062	6.678
6.960	6.717
6.701	6.816
6.432	6.549
6.259	6.412
POLYLINE RED
6.313	6.404
6.527	6.238
POLYLINE RED
6.384	6.418
6.386	6.419
POLYLINE RED
6.896	6.357
6.888	5.809
POLYLINE RED
6.909	6.291
7.051	6.242
7.214	6.160
7.375	6.148
7.385	6.147
7.395	6.151
7.406	6.153
POLYLINE RED
6.353	6.515
6.530	6.484
6.707	6.452
6.884	6.421
6.888	6.421
6.892	6.421
6.896	6.422
6.906	6.424
6.915	6.430
6.919	6.440
6.946	6.492
6.903	6.620
6.891	6.662
POLYLINE RED
3.174	8.342
3.367	8.789
3.208	8.441
3.859	9.376
3.891	9.421
3.976	9.413
4.019	9.403
4.279	9.348
4.538	9.291
4.797	9.230
4.823	9.224
4.851	9.203
4.868	9.182
4.908	9.131
4.909	9.045
4.902	8.985
4.878	8.781
4.851	8.578
4.821	8.375
4.815	8.337
4.793	8.285
4.764	8.257
4.748	8.241
4.712	8.215
4.692	8.211
4.502	8.173
4.313	8.127
4.120	8.110
4.000	8.099
3.503	8.058
3.285	8.152
3.214	8.182
3.134	8.269
3.091	8.306
POLYLINE RED
3.163	8.346
3.336	8.439
3.503	8.543
3.682	8.625
3.821	8.688
3.969	8.733
4.115	8.781
4.167	8.798
4.244	8.807
4.295	8.779
4.300	8.776
4.305	8.773
4.309	8.768
4.442	8.617
4.574	8.464
4.706	8.312
POLYLINE RED
4.179	8.761
4.685	9.117
POLYLINE RED
3.791	9.456
4.311	8.858
POLYLINE RED
1.188	7.316
1.449	7.652
1.708	7.989
1.972	8.324
1.999	8.358
2.052	8.377
2.093	8.385
2.140	8.394
2.177	8.388
2.221	8.373
2.507	8.274
2.795	8.177
3.080	8.075
3.133	8.056
3.170	8.016
3.178	7.961
3.181	7.945
3.184	7.928
3.181	7.912
3.153	7.756
3.121	7.602
3.087	7.447
3.085	7.435
3.078	7.423
3.071	7.412
3.040	7.358
2.970	7.359
2.916	7.363
2.697	7.379
2.479	7.403
2.260	7.424
2.251	7.425
2.242	7.427
2.233	7.427
2.162	7.427
2.085	7.366
2.040	7.327
1.908	7.210
1.785	7.084
1.656	6.964
1.606	6.917
1.508	6.992
1.480	7.017
1.003	7.461
1.291	7.243
1.078	7.401
POLYLINE RED
1.272	7.390
1.502	7.523
1.731	7.658
1.963	7.789
2.008	7.814
2.074	7.819
2.117	7.788
2.124	7.783
2.131	7.778
2.136	7.771
2.186	7.703
2.232	7.632
2.280	7.562
POLYLINE RED
2.183	7.956
3.251	7.963
2.929	8.141
3.286	7.929
POLYLINE RED
2.038	7.879
2.042	8.208
2.029	8.016
2.103	8.453
POLYLINE RED
1.104	8.813
1.165	8.859
1.222	8.911
1.288	8.949
1.486	9.064
1.692	9.167
1.895	9.273
1.922	9.287
1.963	9.276
1.982	9.253
2.072	9.145
2.154	9.030
2.250	8.927
2.309	8.864
2.391	8.806
2.471	8.767
2.530	8.738
2.581	8.751
2.636	8.784
2.823	8.897
3.011	9.008
3.196	9.126
3.231	9.149
3.268	9.186
3.281	9.228
3.284	9.237
3.286	9.245
3.286	9.253
3.284	9.378
3.281	9.503
3.274	9.627
3.270	9.691
3.226	9.764
3.168	9.792
3.095	9.827
2.988	9.836
2.922	9.838
2.376	9.854
2.441	9.802
1.818	9.738
1.752	9.731
1.428	9.738
1.277	9.695
1.252	9.687
1.227	9.677
1.205	9.665
1.061	9.586
0.989	9.506
0.941	9.347
0.914	9.262
0.896	9.174
0.878	9.086
0.873	9.061
0.872	9.035
0.872	9.010
0.872	8.904
0.916	8.856
1.020	8.842
1.061	8.837
1.115	8.843
1.151	8.864
1.287	8.945
1.426	9.036
1.515	9.171
1.565	9.247
1.554	9.338
1.592	9.419
1.629	9.497
1.718	9.569
1.791	9.607
1.830	9.626
1.873	9.634
1.913	9.647
POLYLINE RED
1.945	9.735
2.116	9.476
2.377	9.716
2.489	9.547
2.525	9.492
2.518	9.389
2.521	9.343
2.545	9.058
2.521	9.200
2.572	8.967
POLYLINE RED
2.458	9.599
2.968	9.700
POLYLINE RED
1.052	9.637
1.359	9.436
POLYLINE RED
3.900	10.031
3.919	9.954
3.895	9.827
3.942	9.747
3.975	9.692
4.061	9.698
4.113	9.709
4.299	9.751
4.481	9.811
4.669	9.841
4.777	9.858
4.887	9.852
4.996	9.850
5.063	9.849
5.153	9.807
5.218	9.844
5.261	9.868
5.299	9.926
5.315	9.967
5.367	10.102
5.410	10.241
5.454	10.378
5.474	10.439
5.418	10.492
5.368	10.513
5.114	10.617
4.861	10.540
4.579	10.535
4.556	10.535
4.533	10.540
4.510	10.544
4.408	10.562
4.314	10.595
4.209	10.579
4.098	10.562
3.423	10.456
3.310	10.306
3.285	10.273
3.327	10.236
3.341	10.211
3.350	10.195
3.359	10.165
3.359	10.147
3.361	10.088
3.359	10.029
3.361	9.971
3.361	9.966
3.362	9.961
3.364	9.957
3.374	9.930
3.411	9.916
3.437	9.919
3.645	9.943
3.632	9.947
3.823	9.997
POLYLINE RED
3.978	10.131
4.142	10.230
4.306	10.330
4.471	10.429
4.493	10.441
4.538	10.425
4.554	10.413
4.617	10.365
4.678	10.315
4.737	10.262
4.975	10.050
4.802	10.175
4.954	10.070
POLYLINE RED
4.940	10.190
5.154	10.357
5.054	10.292
5.233	10.396
POLYLINE RED
5.664	9.858
5.582	9.593
5.506	9.325
5.416	9.061
5.391	8.988
5.257	8.813
5.313	8.698
5.318	8.687
5.326	8.676
5.334	8.666
5.364	8.626
5.399	8.589
5.427	8.547
5.455	8.505
5.476	8.457
5.504	8.414
5.539	8.358
5.618	8.333
5.681	8.337
5.944	8.357
6.123	8.497
6.368	8.608
6.465	8.652
6.556	8.636
6.640	8.711
6.716	8.779
6.779	8.872
6.786	8.977
6.786	8.977
6.739	9.268
6.830	9.338
6.864	9.364
6.912	9.371
6.953	9.374
7.083	9.382
7.233	9.363
7.340	9.458
7.492	9.593
7.495	9.923
7.522	10.050
7.528	10.076
7.495	10.108
7.478	10.119
7.381	10.182
7.283	10.200
7.164	10.228
7.114	10.240
7.018	10.257
6.960	10.234
6.895	10.207
6.857	10.137
6.832	10.076
6.774	9.937
6.723	9.795
6.664	9.656
6.642	9.605
6.583	9.535
6.519	9.546
6.339	9.577
6.218	9.764
6.096	9.869
5.992	9.960
5.780	10.030
5.650	9.955
5.638	9.949
5.626	9.943
5.619	9.932
5.584	9.886
5.556	9.836
5.524	9.787
POLYLINE RED
5.627	9.954
5.724	9.839
5.821	9.724
5.918	9.608
5.953	9.575
5.990	9.543
6.023	9.507
6.042	9.487
6.057	9.448
6.063	9.422
6.129	9.120
5.576	8.600
5.500	8.508
POLYLINE RED
6.230	9.504
6.682	9.281
POLYLINE RED
6.713	9.483
6.889	9.789
POLYLINE RED
6.990	9.938
7.452	9.878
POLYLINE RED
2.478	6.250
2.865	6.911
2.802	6.852
3.164	7.345
3.259	7.474
3.590	7.468
3.676	7.470
3.854	7.476
4.031	7.466
4.208	7.459
4.228	7.459
4.262	7.444
4.278	7.433
4.323	7.404
4.357	7.340
4.357	7.286
4.358	7.070
4.355	6.854
4.344	6.638
4.341	6.575
4.352	6.330
4.231	6.281
3.951	6.168
3.672	6.051
3.386	5.955
3.278	5.919
2.964	5.830
2.820	5.917
2.597	6.053
2.593	6.081
2.384	6.280
POLYLINE RED
2.737	6.489
2.735	6.489
POLYLINE RED
2.733	6.477
3.002	6.568
3.269	6.663
3.538	6.750
3.565	6.759
3.618	6.758
3.647	6.752
3.775	6.725
3.877	6.612
3.959	6.524
4.074	6.400
4.177	6.267
4.286	6.138
POLYLINE RED
3.573	6.869
4.192	7.341
3.981	7.148
4.247	7.398
POLYLINE RED
3.499	6.870
3.254	7.663
POLYLINE RED
4.853	7.115
4.664	6.610
4.482	6.102
4.285	5.599
4.249	5.508
4.194	5.425
4.154	5.335
4.151	5.327
4.152	5.316
4.157	5.309
4.167	5.292
4.205	5.300
4.215	5.305
4.760	5.567
5.302	5.836
5.845	6.101
POLYLINE RED
5.099	7.434
5.128	7.443
POLYLINE RED
6.632	7.976
6.769	8.042
6.904	8.111
7.043	8.172
7.166	8.227
7.299	8.163
7.330	8.031
7.365	7.884
7.397	7.736
7.428	7.587
7.435	7.553
7.421	7.499
7.401	7.471
7.375	7.433
7.350	7.392
7.315	7.362
6.249	6.456
6.532	6.648
5.934	6.264
POLYLINE RED
4.801	7.218
6.379	7.881
POLYLINE RED
5.060	7.157
5.585	6.858
5.362	6.962
5.714	6.812
POLYLINE RED
5.744	6.915
7.337	8.001
POLYLINE RED
5.710	6.551
5.758	6.135
POLYLINE RED
5.007	4.375
5.103	4.413
5.613	4.726
5.793	4.719
5.886	4.715
5.975	4.622
6.022	4.550
6.362	4.028
6.286	4.220
6.389	3.923
POLYLINE RED
4.660	4.075
5.060	3.783
4.935	3.898
5.351	3.455
5.381	3.424
5.428	3.334
5.435	3.295
5.663	1.958
5.485	2.509
5.633	2.060
POLYLINE RED
5.258	3.530
5.453	3.729
5.378	3.639
5.495	3.789
POLYLINE RED
6.090	1.309
6.072	1.234
6.053	1.159
6.035	1.084
6.029	1.038
6.014	0.897
6.017	0.944
6.025	1.121
6.036	1.297
6.053	1.473
6.059	1.529
6.123	1.713
6.205	1.714
6.231	1.714
6.287	1.688
6.290	1.687
6.397	1.633
6.500	1.572
6.606	1.518
6.648	1.497
6.722	1.499
6.740	1.443
6.794	1.280
6.798	1.192
6.819	0.997
6.821	0.976
6.814	0.940
6.806	0.919
6.760	0.793
6.577	0.771
6.464	0.782
6.420	0.786
6.369	0.806
6.331	0.825
6.258	0.861
6.186	0.901
6.113	0.939
POLYLINE RED
6.130	1.054
6.355	1.206
6.231	1.131
6.508	1.271
POLYLINE RED
6.415	1.239
6.670	1.022
6.560	1.134
6.752	0.909
POLYLINE RED
6.443	1.208
6.642	1.366
POLYLINE RED
6.224	1.651
6.442	1.420
POLYLINE RED
7.208	0.886
7.138	0.731
7.084	0.568
6.996	0.422
6.886	0.238
6.742	0.076
6.617	-0.098
6.613	-0.103
6.612	-0.118
6.612	-0.124
6.615	-0.153
6.644	-0.187
6.668	-0.200
6.807	-0.274
6.948	-0.344
7.089	-0.413
7.116	-0.426
7.157	-0.419
7.177	-0.397
7.224	-0.346
7.265	-0.288
7.317	-0.241
7.381	-0.182
7.473	-0.115
7.560	-0.081
7.658	-0.044
7.755	-0.056
7.858	-0.069
7.896	-0.074
7.925	-0.095
7.960	-0.081
8.016	-0.057
8.054	0.036
8.067	0.082
8.099	0.192
8.121	0.305
8.145	0.417
8.146	0.424
8.145	0.432
8.144	0.440
8.128	0.543
7.966	0.608
7.875	0.600
7.812	0.595
7.750	0.585
7.689	0.573
7.656	0.566
7.588	0.524
7.542	0.544
7.437	0.589
7.437	0.853
7.426	0.915
7.421	0.944
7.397	1.032
7.348	1.002
7.341	0.997
7.335	0.992
7.330	0.986
7.298	0.954
7.269	0.919
7.236	0.889
7.213	0.868
7.187	0.852
7.163	0.833
POLYLINE RED
6.602	-0.261
6.835	-0.131
7.067	-0.001
7.300	0.129
7.341	0.152
7.369	0.108
7.388	0.077
7.432	0.001
7.474	-0.076
7.517	-0.153
POLYLINE RED
7.400	0.077
7.568	0.193
7.763	0.212
7.946	0.282
POLYLINE RED
7.393	0.236
7.416	0.784
7.472	0.590
7.382	0.841
POLYLINE RED
7.080	-1.020
7.239	-0.820
7.324	-0.670
7.499	-0.526
7.527	-0.504
7.569	-0.478
7.608	-0.481
7.612	-0.481
7.617	-0.482
7.621	-0.483
7.730	-0.528
7.838	-0.576
7.947	-0.621
8.004	-0.645
8.057	-0.658
8.100	-0.705
8.155	-0.766
8.184	-0.870
8.192	-0.946
8.211	-1.122
8.238	-1.332
8.173	-1.507
8.156	-1.551
8.136	-1.572
8.107	-1.609
8.023	-1.712
7.940	-1.816
7.855	-1.918
7.834	-1.943
7.793	-1.951
7.763	-1.945
7.714	-1.935
7.612	-1.870
7.607	-1.867
7.558	-1.839
7.515	-1.801
7.465	-1.776
7.382	-1.737
7.184	-1.705
7.104	-1.602
7.082	-1.574
7.064	-1.529
7.058	-1.498
7.022	-1.328
6.995	-1.156
6.963	-0.985
POLYLINE RED
6.933	-1.046
7.130	-1.080
7.326	-1.114
7.522	-1.147
7.557	-1.153
7.561	-1.147
7.590	-1.159
7.689	-1.202
7.683	-1.385
7.693	-1.452
7.715	-1.606
7.735	-1.760
7.756	-1.914
POLYLINE RED
7.665	-1.276
8.021	-0.925
POLYLINE RED
5.610	0.512
5.558	0.409
5.495	0.310
5.453	0.202
5.361	-0.035
5.289	-0.280
5.210	-0.521
5.208	-0.527
5.208	-0.534
5.209	-0.540
5.210	-0.570
5.231	-0.593
5.258	-0.604
5.352	-0.642
5.448	-0.675
5.541	-0.715
5.579	-0.732
5.611	-0.756
5.648	-0.774
5.690	-0.794
5.754	-0.781
5.790	-0.755
5.917	-0.667
6.037	-0.568
6.165	-0.480
6.192	-0.461
6.224	-0.449
6.255	-0.435
6.289	-0.420
6.321	-0.418
6.335	-0.381
6.358	-0.318
6.344	-0.246
6.333	-0.183
6.331	-0.172
6.327	-0.161
6.326	-0.150
6.321	-0.107
6.328	-0.069
6.340	-0.027
6.354	0.020
6.371	0.062
6.399	0.101
6.425	0.137
6.478	0.162
6.445	0.211
6.440	0.219
6.434	0.229
6.426	0.235
6.320	0.324
6.304	0.335
6.190	0.392
6.142	0.416
6.092	0.437
6.043	0.460
6.016	0.473
5.998	0.483
5.966	0.481
5.900	0.479
5.833	0.441
5.779	0.405
5.753	0.387
5.750	0.375
5.726	0.365
5.672	0.344
5.610	0.385
5.570	0.416
5.557	0.425
5.548	0.439
5.535	0.447
5.513	0.459
5.489	0.466
5.466	0.475
POLYLINE RED
5.228	-0.532
5.382	-0.396
5.533	-0.257
5.689	-0.124
5.726	-0.092
5.810	-0.038
5.865	-0.061
5.883	-0.069
5.901	-0.087
5.908	-0.105
5.979	-0.281
6.046	-0.459
6.114	-0.637
POLYLINE RED
5.906	-0.114
6.080	0.087
6.008	0.031
6.215	0.173
6.255	0.201
6.299	0.223
6.338	0.252
6.362	0.270
6.383	0.292
6.405	0.312
POLYLINE RED
5.545	0.276
5.672	0.077
5.686	0.067
5.842	-0.071
POLYLINE GREEN
-0.115	-4.545
-0.055	-4.288
-0.027	-4.226
-0.047	-3.906
-0.058	-3.733
-0.113	-3.566
-0.128	-3.394
-0.133	-3.335
-0.100	-3.068
-0.139	-2.942
-0.192	-2.771
-0.258	-2.704
-0.338	-2.515
-0.377	-2.424
-0.405	-2.329
-0.434	-2.234
-0.457	-2.157
-0.473	-2.078
-0.492	-2.000
-0.505	-1.950
-0.521	-1.901
-0.529	-1.850
-0.569	-1.581
-0.592	-1.309
-0.637	-1.041
-0.774	-0.218
-0.727	-0.874
-0.754	-0.322
POLYLINE GREEN
-0.591	-0.511
-0.376	-0.135
POLYLINE GREEN
-0.387	-0.142
-0.327	-0.138
POLYLINE GREEN
-0.306	-0.145
-0.185	-0.261
-0.138	-0.131
-0.064	-0.191
-0.048	-0.204
-0.040	-0.225
-0.036	-0.245
-0.020	-0.337
-0.064	-0.400
-0.097	-0.492
POLYLINE GREEN
-0.555	-0.508
-0.298	-0.460
-0.452	-0.485
-0.092	-0.447
POLYLINE GREEN
-0.544	-0.478
-0.257	-0.274
-0.508	-0.449
-0.312	-0.318
-0.282	-0.298
-0.247	-0.265
-0.209	-0.253
-0.162	-0.239
-0.083	-0.249
-0.051	-0.249
POLYLINE GREEN
-0.568	-0.224
-0.744	-0.121
-0.646	-0.170
-0.951	-0.072
-0.981	-0.063
-1.022	-0.075
-1.044	-0.097
-1.050	-0.102
-1.060	-0.116
-1.062	-0.124
-1.078	-0.194
-1.101	-0.264
-1.105	-0.336
-1.124	-0.689
-1.137	-1.043
-1.131	-1.397
-1.129	-1.548
-1.089	-1.706
-1.055	-1.855
POLYLINE GREEN
-0.600	-0.018
-0.591	-0.048
-0.584	-0.079
-0.574	-0.109
-0.574	-0.109
-0.539	-0.178
-0.538	-0.209
-0.536	-0.248
-0.577	-0.271
-0.611	-0.273
-0.661	-0.276
-0.711	-0.277
-0.760	-0.279
POLYLINE GREEN
-2.055	-2.307
-2.042	-2.290
-2.031	-2.270
-2.015	-2.256
-2.011	-2.253
-2.014	-2.267
-2.014	-2.273
-2.021	-2.297
-2.025	-2.323
-2.035	-2.346
-2.048	-2.379
-2.068	-2.409
-2.082	-2.441
-2.084	-2.444
-2.083	-2.447
-2.082	-2.450
-2.075	-2.475
-2.001	-2.457
-1.987	-2.451
-1.951	-2.435
-1.916	-2.418
-1.881	-2.401
POLYLINE GREEN
-1.850	-2.229
-1.858	-2.271
-1.872	-2.313
-1.874	-2.356
-1.875	-2.382
-1.859	-2.306
-1.853	-2.281
-1.849	-2.267
-1.848	-2.252
-1.844	-2.238
-1.842	-2.230
-1.834	-2.231
-1.830	-2.237
-1.791	-2.292
-1.754	-2.348
-1.717	-2.404
POLYLINE GREEN
-1.879	-2.327
-1.826	-2.295
-1.815	-2.293
-1.758	-2.288
POLYLINE GREEN
-1.743	-2.239
-1.737	-2.259
-1.732	-2.279
-1.725	-2.298
-1.710	-2.340
-1.655	-2.299
-1.643	-2.277
-1.621	-2.233
-1.602	-2.187
-1.582	-2.142
POLYLINE GREEN
-1.645	-2.218
-1.565	-2.322
-1.602	-2.269
-1.535	-2.379
POLYLINE GREEN
-1.544	-2.196
-1.536	-2.238
-1.538	-2.336
-1.474	-2.349
-1.444	-2.354
-1.389	-2.338
-1.370	-2.334
POLYLINE GREEN
-1.312	-2.161
-1.265	-2.373
POLYLINE GREEN
-1.219	-2.199
-1.210	-2.225
-1.201	-2.250
-1.192	-2.276
-1.191	-2.277
-1.188	-2.283
-1.188	-2.281
-1.191	-2.252
-1.202	-2.225
-1.202	-2.197
-1.202	-2.190
-1.192	-2.205
-1.188	-2.210
-1.174	-2.225
-1.179	-2.224
-1.165	-2.234
-1.156	-2.240
-1.144	-2.242
-1.134	-2.239
-1.083	-2.226
-1.098	-2.124
-1.097	-2.101
POLYLINE GREEN
-1.050	-2.134
-1.045	-2.164
-1.042	-2.194
-1.022	-2.219
-1.011	-2.232
-0.995	-2.243
-0.978	-2.248
-0.956	-2.254
-0.933	-2.251
-0.917	-2.234
-0.901	-2.215
-0.893	-2.192
-0.894	-2.168
-0.895	-2.155
-0.898	-2.140
-0.903	-2.129
-0.919	-2.095
-0.962	-2.044
-1.000	-2.080
-1.003	-2.082
-1.004	-2.085
-1.005	-2.088
-1.016	-2.110
-1.026	-2.133
-1.037	-2.156
POLYLINE GREEN
-2.110	-2.594
-2.103	-2.604
-2.097	-2.742
-2.057	-2.751
-2.040	-2.754
-2.026	-2.735
-2.004	-2.743
-1.988	-2.748
-1.991	-2.751
-1.974	-2.759
-1.955	-2.768
-1.923	-2.774
-1.905	-2.758
-1.865	-2.721
-1.860	-2.638
-1.852	-2.584
POLYLINE GREEN
-1.752	-2.662
-1.753	-2.667
-1.769	-2.743
-1.765	-2.686
-1.763	-2.660
-1.761	-2.634
-1.757	-2.609
-1.753	-2.585
-1.741	-2.558
-1.716	-2.583
-1.689	-2.610
-1.662	-2.638
-1.636	-2.667
-1.628	-2.675
-1.622	-2.684
-1.615	-2.692
-1.606	-2.702
-1.596	-2.712
-1.586	-2.722
POLYLINE GREEN
-1.770	-2.605
-1.687	-2.602
POLYLINE GREEN
-1.553	-2.516
-1.548	-2.560
-1.542	-2.604
-1.537	-2.649
-1.530	-2.714
-1.558	-2.593
-1.539	-2.595
-1.521	-2.596
-1.503	-2.638
-1.473	-2.613
-1.436	-2.584
-1.432	-2.531
-1.421	-2.490
POLYLINE GREEN
-1.217	-2.469
-1.274	-2.662
POLYLINE GREEN
-1.258	-2.388
-1.151	-2.557
-1.190	-2.484
-1.133	-2.601
POLYLINE GREEN
-1.275	-2.578
-1.172	-2.569
POLYLINE GREEN
-2.209	-3.081
-2.190	-3.118
-2.172	-3.155
-2.152	-3.191
-2.129	-3.231
-2.105	-3.270
-2.080	-3.308
-2.064	-3.334
-2.047	-3.279
-2.046	-3.277
-2.043	-3.266
-2.042	-3.256
-2.040	-3.245
-2.038	-3.237
-2.039	-3.228
-2.036	-3.221
-2.035	-3.218
-2.033	-3.214
-2.030	-3.214
-2.026	-3.214
-2.022	-3.217
-2.020	-3.220
-1.999	-3.243
-1.980	-3.268
-1.959	-3.291
-1.938	-3.314
-1.909	-3.270
-1.902	-3.258
-1.897	-3.251
-1.893	-3.244
-1.892	-3.236
-1.881	-3.177
-1.874	-3.117
-1.866	-3.058
POLYLINE GREEN
-1.694	-2.930
-1.709	-3.166
-1.695	-3.056
-1.731	-3.262
POLYLINE GREEN
-1.717	-2.927
-1.522	-3.207
POLYLINE GREEN
-1.738	-3.093
-1.622	-3.049
-1.686	-3.067
-1.545	-3.042
POLYLINE GREEN
-1.519	-2.938
-1.516	-2.968
-1.512	-2.997
-1.508	-3.027
-1.507	-3.034
-1.502	-3.053
-1.505	-3.047
-1.517	-3.015
-1.528	-2.983
-1.538	-2.951
-1.541	-2.942
-1.543	-2.932
-1.542	-2.923
-1.542	-2.921
-1.537	-2.921
-1.535	-2.922
-1.529	-2.926
-1.524	-2.932
-1.520	-2.938
-1.501	-2.958
-1.484	-2.979
-1.465	-2.999
-1.457	-3.008
-1.443	-3.013
-1.431	-3.014
-1.364	-3.015
-1.370	-2.907
-1.364	-2.871
POLYLINE GREEN
-1.249	-2.795
-1.164	-2.967
POLYLINE GREEN
-1.378	-2.809
-1.089	-2.742
POLYLINE GREEN
-0.940	-2.687
-1.007	-2.964
POLYLINE GREEN
-0.978	-2.655
-0.929	-2.738
-0.875	-2.818
-0.841	-2.908
POLYLINE GREEN
-0.965	-2.848
-0.852	-2.812
POLYLINE GREEN
5.969	-3.025
6.012	-2.920
6.055	-2.815
6.098	-2.709
6.102	-2.707
6.105	-2.702
6.109	-2.701
6.127	-2.694
6.151	-2.712
6.161	-2.723
6.228	-2.792
6.366	-2.908
6.406	-3.021
6.432	-3.093
6.417	-3.245
6.416	-3.275
6.416	-3.292
6.412	-3.334
6.400	-3.357
6.355	-3.444
6.098	-3.433
6.094	-3.433
6.041	-3.439
5.916	-3.439
5.902	-3.363
5.877	-3.233
5.915	-3.095
5.943	-2.968
POLYLINE GREEN
5.542	-4.052
5.573	-4.034
5.647	-3.929
5.713	-3.940
5.740	-3.945
5.762	-3.969
5.774	-3.992
5.824	-4.085
5.871	-4.174
5.854	-4.283
5.840	-4.374
5.720	-4.452
5.664	-4.496
5.642	-4.513
5.617	-4.502
5.604	-4.481
5.554	-4.397
5.593	-4.276
5.597	-4.191
5.598	-4.168
5.596	-4.144
5.592	-4.121
5.576	-4.032
5.557	-4.034
5.487	-3.962
POLYLINE GREEN
4.785	-4.655
4.786	-4.563
4.778	-4.470
4.787	-4.379
4.802	-4.239
4.833	-4.100
4.858	-3.961
4.864	-3.928
4.904	-3.924
4.930	-3.931
4.980	-3.946
5.030	-3.960
5.079	-3.977
5.145	-3.999
5.172	-4.084
5.177	-4.145
5.183	-4.226
5.186	-4.306
5.188	-4.386
5.188	-4.394
5.186	-4.402
5.183	-4.410
5.168	-4.454
5.115	-4.484
5.079	-4.504
4.976	-4.562
4.957	-4.561
4.849	-4.592
POLYLINE GREEN
5.340	-2.619
5.314	-2.729
5.286	-2.839
5.263	-2.949
5.248	-3.022
5.267	-3.079
5.337	-3.108
5.371	-3.121
5.408	-3.129
5.445	-3.121
5.588	-3.091
5.760	-2.730
5.764	-2.669
5.766	-2.637
5.738	-2.608
5.711	-2.595
5.616	-2.548
5.486	-2.471
5.382	-2.544
5.313	-2.592
5.291	-2.680
5.260	-2.752
POLYLINE GREEN
1.539	-4.950
1.575	-4.840
1.609	-4.729
1.646	-4.619
1.656	-4.591
1.692	-4.570
1.719	-4.565
1.825	-4.545
1.964	-4.591
2.005	-4.698
2.046	-4.803
2.009	-4.944
1.994	-5.043
1.989	-5.079
1.950	-5.104
1.915	-5.103
1.841	-5.100
1.806	-5.093
1.736	-5.069
1.687	-5.053
1.640	-5.033
1.592	-5.015
POLYLINE GREEN
0.248	-4.654
0.299	-4.416
0.348	-4.178
0.400	-3.940
0.404	-3.921
0.431	-3.908
0.447	-3.904
0.522	-3.884
0.690	-3.896
0.710	-3.897
0.775	-3.898
0.850	-4.024
0.864	-4.070
0.902	-4.187
0.929	-4.307
0.960	-4.426
0.962	-4.430
0.961	-4.435
0.961	-4.439
0.958	-4.467
0.938	-4.496
0.915	-4.511
0.839	-4.557
0.764	-4.606
0.684	-4.644
0.455	-4.753
0.459	-4.700
0.243	-4.563
POLYLINE GREEN
0.379	-4.554
0.430	-4.456
0.477	-4.355
0.531	-4.259
0.571	-4.189
0.596	-4.190
0.615	-4.131
0.642	-4.047
0.624	-3.954
0.613	-3.869
POLYLINE GREEN
0.512	-3.889
0.521	-3.882
POLYLINE GREEN
0.545	-3.926
0.659	-4.045
0.690	-4.177
0.766	-4.317
0.781	-4.346
0.798	-4.374
0.821	-4.397
0.845	-4.420
0.876	-4.434
0.903	-4.452
POLYLINE GREEN
1.264	-3.507
1.298	-3.399
1.330	-3.291
1.366	-3.184
1.381	-3.141
1.426	-3.067
1.481	-3.070
1.520	-3.073
1.552	-3.097
1.582	-3.119
1.613	-3.142
1.750	-3.228
1.799	-3.296
1.866	-3.389
1.868	-3.521
1.873	-3.627
1.874	-3.631
1.884	-3.769
1.862	-3.823
1.838	-3.881
1.772	-3.906
1.719	-3.926
1.696	-3.935
1.673	-3.943
1.649	-3.945
1.627	-3.947
1.315	-3.993
1.227	-3.930
1.149	-3.874
1.162	-3.737
1.162	-3.661
1.163	-3.595
1.167	-3.529
1.169	-3.464
POLYLINE GREEN
1.355	-3.819
1.364	-3.802
1.453	-3.621
1.511	-3.572
1.536	-3.550
1.566	-3.534
1.594	-3.515
POLYLINE GREEN
1.415	-3.084
1.582	-3.507
POLYLINE GREEN
1.594	-3.605
1.851	-3.580
POLYLINE GREEN
5.302	-3.008
5.340	-2.945
5.480	-2.866
5.483	-2.768
5.486	-2.687
5.417	-2.559
5.398	-2.512
POLYLINE GREEN
5.419	-2.797
5.635	-2.682
POLYLINE GREEN
5.873	-3.369
5.932	-3.299
5.990	-3.230
6.049	-3.161
6.052	-3.154
6.056	-3.148
6.059	-3.140
6.068	-3.114
6.066	-3.085
6.058	-3.059
6.013	-2.916
6.022	-2.942
5.975	-2.844
POLYLINE GREEN
6.105	-3.165
6.267	-3.125
POLYLINE GREEN
5.548	-4.373
5.585	-4.348
5.636	-4.325
5.653	-4.279
5.670	-4.233
5.652	-4.147
5.652	-4.114
5.651	-4.089
5.654	-4.063
5.656	-4.038
POLYLINE GREEN
5.665	-4.283
5.758	-4.303
POLYLINE GREEN
4.619	-4.506
4.679	-4.430
4.759	-4.237
4.890	-4.304
4.965	-4.342
5.039	-4.384
5.113	-4.425
POLYLINE GREEN
4.854	-4.060
4.892	-4.172
POLYLINE RED
4.671	4.145
4.814	3.517
4.712	4.035
4.782	2.781
4.783	2.763
4.788	2.744
4.794	2.727
4.819	2.652
4.885	2.573
4.948	2.529
5.091	2.432
5.238	2.342
5.386	2.252
5.399	2.244
5.415	2.240
5.431	2.236
5.530	2.213
5.629	2.255
5.710	2.310
5.793	2.367
5.878	2.423
5.950	2.493
6.071	2.609
6.160	2.744
6.231	2.894
6.239	2.913
6.281	3.015
6.282	3.060
6.285	3.209
6.287	3.359
6.285	3.508
6.283	3.638
6.220	3.721
6.084	3.725
5.915	3.730
5.745	3.723
5.576	3.725
5.534	3.725
5.487	3.763
5.472	3.802
5.410	3.969
5.442	3.977
5.405	4.213
5.396	4.276
5.350	4.404
5.280	4.430
5.087	4.500
4.771	4.275
4.628	4.225
POLYLINE BROWN
0.121	0.161
0.603	2.062
0.181	0.010
0.733	2.034
0.796	2.266
0.835	2.506
0.858	2.745
0.905	3.240
0.813	3.540
0.685	4.034
0.631	4.243
0.478	4.457
0.348	4.609
0.244	4.732
0.134	4.854
0.002	4.944
-0.303	5.152
-0.630	5.324
-0.955	5.497
-1.111	5.580
-1.276	5.629
-1.449	5.652
-1.504	5.660
-1.552	5.653
-1.606	5.648
POLYLINE BROWN
-0.072	0.748
-0.029	0.580
0.013	0.413
0.059	0.246
0.069	0.210
0.139	0.235
0.155	0.244
0.287	0.309
0.454	0.565
0.497	0.612
0.537	0.655
0.584	0.691
0.627	0.730
POLYLINE BROWN
-4.259	5.589
-4.287	5.583
-4.326	5.579
-4.354	5.562
-4.406	5.530
-4.429	5.498
-4.471	5.444
-4.513	5.391
-4.533	5.336
-4.528	5.269
-4.527	5.248
-4.524	5.227
-4.514	5.208
-4.476	5.133
-4.344	5.099
-4.270	5.131
-4.265	5.133
-4.261	5.136
-4.257	5.140
-4.231	5.162
-4.206	5.185
-4.181	5.207
POLYLINE BROWN
-4.007	5.449
-3.846	5.007
POLYLINE BROWN
-3.847	5.478
-3.792	5.270
-3.825	5.371
-3.747	5.173
POLYLINE BROWN
-3.886	5.494
-3.624	5.590
-3.759	5.550
-3.481	5.612
POLYLINE BROWN
-3.750	5.278
-3.518	5.368
-3.608	5.340
-3.483	5.377
POLYLINE BROWN
-3.736	5.205
-3.358	5.224
POLYLINE BROWN
-3.290	5.708
-3.284	5.604
-3.282	5.499
-3.274	5.396
-3.273	5.376
-3.267	5.357
-3.261	5.338
-3.260	5.334
-3.256	5.330
-3.252	5.328
-3.238	5.320
-3.215	5.343
-3.209	5.352
-3.013	5.655
-3.058	5.565
-2.977	5.738
POLYLINE BROWN
-3.133	5.564
-2.881	5.297
POLYLINE BROWN
-2.710	5.751
-2.723	5.676
-2.737	5.600
-2.750	5.524
-2.769	5.459
-2.829	5.265
-2.807	5.329
-2.779	5.410
-2.757	5.493
-2.732	5.575
-2.725	5.599
-2.693	5.742
-2.641	5.728
-2.630	5.725
-2.615	5.712
-2.610	5.703
-2.561	5.605
-2.514	5.506
-2.467	5.407
-2.454	5.379
-2.451	5.318
-2.449	5.301
POLYLINE BROWN
-2.750	5.413
-2.523	5.436
POLYLINE BROWN
-2.529	5.695
-2.486	5.605
-2.443	5.514
-2.400	5.424
-2.395	5.420
-2.391	5.415
-2.385	5.413
-2.359	5.404
-2.337	5.453
-2.303	5.456
-2.269	5.459
-2.242	5.429
-2.207	5.436
-2.080	5.463
-2.047	5.807
-2.041	5.832
POLYLINE BROWN
-1.806	5.822
-1.833	5.700
-1.766	5.425
-1.887	5.456
-2.009	5.488
-1.863	5.707
-1.843	5.832
-1.841	5.845
-1.837	5.807
-1.833	5.795
-1.803	5.685
-1.774	5.575
-1.743	5.466
-1.687	5.272
-1.774	5.633
-1.702	5.317
POLYLINE BROWN
-1.963	5.529
-1.778	5.567
-1.862	5.558
-1.711	5.566
POLYLINE RED
2.224	2.869
2.225	2.939
2.204	3.066
2.278	3.117
2.302	3.133
2.332	3.138
2.360	3.137
2.447	3.134
2.480	3.057
2.486	2.979
2.500	2.795
2.402	2.603
2.353	2.438
2.341	2.397
2.353	2.346
2.375	2.310
2.378	2.306
2.382	2.302
2.386	2.299
2.409	2.279
2.434	2.260
2.458	2.240
POLYLINE RED
2.460	1.751
2.472	1.752
POLYLINE BROWN
3.862	-1.136
3.963	-1.211
4.067	-1.281
4.165	-1.361
4.299	-1.470
4.566	-1.864
4.583	-1.890
4.656	-1.998
4.734	-2.241
4.763	-2.350
4.782	-2.422
4.782	-2.498
4.803	-2.569
4.858	-2.763
4.999	-3.008
4.964	-3.234
4.926	-3.483
4.733	-3.833
4.647	-3.979
4.563	-4.122
4.211	-4.705
3.941	-4.860
3.767	-4.960
3.479	-4.955
3.332	-4.804
3.185	-4.655
3.066	-4.389
3.019	-4.194
2.851	-3.481
2.955	-3.740
2.931	-3.035
2.927	-2.930
2.900	-2.827
2.891	-2.723
2.889	-2.694
2.890	-2.663
2.897	-2.634
2.940	-2.453
3.007	-2.277
3.041	-2.093
3.070	-1.933
3.081	-1.295
3.085	-1.170
POLYLINE BROWN
3.960	-1.132
3.928	-1.066
3.895	-1.000
3.864	-0.934
3.792	-0.780
3.774	-0.696
3.655	-0.569
3.546	-0.452
3.425	-0.347
3.307	-0.240
3.294	-0.229
3.250	-0.202
3.262	-0.215
3.312	-0.269
3.481	-0.401
3.533	-0.505
3.579	-0.598
3.606	-0.700
3.658	-0.790
3.710	-0.879
3.784	-0.954
3.843	-1.039
3.849	-1.048
3.864	-1.077
3.854	-1.072
3.820	-1.054
3.751	-0.969
3.736	-0.936
3.689	-0.839
3.651	-0.739
3.611	-0.640
3.595	-0.601
3.585	-0.559
3.566	-0.522
3.517	-0.425
3.412	-0.277
3.337	-0.205
3.310	-0.179
3.272	-0.166
3.240	-0.146

ELEVATION
STATIONS
0.000	0.000	0
3.303	1.123	1
3.032	2.494	2
3.390	2.792	3
3.741	10.413	4
4.499	11.123	5
2.312	8.444	6
4.715	16.111	5.1
4.091	16.544	5.2
3.535	17.938	5.3
9.861	17.346	5.4
7.788	15.710	5.5
10.988	13.766	5.6
SHOTS
0.000	0.000	3.303	1.123
3.303	1.123	3.032	2.494
3.032	2.494	3.390	2.792
3.390	2.792	4.918	2.436
3.390	2.792	3.891	2.768
3.390	2.792	3.672	2.828
3.390	2.792	3.620	2.642
3.390	2.792	3.741	10.413
3.741	10.413	4.887	9.904
3.741	10.413	3.993	9.913
3.741	10.413	2.971	9.571
3.741	10.413	3.488	10.300
3.741	10.413	0.471	9.392
3.741	10.413	-0.075	9.630
3.741	10.413	3.393	10.389
3.741	10.413	6.540	10.843
3.741	10.413	7.632	11.166
3.741	10.413	7.084	11.081
3.741	10.413	3.130	7.655
3.741	10.413	2.850	7.560
3.741	10.413	3.738	8.670
3.741	10.413	4.101	7.529
3.741	10.413	3.846	7.755
3.741	10.413	4.751	12.574
3.741	10.413	6.088	15.060
3.741	10.413	8.608	14.344
3.741	10.413	6.024	11.418
3.741	10.413	5.793	14.792
3.741	10.413	5.801	14.816
3.741	10.413	3.936	11.126
3.741	10.413	4.549	11.167
3.741	10.413	4.493	11.164
3.741	10.413	4.493	11.161
3.741	10.413	4.499	11.123
4.499	11.123	2.256	8.410
4.499	11.123	4.624	15.373
4.499	11.123	2.312	8.444
2.312	8.444	-0.696	13.046
2.312	8.444	-0.569	12.179
2.312	8.444	0.196	11.070
2.312	8.444	0.360	10.673
2.312	8.444	0.403	10.335
2.312	8.444	0.835	11.044
2.312	8.444	1.860	9.650
2.312	8.444	2.535	13.392
2.312	8.444	2.563	13.448
2.312	8.444	2.567	13.415
2.312	8.444	2.554	13.462
4.499	11.123	4.715	16.111
4.715	16.111	4.075	16.566
4.715	16.111	4.091	16.544
4.091	16.544	8.765	17.534
4.091	16.544	8.012	17.303
4.091	16.544	5.816	17.277
4.091	16.544	6.567	18.254
4.091	16.544	3.157	17.950
4.091	16.544	1.900	17.121
4.091	16.544	3.221	16.702
4.091	16.544	1.240	17.053
4.091	16.544	2.381	16.584
4.091	16.544	3.427	15.441
4.091	16.544	7.276	21.273
4.091	16.544	5.378	27.730
4.091	16.544	7.575	24.450
4.091	16.544	9.495	24.970
4.091	16.544	1.924	28.388
4.091	16.544	0.900	20.591
4.091	16.544	1.394	12.902
4.091	16.544	3.535	17.938
3.535	17.938	0.980	16.936
3.535	17.938	3.130	17.882
3.535	17.938	7.831	18.753
3.535	17.938	10.192	18.999
3.535	17.938	9.854	17.371
3.535	17.938	9.987	17.364
3.535	17.938	9.843	17.311
3.535	17.938	9.893	17.402
3.535	17.938	13.595	17.192
3.535	17.938	6.718	16.176
3.535	17.938	0.891	13.293
3.535	17.938	0.998	12.376
3.535	17.938	0.977	12.477
3.535	17.938	3.150	10.764
3.535	17.938	2.596	12.908
3.535	17.938	2.779	13.103
3.535	17.938	9.861	17.346
9.861	17.346	7.788	15.710
7.788	15.710	10.988	13.766
POLYLINE GREEN
2.734	5.448
2.985	4.513
2.762	5.397
2.869	2.946
2.873	2.852
2.895	2.759
2.896	2.664
2.897	2.521
2.882	2.464
2.858	2.350
POLYLINE GREEN
4.165	7.477
4.004	6.744
4.157	5.977
4.041	5.238
3.967	4.765
3.828	4.304
3.738	3.834
3.719	3.733
3.722	3.629
3.714	3.526
3.675	3.369
3.635	3.212
3.596	3.055
POLYLINE GREEN
3.847	4.037
3.825	3.976
3.795	3.916
3.779	3.853
3.727	3.646
3.745	3.499
3.768	3.278
3.775	3.205
3.796	3.134
3.805	3.062
3.811	3.023
3.812	2.903
3.813	2.943
3.820	3.084
3.825	3.225
3.820	3.365
3.816	3.480
3.775	3.594
3.787	3.708
3.822	4.047
3.901	4.379
3.958	4.715
POLYLINE GREEN
3.822	2.940
3.834	2.809
3.830	2.885
3.827	2.711
POLYLINE GREEN
4.141	7.575
4.124	7.620
4.091	7.686
4.092	7.741
4.094	8.026
4.261	8.520
4.302	8.654
4.343	8.789
4.390	8.924
4.458	9.048
4.755	9.586
4.643	9.281
4.823	9.555
4.837	9.576
4.847	9.600
4.856	9.623
4.886	9.700
4.913	9.777
4.941	9.855
POLYLINE GREEN
6.482	14.949
6.893	14.963
6.598	14.963
7.362	14.856
POLYLINE GREEN
7.448	14.834
7.668	14.477
7.500	14.761
7.736	14.314
7.794	14.204
7.746	14.316
7.785	14.220
POLYLINE GREEN
7.740	14.785
7.928	14.772
8.006	14.752
8.168	14.775
8.194	14.778
8.219	14.787
8.245	14.793
POLYLINE GREEN
7.299	15.380
7.417	14.975
7.363	15.192
7.454	14.728
POLYLINE GREEN
8.611	14.766
8.705	14.134
POLYLINE GREEN
8.590	14.938
8.600	14.757
9.154	14.876
9.283	14.724
9.291	14.714
9.299	14.703
9.306	14.692
9.346	14.618
9.386	14.544
9.424	14.469
9.441	14.437
9.442	14.396
9.427	14.362
9.379	14.259
9.332	14.246
9.246	14.171
9.224	14.152
9.202	14.132
9.181	14.113
POLYLINE GREEN
8.862	14.065
8.962	14.126
9.062	14.183
9.162	14.246
POLYLINE GREEN
8.715	14.455
9.088	14.640
POLYLINE GREEN
5.102	9.996
5.555	10.227
5.008	9.963
5.764	10.241
5.920	10.298
6.071	10.369
6.223	10.438
6.245	10.448
6.266	10.461
6.286	10.475
6.329	10.506
6.356	10.555
6.371	10.604
6.387	10.655
6.401	10.722
6.375	10.773
6.372	10.780
6.368	10.786
6.363	10.791
6.305	10.849
6.243	10.902
6.186	10.961
6.148	11.000
6.118	11.058
6.107	11.112
6.093	11.185
6.115	11.246
6.164	11.300
6.214	11.355
6.268	11.408
6.317	11.464
6.357	11.508
6.387	11.562
6.431	11.601
6.763	11.893
7.120	12.156
7.445	12.456
7.658	12.652
7.826	12.895
8.045	13.085
8.251	13.264
8.488	13.404
8.714	13.558
8.793	13.613
8.879	13.657
8.959	13.711
9.022	13.752
9.074	13.847
9.104	13.908
9.115	13.931
9.120	13.956
9.128	13.981
POLYLINE GREEN
4.413	12.539
4.206	12.186
4.173	11.764
4.025	11.389
3.997	11.318
3.952	11.255
3.908	11.194
3.717	10.931
3.578	10.828
3.298	10.610
3.251	10.574
3.197	10.550
3.147	10.519
POLYLINE GREEN
6.431	14.975
6.639	15.109
6.847	15.244
7.055	15.378
7.087	15.393
7.118	15.410
7.151	15.422
7.230	15.449
7.327	15.455
7.407	15.448
7.773	15.417
7.888	15.386
8.131	15.112
8.185	15.051
8.246	14.964
8.255	14.877
8.275	14.709
8.188	14.559
8.123	14.409
8.085	14.320
8.018	14.260
7.923	14.241
7.905	14.237
7.886	14.233
7.867	14.235
7.829	14.239
7.651	14.256
7.583	14.294
7.224	14.494
7.465	14.396
7.262	14.472
7.061	14.548
6.859	14.621
6.659	14.698
6.589	14.725
6.571	14.777
6.596	14.847
6.617	14.905
6.642	14.962
6.665	15.020
POLYLINE BLACK
2.881	7.492
2.880	7.489
POLYLINE GREEN
3.247	10.692
3.170	10.607
POLYLINE GREEN
3.185	10.643
2.988	10.555
2.795	10.457
2.594	10.378
2.535	10.355
2.471	10.348
2.409	10.338
2.264	10.315
2.149	10.292
2.009	10.319
1.843	10.351
1.603	10.443
1.489	10.556
1.445	10.600
1.408	10.650
1.361	10.692
1.233	10.807
1.167	10.817
1.017	10.922
0.939	10.977
0.788	11.175
0.761	11.207
POLYLINE GREEN
0.781	11.182
0.332	11.591
0.149	12.189
-0.161	12.694
-0.190	12.741
-0.228	12.781
-0.262	12.825
POLYLINE GREEN
-1.038	14.405
-1.033	14.509
-0.993	14.599
-0.917	14.672
-0.869	14.718
-0.759	14.749
-0.745	14.656
-0.732	14.575
-0.746	14.484
-0.778	14.409
-0.832	14.284
-0.893	14.162
-0.946	14.037
-0.952	14.025
-0.952	14.011
-0.953	13.998
-0.958	13.943
-0.924	13.896
-0.901	13.850
POLYLINE GREEN
-0.805	13.643
-0.831	13.631
POLYLINE GREEN
2.708	5.499
2.690	5.577
2.657	5.654
2.655	5.734
2.644	6.125
2.662	6.516
2.668	6.907
2.669	6.974
2.684	7.025
2.665	7.089
2.640	7.179
2.609	7.267
2.577	7.355
2.550	7.429
2.510	7.499
2.489	7.575
2.451	7.709
2.430	7.847
2.402	7.984
2.379	8.096
2.402	8.066
2.346	8.188
2.264	8.364
2.084	8.475
1.935	8.583
1.912	8.600
1.885	8.612
1.858	8.623
1.665	8.701
1.466	8.765
1.275	8.850
1.082	8.937
1.028	9.047
0.843	9.167
0.401	9.455
0.297	9.404
0.050	9.737
-0.147	10.003
-0.039	10.497
-0.036	10.752
-0.034	10.903
-0.037	11.054
-0.048	11.204
-0.057	11.320
-0.102	11.466
-0.182	11.557
-0.245	11.630
-0.469	11.831
-0.553	11.981
-0.639	12.134
-0.552	12.325
-0.612	12.484
-0.618	12.499
-0.624	12.514
-0.633	12.528
-0.691	12.612
-0.756	12.692
-0.812	12.778
-0.830	12.806
-0.840	12.839
-0.854	12.869
POLYLINE BLACK
-0.090	11.743
0.040	11.514
-0.070	11.727
0.068	11.329
0.075	11.311
0.086	11.295
0.096	11.279
0.157	11.191
0.256	11.180
0.355	11.173
0.384	11.171
0.415	11.173
0.440	11.189
0.483	11.217
0.496	11.279
0.505	11.324
0.529	11.445
0.477	11.566
0.374	11.634
0.371	11.636
0.156	11.786
0.086	11.783
0.039	11.781
-0.004	11.756
-0.049	11.742
POLYLINE BLACK
0.044	11.707
0.109	11.645
0.187	11.574
0.196	11.477
0.199	11.442
0.188	11.414
0.181	11.381
0.167	11.320
0.155	11.258
0.142	11.197
POLYLINE BLACK
0.216	11.589
0.351	11.544
0.270	11.565
0.463	11.541
POLYLINE BLACK
0.308	9.542
0.453	9.644
0.645	9.736
0.803	9.605
0.838	9.576
0.933	9.517
0.948	9.451
0.975	9.334
0.837	9.246
0.733	9.271
0.656	9.290
0.605	9.312
0.536	9.355
0.458	9.404
0.435	9.442
0.371	9.514
POLYLINE BLACK
1.162	9.339
1.171	9.371
1.178	9.405
1.191	9.437
1.240	9.564
1.366	9.658
1.497	9.584
1.508	9.578
1.519	9.571
1.529	9.562
1.623	9.473
1.714	9.382
1.807	9.292
1.824	9.275
1.845	9.261
1.842	9.234
1.841	9.221
1.831	9.202
1.822	9.194
1.732	9.119
1.641	9.046
1.549	8.975
1.331	8.808
1.125	9.181
1.082	9.337
1.078	9.353
1.077	9.370
1.074	9.387
POLYLINE BLACK
1.264	9.447
1.291	9.446
1.351	9.454
1.385	9.435
1.433	9.407
1.428	9.321
1.414	9.278
1.376	9.163
1.332	9.051
1.290	8.938
POLYLINE BLACK
1.470	9.344
1.653	9.327
1.667	9.323
1.807	9.359
POLYLINE BLACK
0.488	9.552
0.587	9.533
0.672	9.517
0.712	9.419
0.719	9.401
0.725	9.383
0.729	9.364
0.733	9.345
0.727	9.324
0.735	9.306
0.738	9.301
0.746	9.311
0.751	9.314
0.761	9.320
0.771	9.327
0.781	9.333
POLYLINE BLACK
0.863	9.639
0.956	9.589
POLYLINE GREEN
4.329	12.766
4.324	13.382
4.277	13.999
4.314	14.614
4.334	14.939
4.428	15.256
4.500	15.573
4.520	15.663
4.560	15.747
4.590	15.833
4.607	15.884
4.629	15.933
4.643	15.985
4.653	16.038
4.662	16.091
4.672	16.143
4.670	16.148
4.668	16.162
4.667	16.157
4.568	15.159
4.466	14.162
4.377	13.164
4.365	13.035
4.371	12.905
4.365	12.775
4.351	12.463
4.342	12.683
4.361	12.431
POLYLINE GREEN
5.825	15.590
5.650	15.291
5.698	15.412
5.588	14.996
5.581	14.969
5.501	14.771
5.604	14.752
5.654	14.742
5.706	14.739
5.756	14.726
5.975	14.668
5.812	14.694
5.969	14.642
6.024	14.624
6.085	14.619
6.142	14.621
6.304	14.629
6.491	14.749
6.554	14.900
6.574	14.949
6.582	15.005
6.574	15.058
6.555	15.170
6.545	15.242
6.474	15.329
6.404	15.415
6.293	15.440
6.192	15.471
6.107	15.497
6.022	15.519
5.936	15.541
5.925	15.543
5.913	15.546
5.902	15.544
5.853	15.539
5.805	15.528
5.757	15.520
POLYLINE GREEN
5.725	14.943
5.825	15.048
5.964	15.225
6.137	15.186
6.151	15.182
6.165	15.178
6.178	15.172
6.259	15.129
6.338	15.082
6.420	15.039
6.442	15.028
6.467	15.019
6.490	15.009
POLYLINE GREEN
5.775	15.574
5.949	15.151
POLYLINE RED
-3.359	-4.981
-2.664	-4.564
POLYLINE GREEN
9.111	14.291
9.116	14.298
POLYLINE GREEN
1.917	28.487
1.798	27.613
1.363	26.814
1.240	25.942
POLYLINE GREEN
3.991	16.398
3.690	16.036
3.771	16.167
3.514	15.678
3.497	15.645
3.486	15.610
3.476	15.575
3.451	15.489
3.432	15.401
3.410	15.314
POLYLINE GREEN
1.271	16.318
1.260	16.253
POLYLINE GREEN
1.150	16.921
1.216	16.284
1.213	16.554
1.199	16.114
POLYLINE GREEN
3.467	15.377
3.411	15.276
3.337	15.182
3.299	15.072
3.223	14.857
3.170	14.633
3.126	14.409
2.962	13.582
2.953	13.681
2.995	13.146
POLYLINE GREEN
1.798	13.810
1.824	13.863
1.841	13.918
1.882	13.960
1.961	14.040
2.104	14.055
2.199	13.996
2.316	13.923
2.285	13.757
2.229	13.654
2.155	13.519
2.068	13.391
1.999	13.253
1.931	13.117
1.907	12.946
1.891	12.798
1.887	12.756
1.875	12.710
1.891	12.670
1.908	12.624
1.953	12.593
1.984	12.555
POLYLINE GREEN
1.823	11.929
1.859	11.961
1.887	12.004
1.931	12.024
1.946	12.031
1.930	11.989
1.922	11.975
1.919	11.970
1.914	11.983
1.910	11.988
POLYLINE GREEN
1.910	11.807
1.889	11.991
1.908	11.887
1.841	12.115
POLYLINE GREEN
2.990	13.286
2.933	13.117
2.953	13.213
2.950	12.993
POLYLINE GREEN
9.684	21.195
9.694	21.209
POLYLINE GREEN
9.447	24.843
9.490	24.543
9.552	24.246
9.577	23.944
9.591	23.765
9.570	23.584
9.564	23.404
9.551	23.040
9.517	22.676
9.519	22.312
9.520	22.173
9.538	22.033
9.574	21.898
9.615	21.745
9.680	21.598
9.747	21.455
9.860	21.214
10.048	21.052
10.243	20.872
10.282	20.837
10.327	20.808
10.374	20.783
10.542	20.695
10.716	20.618
10.886	20.535
POLYLINE GREEN
11.412	18.741
11.568	18.783
11.919	18.907
12.140	18.906
12.260	18.905
12.379	18.889
12.498	18.880
POLYLINE GREEN
12.065	19.709
12.329	19.422
13.044	19.444
13.329	19.060
13.455	18.891
13.413	18.717
13.342	18.531
13.315	18.461
13.272	18.388
13.219	18.334
13.126	18.237
13.043	18.209
12.915	18.137
POLYLINE GREEN
13.914	20.750
13.926	20.593
13.934	20.436
13.952	20.279
13.956	20.240
13.961	20.199
13.981	20.165
13.986	20.156
14.009	20.168
14.010	20.179
14.026	20.395
14.017	20.612
14.030	20.827
14.040	20.992
14.129	21.125
14.308	21.097
14.571	21.057
14.755	20.833
14.719	20.565
14.699	20.408
14.617	20.251
14.513	20.133
14.358	19.956
14.200	19.911
13.987	19.839
POLYLINE GREEN
15.391	21.408
15.289	21.152
15.172	20.902
15.086	20.640
15.048	20.522
15.025	20.397
15.018	20.273
15.015	20.235
15.058	20.339
15.071	20.374
15.173	20.652
15.262	20.934
15.362	21.211
15.364	21.215
15.371	21.216
15.375	21.214
15.381	21.211
15.385	21.204
15.388	21.197
15.397	21.177
15.405	21.157
15.409	21.135
15.445	20.932
15.491	20.729
15.507	20.524
15.514	20.430
15.488	20.337
15.478	20.244
POLYLINE GREEN
14.976	20.637
15.237	20.656
POLYLINE GREEN
15.990	21.827
15.862	21.345
15.733	20.863
15.608	20.379
15.597	20.336
15.629	20.294
15.664	20.273
15.827	20.179
16.217	20.243
16.399	20.263
POLYLINE GREEN
16.475	21.647
16.465	21.579
16.452	21.510
16.446	21.441
16.438	21.349
16.493	21.252
16.557	21.190
16.606	21.142
16.656	21.096
16.710	21.054
16.758	21.017
16.813	20.991
16.862	20.955
16.947	20.893
17.000	20.780
16.960	20.679
16.944	20.639
16.933	20.611
16.902	20.586
16.816	20.516
16.729	20.449
16.643	20.381
POLYLINE GREEN
16.969	21.763
17.052	21.738
17.159	21.726
17.218	21.651
17.272	21.583
17.283	21.467
17.258	21.387
17.179	21.134
17.083	20.887
17.001	20.635
16.994	20.612
16.992	20.587
16.991	20.563
16.984	20.434
17.073	20.306
17.201	20.274
17.247	20.263
17.332	20.259
17.372	20.256
POLYLINE GREEN
17.488	21.389
17.547	21.365
17.625	21.318
17.698	21.312
17.747	21.307
17.818	21.320
17.856	21.352
18.085	21.545
18.306	21.748
18.532	21.946
POLYLINE GREEN
1.089	-0.732
1.097	-0.733
POLYLINE GREEN
4.340	-2.322
4.623	-2.454
POLYLINE GREEN
1.301	-0.972
1.271	-0.923
1.241	-0.875
1.212	-0.827
1.214	-0.818
1.213	-0.806
1.220	-0.799
1.239	-0.780
1.296	-0.780
1.315	-0.783
1.649	-0.841
1.987	-0.879
2.313	-0.970
3.295	-1.242
3.748	-1.518
4.654	-2.026
4.729	-2.068
4.795	-2.125
4.865	-2.175
POLYLINE GREEN
1.066	-0.790
1.220	-0.956
1.374	-1.122
1.528	-1.288
1.516	-1.269
1.505	-1.250
1.492	-1.232
1.318	-1.001
1.137	-0.776
0.965	-0.543
0.934	-0.501
0.973	-0.463
1.016	-0.464
1.205	-0.467
1.394	-0.473
1.583	-0.486
1.655	-0.491
1.725	-0.508
1.796	-0.519
POLYLINE GREEN
3.475	0.671
3.749	0.252
4.393	-0.582
4.604	-1.213
4.793	-1.779
4.773	-1.816
4.809	-2.303
POLYLINE GREEN
3.422	0.067
3.395	0.316
3.367	0.565
3.340	0.814
3.346	0.822
3.348	0.835
3.357	0.839
3.385	0.852
3.440	0.820
3.455	0.810
3.764	0.610
3.888	0.544
4.128	0.301
4.163	0.265
4.189	0.221
4.219	0.181
POLYLINE GREEN
4.870	-2.505
4.803	-2.518
4.735	-2.526
4.670	-2.543
4.444	-2.604
4.280	-2.819
4.239	-3.042
4.223	-3.130
4.237	-3.229
4.290	-3.303
4.332	-3.363
4.375	-3.412
4.435	-3.454
4.649	-3.605
4.965	-3.600
5.129	-3.379
5.198	-3.286
5.197	-3.209
5.232	-3.082
POLYLINE GREEN
5.643	-2.470
5.622	-3.611
POLYLINE GREEN
5.980	-2.610
6.120	-3.553
POLYLINE GREEN
5.841	-2.647
6.508	-2.670
POLYLINE GREEN
6.099	-3.233
6.714	-3.161
POLYLINE GREEN
6.106	-3.583
6.533	-3.579
6.366	-3.570
6.605	-3.588
POLYLINE GREEN
6.968	-2.596
6.988	-2.722
7.011	-2.848
7.028	-2.975
7.036	-3.036
7.034	-3.098
7.044	-3.159
7.046	-3.172
7.054	-3.183
7.063	-3.192
7.096	-3.221
7.149	-3.182
7.172	-3.161
7.393	-2.959
7.373	-2.968
7.576	-2.738
POLYLINE GREEN
7.569	-3.063
7.872	-3.363
7.721	-3.238
8.011	-3.451
POLYLINE GREEN
8.592	-2.721
8.538	-2.793
8.483	-2.864
8.429	-2.936
8.383	-3.035
8.231	-3.324
8.290	-3.233
8.395	-3.070
8.478	-2.894
8.567	-2.723
8.592	-2.675
8.603	-2.620
8.632	-2.575
8.638	-2.566
8.656	-2.565
8.664	-2.572
8.678	-2.584
8.682	-2.605
8.686	-2.624
8.743	-2.913
8.793	-3.203
8.847	-3.493
POLYLINE GREEN
8.315	-2.984
8.868	-2.933
POLYLINE GREEN
9.407	-2.680
9.395	-2.886
9.423	-3.043
9.521	-3.223
9.539	-3.256
9.579	-3.309
9.625	-3.309
9.676	-3.310
9.717	-3.244
9.747	-3.218
9.782	-3.188
9.833	-3.170
9.878	-3.168
10.032	-3.162
10.213	-3.215
10.348	-3.114
10.368	-3.099
10.399	-3.068
10.411	-3.045
10.498	-2.873
10.580	-2.698
10.664	-2.524
POLYLINE GREEN
11.173	-2.838
11.092	-2.925
11.011	-3.013
10.929	-3.101
10.911	-3.122
10.857	-3.185
10.873	-3.163
10.994	-2.995
11.116	-2.829
11.242	-2.666
11.290	-2.604
11.344	-2.665
11.361	-2.714
11.388	-2.788
11.418	-2.862
11.434	-2.939
11.452	-3.025
11.468	-3.113
11.461	-3.200
11.456	-3.268
11.420	-3.330
11.399	-3.395
POLYLINE GREEN
11.022	-3.044
11.542	-3.051
11.315	-3.069
11.705	-3.017
POLYLINE GREEN
1.189	15.780
1.156	15.460
1.151	15.135
1.090	14.818
0.780	13.197
0.923	14.296
0.687	13.438
0.670	13.378
0.662	13.315
0.660	13.252
0.644	12.773
0.742	12.409
1.012	11.991
POLYLINE GREEN
1.291	15.825
1.261	15.780
1.232	15.736
1.202	15.692
1.190	15.685
1.181	15.673
1.168	15.672
1.139	15.672
1.123	15.720
1.119	15.736
1.072	15.903
1.078	15.915
1.078	16.108
1.078	16.133
1.085	16.159
1.083	16.185
1.079	16.254
1.069	16.323
1.061	16.392
POLYLINE GREEN
2.625	12.276
2.616	12.313
POLYLINE GREEN
2.894	13.201
2.825	13.027
2.756	12.852
2.687	12.677
2.675	12.649
2.634	12.567
2.651	12.593
2.735	12.723
2.827	12.890
2.856	13.046
2.873	13.139
2.868	13.235
2.873	13.329
POLYLINE GREEN
4.478	10.401
4.612	10.595
4.743	10.791
4.880	10.983
4.917	11.034
5.002	11.050
5.060	11.042
5.262	11.017
5.465	10.992
5.667	10.961
5.683	10.958
5.698	10.950
5.712	10.942
5.787	10.900
5.813	10.812
5.826	10.732
5.854	10.556
5.782	10.386
5.624	10.298
5.596	10.282
5.567	10.266
5.536	10.259
5.231	10.186
4.926	10.120
4.619	10.058
4.532	10.040
4.396	10.074
4.362	10.167
4.358	10.177
4.355	10.188
4.354	10.199
4.348	10.270
4.345	10.342
4.341	10.413
POLYLINE GREEN
4.536	10.269
4.841	10.422
4.727	10.386
5.125	10.469
5.149	10.474
5.228	10.471
5.250	10.461
5.436	10.380
5.617	10.290
5.800	10.204
POLYLINE GREEN
5.119	10.594
5.619	10.851
5.400	10.713
5.788	10.992
POLYLINE GREEN
4.766	11.073
4.977	10.945
5.067	10.796
5.198	10.594
POLYLINE GREEN
17.752	21.037
17.844	20.531
17.816	20.762
17.850	20.347
POLYLINE GREEN
14.327	18.901
14.250	18.871
14.158	18.849
14.108	18.776
14.051	18.690
14.065	18.568
14.087	18.475
14.127	18.296
14.224	18.143
14.398	18.068
14.456	18.043
14.523	18.025
14.586	18.038
14.665	18.053
14.714	18.117
14.771	18.169
POLYLINE GREEN
15.224	18.957
15.389	18.503
15.323	18.745
15.410	18.227
POLYLINE GREEN
15.284	19.498
15.220	19.651
POLYLINE GREEN
16.172	19.222
16.122	19.146
16.023	19.026
15.998	18.921
15.968	18.797
15.963	18.667
15.923	18.546
15.911	18.510
15.912	18.621
15.911	18.659
15.910	18.874
15.910	19.088
15.918	19.303
15.918	19.317
15.926	19.330
15.935	19.341
15.987	19.402
16.106	19.255
16.121	19.231
16.600	18.452
16.318	18.751
16.609	18.460
POLYLINE GREEN
16.007	18.862
16.639	18.876
POLYLINE GREEN
18.003	19.294
17.825	19.416
17.711	19.452
17.501	19.370
17.362	19.316
17.239	19.222
17.149	19.103
17.061	18.986
16.944	18.738
17.040	18.594
17.092	18.516
17.196	18.480
17.283	18.461
17.365	18.444
17.438	18.445
17.522	18.459
17.597	18.471
17.825	18.531
17.802	18.649
17.791	18.703
17.685	18.794
17.707	18.828
17.714	18.839
17.731	18.838
17.742	18.843
17.863	18.834
17.983	18.825
18.103	18.815
POLYLINE GREEN
14.446	16.984
14.355	16.943
14.252	16.910
14.195	16.822
14.147	16.749
14.137	16.653
14.155	16.569
14.215	16.286
14.527	15.984
14.831	16.010
14.979	16.023
15.066	16.137
15.171	16.231
POLYLINE GREEN
15.707	17.270
15.912	16.555
15.852	16.844
15.930	16.413
POLYLINE GREEN
16.230	17.263
16.483	16.517
POLYLINE GREEN
16.335	17.258
17.392	17.468
POLYLINE GREEN
16.384	16.698
16.930	16.797
16.615	16.725
17.318	16.949
POLYLINE GREEN
16.560	16.585
16.929	16.594
16.678	16.575
17.299	16.733
POLYLINE GREEN
18.015	17.542
18.010	17.432
18.014	17.322
18.001	17.213
17.999	17.204
17.980	17.204
17.975	17.210
17.958	17.229
17.952	17.255
17.944	17.279
17.927	17.332
17.912	17.386
17.901	17.440
17.878	17.564
17.898	17.679
17.996	17.763
18.106	17.858
18.209	17.843
18.315	17.749
18.343	17.724
18.381	17.683
18.397	17.646
18.423	17.583
18.349	17.531
18.297	17.522
18.212	17.507
18.127	17.495
18.042	17.482
POLYLINE GREEN
18.730	17.883
18.695	17.713
18.515	17.378
18.674	17.185
18.714	17.137
18.766	17.097
18.831	17.096
18.981	17.092
19.138	17.255
19.239	17.349
POLYLINE GREEN
18.586	17.500
19.049	17.698
POLYLINE GREEN
19.272	17.993
19.444	17.423
POLYLINE GREEN
19.306	18.176
19.901	18.241
POLYLINE GREEN
19.413	17.681
19.816	17.765
19.651	17.718
19.913	17.802
POLYLINE GREEN
19.395	17.435
19.697	17.430
19.520	17.425
19.925	17.470
POLYLINE GREEN
20.152	18.378
20.191	18.353
20.231	18.329
20.269	18.302
20.376	18.226
20.319	17.856
20.319	17.835
20.323	17.638
20.345	17.440
20.345	17.242
20.345	17.007
20.196	16.644
20.000	16.508
19.958	16.479
19.876	16.435
19.822	16.452
19.759	16.472
19.701	16.506
19.641	16.533
POLYLINE GREEN
20.745	21.792
20.745	21.792
POLYLINE GREEN
5.565	27.743
5.668	27.719
5.773	27.706
5.873	27.672
6.336	27.517
6.924	27.130
7.253	26.897
7.909	26.431
8.502	26.027
9.005	25.434
9.116	25.303
9.222	25.167
9.317	25.024
9.546	24.682
9.482	24.514
9.538	24.685
POLYLINE GREEN
5.723	27.687
5.654	27.709
5.313	27.780
5.175	27.882
4.989	28.021
4.866	28.234
4.736	28.421
POLYLINE GREEN
2.538	30.831
2.575	30.955
2.602	31.092
2.698	31.187
2.868	31.353
3.278	31.477
3.390	31.184
3.472	30.966
3.306	30.691
3.230	30.519
3.177	30.398
3.109	30.283
3.057	30.162
3.029	30.097
2.966	29.887
3.007	29.808
3.044	29.740
3.100	29.683
3.147	29.620
POLYLINE GREEN
3.116	28.767
3.131	28.811
POLYLINE GREEN
3.752	2.870
3.670	2.444
3.774	1.998
3.616	1.585
3.545	1.399
3.344	0.932
3.163	0.714
3.097	0.635
3.018	0.568
2.945	0.495
POLYLINE GREEN
3.814	2.898
3.811	2.726
3.852	2.141
3.761	1.838
3.740	1.770
3.717	1.700
3.680	1.639
3.429	1.229
3.158	0.831
2.897	0.428
POLYLINE GREEN
5.356	11.583
5.533	11.741
5.470	12.113
5.663	12.285
5.712	12.329
5.776	12.328
5.836	12.308
5.905	12.285
6.165	12.241
6.195	12.104
6.237	11.914
6.245	11.742
6.155	11.566
6.093	11.446
5.982	11.376
5.864	11.319
5.744	11.261
5.598	11.195
5.458	11.207
5.406	11.212
5.313	11.251
5.280	11.262
POLYLINE GREEN
5.459	11.337
5.645	11.608
5.534	11.474
5.800	11.732
POLYLINE GREEN
5.717	11.629
6.311	11.497
POLYLINE GREEN
5.856	11.757
5.854	11.769
POLYLINE GREEN
5.589	11.553
5.741	11.834
5.787	12.084
5.777	12.394
POLYLINE GREEN
10.647	20.636
11.119	19.614
10.986	20.020
11.154	19.460
POLYLINE GREEN
8.997	13.814
9.047	13.830
9.121	13.866
9.184	13.864
9.480	13.856
9.755	13.482
9.918	13.288
10.159	13.002
10.395	12.629
10.716	12.394
10.845	12.299
11.083	12.286
11.214	12.261
POLYLINE GREEN
9.525	14.362
9.516	14.275
9.508	14.189
9.499	14.102
9.503	14.059
9.478	13.943
9.510	13.973
9.545	14.006
9.509	14.070
9.515	14.118
9.528	14.210
9.583	14.444
9.673	14.492
9.770	14.544
9.942	14.365
9.968	14.344
10.064	14.266
10.118	14.185
10.142	14.067
10.168	13.942
10.197	13.819
10.220	13.694
10.223	13.677
10.212	13.645
10.203	13.631
10.153	13.554
9.981	13.560
9.927	13.557
9.826	13.552
9.698	13.565
9.650	13.672
9.456	14.113
9.594	13.871
9.448	14.113
POLYLINE GREEN
9.594	14.102
9.645	14.089
9.696	14.078
9.746	14.064
9.910	14.016
9.881	13.684
9.887	13.598
POLYLINE GREEN
9.892	14.132
10.138	14.360
POLYLINE GREEN
9.762	14.964
9.891	15.036
9.667	15.585
9.853	15.781
9.923	15.854
10.044	15.888
10.142	15.883
10.273	15.876
10.635	15.881
10.785	15.753
10.877	15.674
10.939	15.539
10.970	15.424
10.983	15.375
11.130	14.929
11.033	14.805
10.957	14.708
10.733	14.673
10.668	14.661
10.485	14.626
10.102	14.572
9.896	14.646
9.731	14.706
9.596	14.824
9.462	14.934
POLYLINE GREEN
9.646	14.959
9.849	15.064
10.053	15.169
10.257	15.274
10.277	15.280
10.296	15.287
10.316	15.291
10.638	15.348
11.238	14.810
11.307	14.764
POLYLINE GREEN
10.362	15.302
10.447	15.860
POLYLINE GREEN
11.241	19.764
11.329	19.650
11.416	19.535
11.506	19.422
11.544	19.376
11.610	19.344
11.623	19.286
11.630	19.258
11.563	19.287
11.536	19.298
11.435	19.338
11.322	19.408
11.241	19.483
11.184	19.537
10.915	19.911
11.180	19.793
11.313	19.734
11.448	19.678
11.572	19.601
11.693	19.526
11.798	19.426
11.912	19.339
POLYLINE GREEN
2.755	2.421
2.673	2.311
2.601	2.195
2.510	2.092
2.015	1.533
1.012	1.251
0.426	1.027
0.352	0.998
0.270	0.988
0.190	0.980
-0.075	0.954
-0.199	0.979
-0.445	1.043
POLYLINE GREEN
3.121	1.037
2.715	0.688
2.914	0.888
2.534	0.427
POLYLINE GREEN
3.004	0.920
2.857	0.728
2.732	0.516
2.561	0.343
2.392	0.172
2.203	0.016
1.994	-0.103
1.574	-0.343
1.126	-0.530
0.684	-0.728
0.624	-0.755
0.558	-0.769
0.493	-0.775
0.226	-0.798
-0.162	-0.762
-0.415	-0.746
POLYLINE GREEN
6.578	14.300
6.394	13.666
6.473	14.034
6.437	12.952
6.434	12.865
6.536	12.803
6.606	12.784
6.695	12.760
7.267	12.516
7.497	12.664
7.742	12.821
7.985	12.982
8.221	13.153
8.282	13.197
8.398	13.290
8.420	13.384
8.458	13.542
8.214	13.794
8.112	13.873
7.951	13.996
7.785	14.116
7.609	14.218
7.287	14.404
6.849	14.617
6.578	14.233
6.569	14.221
6.561	14.209
6.557	14.195
6.520	14.058
6.489	13.920
6.455	13.782
POLYLINE GREEN
6.439	12.825
6.627	12.801
7.006	13.448
7.369	13.502
7.658	13.546
8.209	13.408
8.328	13.390
POLYLINE GREEN
7.238	13.491
7.105	14.067
7.194	13.594
7.134	14.396
7.128	14.472
7.113	14.547
7.102	14.622
POLYLINE GREEN
0.916	16.503
0.932	16.502
POLYLINE GREEN
1.127	25.725
0.533	24.328
0.643	24.185
-0.134	23.279
-0.279	23.110
-0.449	22.965
-0.606	22.808
POLYLINE GREEN
1.242	25.955
0.877	25.367
1.130	25.820
0.751	24.479
POLYLINE GREEN
-13.396	29.562
-12.683	27.644
-13.009	28.365
-12.530	27.354
POLYLINE GREEN
-13.442	28.608
-13.426	28.800
-13.438	28.944
-13.368	29.113
-13.183	29.558
-12.566	30.044
-12.058	29.977
-11.972	29.965
-11.892	29.936
-11.819	29.890
-11.509	29.695
-11.477	29.341
-11.537	29.004
-11.599	28.659
-11.762	28.382
-11.942	28.073
-12.184	27.659
-12.513	27.441
-12.902	27.185
POLYLINE GREEN
-10.364	30.102
-10.546	29.800
-10.814	29.444
-10.672	29.071
-10.646	29.003
-10.589	28.933
-10.518	28.908
-10.372	28.856
-10.209	28.874
-10.062	28.911
-9.630	29.022
-9.442	29.179
-9.188	29.553
-9.051	29.754
-8.791	30.356
-9.015	30.591
-9.309	30.900
-9.920	30.599
-10.165	30.398
-10.352	30.245
-10.533	30.084
-10.717	29.926
POLYLINE GREEN
-8.969	31.402
-8.938	31.450
-8.453	32.117
-8.298	31.739
-7.987	30.980
-7.670	30.222
-7.378	29.454
-7.342	29.358
-7.330	29.253
-7.316	29.150
-7.282	28.894
-7.334	28.654
-7.542	28.485
-7.653	28.395
-7.747	28.330
-7.879	28.282
-7.994	28.241
-8.122	28.250
-8.241	28.243
POLYLINE GREEN
-6.447	32.843
-6.697	32.752
-6.858	32.727
-7.053	32.578
-7.180	32.481
-7.264	32.376
-7.352	32.242
-7.524	31.978
-7.406	31.738
-7.171	31.563
-6.900	31.362
-6.453	31.233
-6.272	30.953
-6.084	30.662
-6.218	30.196
-6.541	30.062
-6.719	29.989
-6.863	29.999
-7.072	29.976
POLYLINE GREEN
-7.547	33.518
-7.352	34.100
-7.192	34.153
-6.704	34.679
POLYLINE GREEN
-5.355	32.544
-5.426	32.485
-5.505	32.433
-5.570	32.366
-5.748	32.180
-5.891	31.876
-5.987	31.661
-6.128	31.348
-6.147	30.993
-5.821	30.802
-5.729	30.748
-5.620	30.702
-5.514	30.684
-5.079	30.613
-4.710	30.871
-4.347	31.068
POLYLINE GREEN
-3.676	33.514
-3.274	31.789
-3.485	32.479
-3.132	31.417
POLYLINE GREEN
-2.825	33.928
-2.466	32.548
-2.699	33.117
-2.235	32.180
POLYLINE GREEN
-2.687	33.805
-2.151	34.324
-2.497	34.033
-1.583	34.595
POLYLINE GREEN
-2.158	33.403
-1.154	34.012
POLYLINE GREEN
-2.173	32.579
-1.008	33.226
POLYLINE GREEN
-12.376	25.066
-12.641	24.906
-12.777	24.739
-12.843	24.436
-12.896	24.192
-12.895	23.794
-12.656	23.637
-12.454	23.505
-12.140	23.670
-11.983	23.795
-11.894	23.866
-11.803	23.979
-11.751	24.077
-11.661	24.248
-11.568	24.453
-11.585	24.654
-11.611	24.959
-12.019	25.068
-12.259	24.955
-12.527	24.829
-12.573	24.590
-12.741	24.315
POLYLINE GREEN
-11.989	25.583
-11.246	24.468
POLYLINE GREEN
-12.131	25.372
-12.123	25.563
-12.140	25.693
-12.081	25.863
-11.957	26.223
-11.527	26.615
-11.121	26.466
-10.934	26.398
-10.826	26.242
-10.737	26.070
-10.552	25.714
-10.639	25.270
-10.879	24.960
-11.111	24.660
-11.427	24.435
-11.740	24.226
POLYLINE GREEN
-8.003	27.258
-8.130	27.276
-8.256	27.300
-8.383	27.311
-8.727	27.340
-9.044	26.954
-9.231	26.764
-9.371	26.622
-9.577	26.310
-9.546	26.099
-9.485	25.676
-8.809	25.688
-8.521	25.738
-7.967	25.835
-7.744	26.087
-7.294	26.442
POLYLINE GREEN
-7.493	28.063
-7.415	27.502
-7.070	27.064
-6.872	26.553
POLYLINE GREEN
-6.922	28.424
-6.419	27.589
-6.684	27.940
-6.163	27.343
POLYLINE GREEN
-6.677	28.481
-6.356	28.972
-5.815	29.258
-5.316	29.539
POLYLINE GREEN
-6.271	28.144
-5.614	28.782
-5.922	28.523
-5.370	28.949
POLYLINE GREEN
-6.459	27.293
-5.347	28.186
POLYLINE GREEN
-5.125	29.037
-5.025	28.900
-4.925	28.764
-4.825	28.627
-4.808	28.620
-4.791	28.602
-4.772	28.606
-4.725	28.618
-4.724	28.741
-4.724	28.750
-4.721	28.928
-4.736	29.105
-4.729	29.282
-4.716	29.586
-4.548	29.976
-4.219	30.049
-4.036	30.090
-3.958	29.895
-3.960	29.744
-3.962	29.603
-4.027	29.457
-4.108	29.345
-4.230	29.176
-4.374	28.989
-4.567	28.894
-4.581	28.887
-4.595	28.884
-4.609	28.879
-4.670	28.861
-4.731	28.844
-4.791	28.826
POLYLINE GREEN
-5.094	28.696
-4.386	27.874
-4.625	28.228
-4.293	27.695
POLYLINE GREEN
-4.193	29.911
-3.330	29.470
-3.948	28.885
-3.492	28.650
-3.405	28.606
-3.301	28.605
-3.207	28.623
-2.720	28.715
-2.357	29.438
-2.135	29.773
POLYLINE GREEN
-4.320	28.623
-3.728	29.691
-4.045	29.199
-3.385	30.106
POLYLINE GREEN
-2.737	31.137
-2.036	30.438
-2.461	30.909
-1.587	29.623
POLYLINE GREEN
-2.541	30.911
-2.187	31.411
-1.641	31.716
-1.116	32.004
POLYLINE GREEN
-2.012	30.394
-0.916	31.252
POLYLINE GREEN
-1.890	29.980
-1.391	30.219
-0.965	30.553
-0.575	30.938
POLYLINE GREEN
-0.786	32.149
-0.545	32.340
-0.305	32.531
-0.064	32.721
-0.039	32.732
-0.015	32.745
0.012	32.753
0.552	32.910
1.005	31.544
1.056	31.411
1.165	31.128
1.327	30.645
1.268	30.296
1.205	29.928
0.770	29.822
0.459	29.827
0.333	29.829
0.159	29.847
0.047	29.924
-0.224	30.110
-0.211	30.146
-0.491	30.459
POLYLINE GREEN
0.401	20.685
0.498	20.564
0.684	20.366
0.754	20.196
0.904	19.832
0.962	19.411
0.986	19.029
1.037	18.200
1.041	17.368
1.069	16.538
POLYLINE GREEN
-3.885	26.682
-3.519	25.139
-3.165	23.593
-2.787	22.053
-2.769	21.982
-2.730	21.917
-2.697	21.852
-2.637	21.736
-2.539	21.652
-2.418	21.605
-2.397	21.597
-2.375	21.588
-2.353	21.588
-1.812	21.587
-1.271	21.614
-0.730	21.603
-0.541	21.598
-0.354	21.507
-0.184	21.440
POLYLINE GREEN
-0.403	21.826
-0.368	21.775
0.009	21.714
0.032	21.549
0.044	21.455
-0.034	21.358
-0.084	21.293
-0.213	21.128
-0.359	21.078
-0.548	21.005

