TRIP
DATE 2025-08-24
DECLINATION 0.0
DATA
0		101.22	1.73	14.382	>
0		101.12	1.76	14.284	>
0		101.16	1.80	14.303	>
0	1	101.16	1.76	14.323	>
1		167.23	38.68	3.966	>
1		166.14	39.02	3.967	>
1		166.93	38.72	3.964	>
1	2	166.77	38.81	3.966	>
2		66.34	5.04	1.418	>
2		66.18	5.49	1.418	>
2		65.65	4.25	1.426	>
2	3	66.06	4.93	1.421	>
3		142.43	83.29	7.951	>
3		83.16	-62.46	2.654	>
3		351.47	-80.58	1.366	>
3		124.23	-39.25	5.352	>
3		96.87	-34.91	3.950	>
3		137.64	-22.73	3.173	>
3		130.12	-12.58	6.716	>
3		129.87	-14.05	6.892	>
3		130.19	-12.65	6.701	>
3		17.15	14.74	1.034	>
3		53.23	58.78	4.066	>
3		48.23	78.28	2.498	>
3		130.27	-12.95	6.686	>
3		130.30	-12.94	6.685	>
3		130.19	-12.93	6.683	>
3	4	130.25	-12.94	6.685	>
4		14.58	-4.59	0.627	>
4		353.97	-76.46	1.321	>
4		58.47	74.12	5.738	>
4		59.44	23.33	2.666	>
4		58.76	23.23	2.666	>
4		59.38	23.47	2.662	>
4	5	59.19	23.34	2.665	>
5		301.38	86.79	4.732	>
5		178.09	5.95	0.614	>
5		97.73	-81.81	2.178	>
5		80.56	22.20	4.161	>
5		80.58	22.02	4.217	>
5		80.57	22.12	4.209	>
5		80.41	21.71	4.223	>
5	6	80.52	21.95	4.216	>
6		309.18	-12.08	1.285	>
6		311.60	78.18	2.255	>
6		324.16	-58.64	1.608	>
6		11.23	8.34	3.771	>
6		11.30	8.39	3.771	>
6		11.27	8.38	3.771	>
6	7	11.27	8.37	3.771	>
7		312.97	80.31	9.108	>
7		87.69	9.33	0.978	>
7		296.97	1.72	1.064	>
7		323.03	-72.24	1.076	>
7		32.20	1.10	6.757	>
7		214.82	29.88	0.885	>
7		130.25	29.71	1.758	>
7		297.67	81.40	9.002	>
7		297.64	81.47	9.008	>
7		298.17	81.49	9.047	>
7	8	297.83	81.45	9.019	>
8		92.81	32.16	1.317	>
8		96.12	25.41	1.446	>
8		52.09	-0.82	3.908	>
8		70.99	-16.74	1.857	>
8		182.78	-15.61	4.227	>
8		141.00	-17.98	2.095	>
8		122.86	2.33	4.061	>
8		122.66	2.72	4.043	>
8		122.74	2.55	4.026	>
8	9	122.75	2.53	4.043	>
9		290.47	-2.44	2.163	>
9		36.77	66.04	0.718	>
9		75.43	-81.92	0.840	>
9		44.16	7.15	0.974	>
9		315.66	-9.36	1.973	>
9		119.73	10.83	1.054	>
9		171.06	5.25	2.814	>
9		171.32	5.22	2.822	>
9		171.41	5.13	2.815	>
9	10	171.26	5.20	2.817	>
10		263.31	13.01	0.984	>
10		247.67	53.22	0.618	>
10		66.24	-76.85	2.009	>
10		251.09	-47.65	0.724	>
10		160.00	-4.98	2.723	>
10		160.10	-4.95	2.717	>
10		159.93	-4.97	2.736	>
10	11	160.01	-4.97	2.725	>
11		38.80	2.93	0.524	>
11		45.22	-33.12	1.411	>
11		11.07	-58.32	0.966	>
11		67.43	-41.13	4.134	>
11		105.31	-43.26	10.124	>
11		105.51	-43.46	10.098	>
11		105.27	-43.33	10.076	>
11	12	105.36	-43.35	10.099	>
12		327.22	-3.79	1.826	>
12		349.23	68.58	2.433	>
12		134.37	-82.25	0.711	>
12		212.12	56.44	6.749	>
12		243.58	58.67	6.755	>
12		277.71	51.32	9.308	>
12		314.91	42.87	2.753	>
12		304.44	14.64	3.206	>
12		293.52	3.59	2.439	>
12		86.89	-4.95	2.827	>
12		86.61	-5.09	2.793	>
12		86.62	-4.90	2.772	>
12		86.46	-5.03	2.797	>
12	13	86.56	-5.01	2.787	>
13		215.18	6.38	1.134	>
13		21.84	9.64	1.867	>
13		53.38	-73.91	0.692	>
13		99.56	80.65	4.023	>
13		126.64	18.31	5.873	>
13		82.04	24.10	4.913	>
13		150.28	22.29	9.042	>
13		100.55	9.79	5.069	>
13		100.57	9.85	5.065	>
13		100.60	9.87	5.069	>
13		342.80	67.45	4.109	>
13		343.15	67.26	3.931	>
13		343.06	67.54	2.447	>
13		343.13	67.40	4.028	>
13		343.17	67.37	4.023	>
13		342.91	67.37	4.001	>
13	14	100.57	9.84	5.068	>
14		157.20	-54.78	6.524	>
14		90.75	-16.19	0.223	>
14		81.94	-70.21	0.162	>
14		115.72	-63.74	6.160	>
13	13.1	343.07	67.38	4.017	>
13.1		241.67	10.07	0.633	>
13.1		228.80	66.42	3.145	>
13.1		129.72	-82.86	1.475	>
13.1		62.52	-15.70	1.169	>
13.1		69.19	-48.79	1.041	>
13.1		319.39	24.04	3.509	>
13.1		329.68	10.29	9.963	>
13.1		329.39	10.16	9.939	>
13.1		329.55	10.07	9.931	>
13.1	13.2	329.54	10.18	9.944	>
13.2		104.80	72.47	0.769	>
13.2		60.30	-56.76	0.948	>
13.2		247.89	0.57	0.602	>
13.2		2.76	4.48	6.686	>
13.2		2.79	4.43	6.679	>
13.2		2.77	4.45	6.679	>
13.2		6.50	10.17	4.578	>
13.2		2.37	10.92	4.195	>
13.2		8.76	1.94	5.627	>
13.2		28.93	1.19	3.222	>
13.2		54.81	-1.16	3.492	>
13.2		52.85	-1.69	3.652	>
13.2		52.52	-1.79	3.656	>
13.2		52.73	-1.77	3.652	>
13.2	13.3	2.77	4.45	6.681	>
13.2	13.2.1	52.70	-1.75	3.653	>
13.2.1		316.75	-5.41	1.168	>
13.2.1		342.26	11.68	0.571	>
13.2.1		321.81	-77.32	0.392	>
13.2.1		31.15	9.83	3.884	>
13.2.1		32.14	9.84	3.923	>
13.2.1		32.11	10.13	3.889	>
13.2.1	13.2.2	31.80	9.93	3.899	>
13.2.2		160.80	-78.87	0.494	>
13.2.2		152.50	3.14	1.343	>
13.2.2		151.22	25.39	0.615	>
13.2.2		84.55	4.20	1.715	>
13.2.2		96.24	-16.56	2.871	>
13.2.2		96.19	-16.38	2.867	>
13.2.2		95.84	-16.62	2.865	>
13.2.2	13.2.3	96.09	-16.52	2.868	>
13.2.3		324.46	4.53	0.849	>
13.2.3		303.77	33.17	0.596	>
13.2.3		309.61	-44.52	0.758	>
13.2.3		347.71	-12.45	2.379	>
13.2.3		348.07	-12.72	2.366	>
13.2.3		348.09	-12.54	2.360	>
13.2.3	13.2.4	347.96	-12.57	2.368	>
13.2.4		85.79	14.89	1.000	>
13.2.4		32.80	69.31	1.674	>
13.2.4		13.82	10.22	1.374	>
13.2.4		87.28	10.80	1.002	>
13.2.4		83.76	-74.54	0.731	>
13.2.4		43.37	-30.61	2.013	>
13.2.4		70.05	-24.75	1.794	>
13.2.4		31.72	-38.98	2.291	>
13.2.4		32.15	-39.31	2.296	>
13.2.4		32.02	-39.36	2.291	>
13.2.4	13.2.5	31.96	-39.22	2.293	>
13.2.5		157.17	38.60	1.384	>
13.2.5		185.76	13.50	1.952	>
13.2.5		265.30	-78.58	0.762	>
13.2.5		190.24	76.70	2.006	>
13.2.5		170.01	5.24	9.588	>
13.2.5		169.65	5.05	9.590	>
13.2.5		169.73	5.02	9.595	>
13.2.5	13.2.6	169.80	5.10	9.591	>
13.2.6		122.45	62.68	0.638	>
13.2.6		84.77	12.73	1.787	>
13.2.6		61.62	-76.95	0.622	>
13.2.6		78.22	35.42	0.792	>
13.2.6		149.79	2.75	4.191	>
13.2.6		150.18	3.13	4.174	>
13.2.6		149.90	3.13	4.184	>
13.2.6	13.2.7	149.96	3.00	4.183	>
13.2.7		86.83	11.46	3.110	>
13.2.7		139.48	41.58	0.720	>
13.2.7		83.63	-58.06	1.049	>
13.2.7		154.08	7.01	1.051	>
13.2.7		12.43	-4.86	2.801	>
13.2.7		68.43	-11.62	2.796	>
13.2.7		59.30	-58.16	13.680	>
13.2.7		45.75	-75.78	7.308	>
13.2.7		71.50	-75.28	11.008	>
13.2.7		91.96	-70.10	0.879	>
13.2.7		329.03	-60.49	1.925	>
13.2.7		57.45	-30.03	3.605	>
13.2.7		44.79	-61.32	12.184	>
13.2.7		193.40	-8.59	4.152	>
13.2.7		193.46	-8.26	4.141	>
13.2.7		193.38	-8.05	4.136	>
13.2.7		57.57	-64.97	12.765	>
13.2.7		57.74	-64.98	12.830	>
13.2.7		57.65	-64.90	12.805	>
13.2.7	13.2.8	193.41	-8.30	4.143	>
13.2.8		293.94	59.40	0.805	>
13.2.8		302.82	19.59	1.440	>
13.2.8		286.94	-39.48	0.774	>
13.2.8		221.12	-10.74	7.040	>
13.2.8		169.58	9.90	1.591	>
13.2.8		169.34	9.83	1.597	>
13.2.8		169.12	9.94	1.592	>
13.2.8	13.2.9	169.35	9.89	1.593	>
13.2.9		267.12	-35.38	7.193	>
13.2.9		267.22	-35.40	7.184	>
13.2.9		267.15	-35.44	7.164	>
13.2.9	13.2.10	267.16	-35.41	7.180	>
13.2.10		44.22	-65.15	11.458	>
13.2.10		57.98	-64.83	12.761	>
13.2.10		57.96	-64.95	12.766	>
13.2.10		58.08	-64.78	12.781	>
13.2.7	13.2.7.1	57.65	-64.95	12.800	>
13.2.7.1		57.56	-65.00	12.757	>
13.2.7.1		57.56	-64.95	12.751	>
13.2.7.1		57.54	-64.98	12.785	>

PLAN
STATIONS
0.000	0.000	0
14.046	-2.771	1
14.753	-5.779	2
16.047	-5.205	3
21.019	-9.415	4
23.120	-8.162	5
26.978	-7.518	6
27.707	-3.859	7
26.521	-3.233	8
29.918	-5.418	9
30.345	-8.191	10
31.273	-10.743	11
38.354	-12.688	12
41.126	-12.522	13
46.034	-13.438	14
40.676	-11.044	13.1
35.714	-2.606	13.2
36.036	4.047	13.3
38.619	-0.394	13.2.1
40.642	2.870	13.2.2
43.376	2.579	13.2.3
42.894	4.839	13.2.4
43.834	6.346	13.2.5
45.526	-3.056	13.2.6
47.618	-6.672	13.2.7
46.667	-10.660	13.2.8
46.957	-12.202	13.2.9
41.112	-12.492	13.2.10
52.196	-3.772	13.2.7.1
SHOTS
0.000	0.000	14.046	-2.771
14.046	-2.771	14.753	-5.779
14.753	-5.779	16.047	-5.205
16.047	-5.205	16.613	-5.941
16.047	-5.205	17.265	-5.059
16.047	-5.205	16.014	-4.984
16.047	-5.205	19.473	-7.536
16.047	-5.205	19.263	-5.592
16.047	-5.205	18.019	-7.367
16.047	-5.205	21.059	-9.429
16.047	-5.205	21.178	-9.491
16.047	-5.205	21.042	-9.424
16.047	-5.205	16.342	-4.249
16.047	-5.205	17.735	-3.943
16.047	-5.205	16.425	-4.867
16.047	-5.205	21.019	-9.415
21.019	-9.415	21.176	-8.810
21.019	-9.415	20.986	-9.107
21.019	-9.415	22.357	-8.594
21.019	-9.415	23.120	-8.162
23.120	-8.162	22.894	-8.024
23.120	-8.162	23.141	-8.772
23.120	-8.162	23.428	-8.203
23.120	-8.162	26.921	-7.530
23.120	-8.162	26.978	-7.518
26.978	-7.518	26.003	-6.724
26.978	-7.518	26.632	-7.211
26.978	-7.518	26.488	-6.839
26.978	-7.518	27.707	-3.859
27.707	-3.859	26.585	-2.814
27.707	-3.859	28.671	-3.820
27.707	-3.859	26.759	-3.376
27.707	-3.859	27.509	-3.597
27.707	-3.859	31.306	1.858
27.707	-3.859	27.268	-4.489
27.707	-3.859	28.872	-4.845
27.707	-3.859	26.521	-3.233
26.521	-3.233	27.635	-3.288
26.521	-3.233	27.820	-3.372
26.521	-3.233	29.604	-0.832
26.521	-3.233	28.202	-2.654
26.521	-3.233	26.324	-7.299
26.521	-3.233	27.775	-4.782
26.521	-3.233	29.918	-5.418
29.918	-5.418	27.894	-4.663
29.918	-5.418	30.093	-5.185
29.918	-5.418	30.033	-5.389
29.918	-5.418	30.592	-4.725
29.918	-5.418	28.558	-4.026
29.918	-5.418	30.817	-5.932
29.918	-5.418	30.345	-8.191
30.345	-8.191	29.392	-8.303
30.345	-8.191	30.002	-8.332
30.345	-8.191	30.763	-8.007
30.345	-8.191	29.883	-8.349
30.345	-8.191	31.273	-10.743
31.273	-10.743	31.601	-10.335
31.273	-10.743	32.111	-9.910
31.273	-10.743	31.370	-10.245
31.273	-10.743	34.148	-9.548
31.273	-10.743	38.354	-12.688
38.354	-12.688	37.368	-11.156
38.354	-12.688	38.188	-11.815
38.354	-12.688	38.423	-12.755
38.354	-12.688	36.371	-15.848
38.354	-12.688	35.209	-14.251
38.354	-12.688	32.589	-11.907
38.354	-12.688	36.925	-11.264
38.354	-12.688	35.796	-10.934
38.354	-12.688	36.122	-11.717
38.354	-12.688	41.167	-12.535
38.354	-12.688	41.126	-12.522
41.126	-12.522	40.477	-13.443
41.126	-12.522	41.811	-10.813
41.126	-12.522	41.280	-12.407
41.126	-12.522	41.771	-12.630
41.126	-12.522	45.600	-15.850
41.126	-12.522	45.567	-11.901
41.126	-12.522	45.274	-19.787
41.126	-12.522	40.660	-11.016
41.126	-12.522	40.685	-11.068
41.126	-12.522	40.853	-11.627
41.126	-12.522	46.034	-13.438
46.034	-13.438	47.492	-16.906
46.034	-13.438	46.248	-13.441
46.034	-13.438	46.089	-13.430
46.034	-13.438	48.490	-14.621
41.126	-12.522	40.676	-11.044
40.676	-11.044	40.127	-11.339
40.676	-11.044	39.729	-11.872
40.676	-11.044	40.817	-11.161
40.676	-11.044	41.674	-10.524
40.676	-11.044	41.317	-10.800
40.676	-11.044	38.590	-8.611
40.676	-11.044	35.714	-2.606
35.714	-2.606	35.938	-2.666
35.714	-2.606	36.166	-2.349
35.714	-2.606	35.156	-2.833
35.714	-2.606	36.225	1.871
35.714	-2.606	35.884	1.509
35.714	-2.606	36.570	2.952
35.714	-2.606	37.273	0.213
35.714	-2.606	38.567	-0.595
35.714	-2.606	36.036	4.047
35.714	-2.606	38.619	-0.394
38.619	-0.394	37.822	0.453
38.619	-0.394	38.449	0.139
38.619	-0.394	38.566	-0.326
38.619	-0.394	40.642	2.870
40.642	2.870	40.674	2.780
40.642	2.870	41.262	1.681
40.642	2.870	40.910	2.383
40.642	2.870	42.345	3.033
40.642	2.870	43.376	2.579
43.376	2.579	42.884	3.267
43.376	2.579	42.962	2.856
43.376	2.579	42.960	2.923
43.376	2.579	42.894	4.839
42.894	4.839	43.858	4.910
42.894	4.839	43.214	5.336
42.894	4.839	43.217	6.152
42.894	4.839	43.877	4.886
42.894	4.839	43.088	4.860
42.894	4.839	44.084	6.099
42.894	4.839	44.425	5.395
42.894	4.839	43.834	6.346
43.834	6.346	44.254	5.349
43.834	6.346	43.644	4.458
43.834	6.346	43.684	6.334
43.834	6.346	43.752	5.892
43.834	6.346	45.526	-3.056
45.526	-3.056	45.773	-3.213
45.526	-3.056	47.262	-2.897
45.526	-3.056	45.650	-2.989
45.526	-3.056	46.158	-2.924
45.526	-3.056	47.618	-6.672
47.618	-6.672	50.661	-6.503
47.618	-6.672	47.967	-7.081
47.618	-6.672	48.169	-6.610
47.618	-6.672	48.073	-7.610
47.618	-6.672	48.218	-3.946
47.618	-6.672	50.164	-5.665
47.618	-6.672	53.824	-2.987
47.618	-6.672	48.904	-5.419
47.618	-6.672	50.270	-5.784
47.618	-6.672	47.916	-6.682
47.618	-6.672	47.130	-5.859
47.618	-6.672	50.249	-4.993
47.618	-6.672	51.737	-2.522
47.618	-6.672	46.667	-10.660
46.667	-10.660	46.292	-10.493
46.667	-10.660	45.526	-9.924
46.667	-10.660	46.095	-10.486
46.667	-10.660	42.118	-15.870
46.667	-10.660	46.957	-12.202
46.957	-12.202	41.112	-12.492
41.112	-12.492	44.470	-9.042
47.618	-6.672	52.196	-3.772
POLYLINE BLUE
13.655	-4.776
13.658	-4.776
POLYLINE BLUE
17.158	-9.671
17.082	-9.603
POLYLINE BLUE
13.653	-4.391
13.653	-4.394
POLYLINE BLUE
13.608	-4.359
13.728	-4.565
13.812	-4.694
13.896	-4.930
13.948	-5.075
14.020	-5.458
14.141	-5.669
14.195	-5.763
14.265	-5.800
14.373	-5.799
14.488	-5.797
14.481	-5.778
14.573	-5.799
14.801	-5.850
14.779	-5.850
14.965	-5.997
POLYLINE BLUE
17.321	-5.179
17.220	-5.151
POLYLINE BLUE
17.552	-5.065
17.463	-5.083
17.281	-5.031
17.174	-5.087
17.157	-5.096
17.141	-5.107
17.125	-5.117
POLYLINE BLUE
17.399	-5.047
17.338	-5.044
17.278	-5.037
17.218	-5.038
17.064	-5.038
16.838	-5.163
16.735	-5.218
16.594	-5.293
16.456	-5.386
16.371	-5.524
16.101	-5.969
16.023	-5.827
16.183	-6.023
POLYLINE BLUE
19.598	-6.710
19.610	-6.713
POLYLINE BLUE
19.010	-7.841
19.093	-7.856
19.169	-7.862
19.248	-7.831
19.430	-7.757
19.514	-7.554
19.590	-7.389
19.610	-7.344
19.627	-7.297
19.638	-7.248
19.653	-7.179
19.656	-7.109
19.665	-7.039
POLYLINE BLUE
16.226	-6.138
16.245	-6.156
POLYLINE BLUE
16.122	-5.777
16.228	-5.755
POLYLINE BLUE
16.263	-5.729
16.225	-5.752
16.186	-5.772
16.150	-5.797
16.027	-5.883
15.960	-6.060
15.947	-6.204
15.942	-6.254
15.940	-6.354
15.958	-6.409
15.995	-6.524
16.096	-6.718
16.151	-6.801
16.410	-7.189
16.464	-7.340
16.868	-7.454
16.996	-7.490
17.171	-7.472
17.286	-7.459
17.323	-7.455
17.707	-7.357
17.841	-7.407
17.945	-7.445
17.988	-7.561
18.064	-7.633
18.238	-7.800
18.454	-7.874
18.685	-7.938
18.765	-7.961
18.914	-7.985
19.004	-7.950
19.038	-7.936
19.069	-7.918
19.102	-7.902
POLYLINE BLUE
19.686	-6.994
19.695	-6.955
19.707	-6.917
19.713	-6.877
19.717	-6.854
19.718	-6.830
19.716	-6.807
19.695	-6.612
19.679	-6.416
19.644	-6.223
19.605	-6.011
19.531	-5.700
19.401	-5.505
19.287	-5.333
19.095	-5.054
18.862	-4.989
18.839	-4.983
18.816	-4.976
18.793	-4.977
18.450	-4.991
18.108	-5.020
17.765	-5.033
17.545	-5.041
17.698	-4.968
17.513	-5.102
POLYLINE BLUE
17.556	-5.017
17.489	-4.974
17.425	-4.925
17.354	-4.886
17.210	-4.807
17.172	-4.826
17.072	-4.740
16.964	-4.649
16.755	-4.335
16.750	-4.327
16.695	-4.250
16.656	-4.161
16.595	-4.088
16.414	-3.871
16.037	-3.605
15.981	-3.271
15.973	-3.222
15.993	-3.114
15.995	-3.089
POLYLINE BLUE
14.946	-5.881
15.201	-5.806
15.337	-5.762
15.631	-5.711
15.717	-5.696
15.806	-5.695
15.894	-5.691
15.903	-5.690
15.913	-5.694
15.922	-5.697
15.972	-5.713
16.003	-5.755
16.043	-5.785
16.102	-5.829
16.144	-5.832
16.221	-5.857
POLYLINE BLUE
14.670	-5.806
15.089	-5.445
14.933	-5.542
15.503	-5.247
15.704	-5.143
15.771	-5.123
15.982	-5.125
16.005	-5.125
16.031	-5.137
16.048	-5.152
16.062	-5.165
16.070	-5.178
16.079	-5.195
16.117	-5.267
16.148	-5.343
16.191	-5.412
16.282	-5.560
16.287	-5.559
16.374	-5.641
POLYLINE BLUE
18.801	-7.963
18.853	-7.994
18.910	-8.017
18.957	-8.054
18.961	-8.057
19.217	-8.249
19.282	-8.361
19.349	-8.475
19.347	-8.625
19.451	-8.716
19.569	-8.819
19.777	-8.716
19.927	-8.795
19.977	-8.822
20.024	-8.858
20.060	-8.901
20.142	-8.999
20.172	-9.077
20.268	-9.140
20.482	-9.281
20.513	-9.302
20.750	-9.385
20.800	-9.403
20.812	-9.388
20.861	-9.395
20.914	-9.402
20.965	-9.414
21.017	-9.423
POLYLINE BLUE
19.710	-7.216
19.677	-7.378
19.672	-7.528
19.806	-7.642
19.848	-7.677
19.903	-7.707
19.954	-7.723
19.982	-7.732
20.188	-7.756
20.243	-7.826
20.299	-7.897
20.354	-7.969
20.403	-8.045
20.505	-8.204
20.474	-8.218
20.579	-8.327
20.602	-8.351
20.627	-8.373
20.654	-8.391
21.000	-8.618
20.966	-8.586
21.364	-8.672
POLYLINE BLACK
21.100	-9.425
21.764	-9.196
21.619	-9.278
22.118	-9.017
22.189	-8.981
22.254	-8.933
22.327	-8.901
22.411	-8.864
22.500	-8.842
22.586	-8.812
POLYLINE BLACK
21.422	-8.664
21.480	-8.647
21.539	-8.631
21.596	-8.613
21.635	-8.601
21.673	-8.583
21.713	-8.573
21.899	-8.526
22.092	-8.503
22.274	-8.443
22.441	-8.388
22.592	-8.293
22.756	-8.229
23.150	-8.076
23.003	-8.214
23.128	-8.087
POLYLINE BLACK
22.557	-8.900
22.634	-8.901
22.711	-8.896
22.787	-8.901
22.944	-8.913
22.944	-8.944
23.062	-8.928
23.147	-8.917
23.213	-8.858
23.291	-8.829
23.336	-8.812
23.475	-8.777
23.540	-8.761
POLYLINE BLACK
22.559	-8.323
22.422	-8.356
22.287	-8.414
22.198	-8.529
22.176	-8.558
22.171	-8.599
22.182	-8.633
22.191	-8.661
22.215	-8.765
22.254	-8.810
22.298	-8.862
22.385	-8.875
22.447	-8.874
22.528	-8.872
22.700	-8.869
22.773	-8.796
22.817	-8.751
22.848	-8.696
22.833	-8.632
22.829	-8.616
22.822	-8.601
22.819	-8.585
22.814	-8.558
22.816	-8.535
22.822	-8.508
22.826	-8.490
22.847	-8.455
22.833	-8.431
22.825	-8.418
22.807	-8.413
22.793	-8.412
22.446	-8.381
22.558	-8.331
22.398	-8.428
POLYLINE BLACK
22.798	-8.441
22.756	-8.447
22.714	-8.451
22.673	-8.460
22.619	-8.473
22.577	-8.511
22.523	-8.519
22.480	-8.525
22.487	-8.517
22.443	-8.514
22.393	-8.512
22.343	-8.512
22.293	-8.510
POLYLINE BLACK
22.427	-8.498
22.437	-8.543
22.448	-8.587
22.458	-8.632
22.462	-8.666
22.459	-8.700
22.469	-8.732
22.483	-8.772
22.510	-8.806
22.530	-8.843
POLYLINE BLACK
23.533	-8.839
23.713	-8.839
23.818	-8.677
23.978	-8.627
24.081	-8.594
24.190	-8.577
24.290	-8.534
24.462	-8.459
24.620	-8.354
24.791	-8.275
24.842	-8.251
24.898	-8.235
24.953	-8.224
25.195	-8.177
25.437	-8.128
25.682	-8.103
25.903	-8.080
26.430	-8.151
26.665	-7.972
26.738	-7.917
26.898	-7.729
26.917	-7.711
27.052	-7.578
27.081	-7.596
27.162	-7.469
27.165	-7.464
27.165	-7.457
27.163	-7.452
27.155	-7.426
27.143	-7.401
27.133	-7.375
POLYLINE BLACK
23.102	-8.222
23.105	-8.216
POLYLINE BLACK
23.092	-8.037
23.154	-7.991
23.211	-7.938
23.278	-7.899
23.519	-7.758
23.863	-7.651
24.119	-7.602
24.417	-7.545
25.142	-7.542
25.504	-7.336
25.698	-7.226
25.821	-6.926
25.914	-6.762
POLYLINE BLACK
27.780	-3.681
27.722	-3.496
27.752	-3.366
27.562	-3.401
27.467	-3.419
27.486	-3.433
27.379	-3.464
27.331	-3.478
27.281	-3.481
27.233	-3.495
27.156	-3.518
27.040	-3.579
27.034	-3.674
27.032	-3.707
27.044	-3.741
27.057	-3.771
27.135	-3.948
27.232	-3.978
27.379	-4.101
27.484	-4.189
27.500	-4.372
27.644	-4.411
27.739	-4.437
27.844	-4.408
27.907	-4.329
27.919	-4.313
28.019	-4.218
28.019	-4.153
28.019	-4.126
28.006	-4.106
27.993	-4.083
27.962	-4.030
27.928	-3.980
27.900	-3.926
27.851	-3.832
27.871	-3.728
27.842	-3.627
27.831	-3.586
27.800	-3.553
27.779	-3.516
POLYLINE BLACK
27.103	-3.657
27.563	-3.792
27.317	-3.746
27.844	-3.781
POLYLINE BLACK
27.662	-3.872
27.714	-4.361
27.698	-4.081
27.683	-4.713
POLYLINE BLACK
27.759	-4.408
27.480	-4.575
27.764	-4.395
27.373	-4.702
27.201	-4.836
27.242	-4.761
27.104	-4.919
27.066	-4.962
27.033	-5.010
27.000	-5.057
26.996	-5.062
26.995	-5.069
26.994	-5.075
26.972	-5.195
27.237	-5.307
27.294	-5.346
27.328	-5.369
27.359	-5.397
27.387	-5.427
27.477	-5.523
27.564	-5.621
27.646	-5.723
27.668	-5.750
27.682	-5.783
27.699	-5.814
27.740	-5.893
27.769	-6.047
27.890	-6.031
27.918	-6.027
27.966	-6.016
27.988	-5.999
28.088	-5.923
28.187	-5.846
28.278	-5.760
28.358	-5.684
28.431	-5.602
28.498	-5.515
28.562	-5.432
28.617	-5.342
28.670	-5.253
28.773	-5.080
28.680	-4.980
28.583	-4.811
28.464	-4.602
28.390	-4.404
28.196	-4.272
28.120	-4.220
27.987	-4.294
27.930	-4.322
27.728	-4.418
27.780	-4.382
27.662	-4.508
POLYLINE BLACK
28.114	-4.266
28.133	-4.291
28.153	-4.315
28.171	-4.341
28.227	-4.423
28.138	-4.606
28.115	-4.662
27.936	-5.092
28.012	-4.973
27.857	-5.186
POLYLINE BLACK
27.823	-5.117
27.474	-5.391
27.598	-5.273
27.426	-5.445
POLYLINE BLACK
27.836	-5.210
27.804	-5.669
27.833	-5.426
27.739	-5.936
POLYLINE BLACK
27.021	-4.054
26.977	-4.075
26.929	-4.088
26.891	-4.116
26.743	-4.224
26.605	-4.343
26.465	-4.460
26.453	-4.471
26.444	-4.485
26.435	-4.499
26.341	-4.643
26.489	-4.793
26.579	-4.891
26.605	-4.919
26.636	-4.941
26.667	-4.964
26.677	-4.972
26.687	-4.981
26.700	-4.983
26.755	-4.993
26.811	-4.994
26.867	-5.000
POLYLINE BLACK
26.965	-3.980
26.931	-4.639
26.982	-4.317
26.814	-4.949
POLYLINE BLACK
26.885	-4.092
26.686	-4.521
26.913	-4.055
26.684	-4.461
26.662	-4.501
26.646	-4.544
26.627	-4.586
POLYLINE BLACK
26.595	-4.543
26.485	-4.558
POLYLINE BLACK
26.674	-4.512
26.826	-4.825
26.740	-4.703
26.903	-4.896
POLYLINE BLACK
31.678	1.772
31.414	1.517
31.693	1.802
31.330	1.331
31.062	0.984
31.246	1.338
30.961	0.832
30.789	0.527
30.905	0.686
30.803	0.425
30.772	0.347
30.732	0.273
30.698	0.197
30.616	0.009
30.547	-0.185
30.455	-0.368
30.281	-0.717
29.901	-0.855
29.702	-1.183
29.528	-1.470
29.366	-1.764
29.217	-2.065
29.052	-2.398
29.157	-2.291
29.074	-2.574
29.036	-2.704
28.939	-2.826
28.869	-2.934
POLYLINE BLACK
27.523	-2.658
27.560	-2.617
27.591	-2.571
27.633	-2.535
28.467	-1.804
28.146	-2.315
29.154	-0.841
29.457	-0.400
29.687	0.086
29.949	0.553
29.993	0.633
30.046	0.776
30.118	0.862
30.210	0.970
30.355	1.001
30.467	1.079
30.735	1.266
30.752	1.292
30.937	1.474
POLYLINE BLACK
30.916	1.595
31.647	2.454
POLYLINE BLACK
31.694	1.827
31.760	1.961
31.823	2.098
31.894	2.231
31.943	2.323
31.933	2.280
31.961	2.322
31.985	2.359
32.009	2.396
32.032	2.432
POLYLINE BLACK
25.968	-6.758
26.117	-6.367
26.195	-6.192
26.291	-5.720
26.324	-5.560
26.322	-5.396
26.338	-5.234
POLYLINE BLACK
27.524	-2.702
27.495	-2.701
27.466	-2.699
27.437	-2.699
27.336	-2.702
27.137	-2.837
27.115	-2.852
26.977	-2.943
26.848	-3.046
26.718	-3.147
26.701	-3.159
26.687	-3.175
26.674	-3.191
26.662	-3.205
26.651	-3.221
26.642	-3.238
26.598	-3.329
26.551	-3.419
26.517	-3.514
26.454	-3.692
26.429	-3.958
26.427	-4.134
26.424	-4.328
26.448	-4.522
26.445	-4.716
26.412	-5.013
26.414	-4.888
26.420	-5.091
POLYLINE GREEN
27.910	-2.242
27.824	-2.274
27.738	-2.306
27.652	-2.338
27.571	-2.375
27.493	-2.421
27.408	-2.450
27.277	-2.494
27.135	-2.504
27.006	-2.554
26.866	-2.609
26.519	-2.758
26.344	-2.905
26.317	-2.928
26.293	-2.953
26.271	-2.981
26.221	-3.045
26.109	-3.187
26.077	-3.286
26.026	-3.447
26.005	-3.608
26.010	-3.778
26.015	-3.947
26.067	-4.130
26.126	-4.286
26.160	-4.374
26.211	-4.454
26.243	-4.542
26.329	-4.783
26.333	-4.840
26.369	-5.048
POLYLINE BLACK
28.934	-2.844
28.860	-2.903
28.816	-2.958
28.786	-3.048
28.752	-3.151
28.716	-3.253
28.693	-3.359
28.666	-3.482
28.677	-3.948
28.749	-3.948
POLYLINE BLACK
27.032	-7.593
27.051	-7.553
27.069	-7.512
27.090	-7.473
27.112	-7.431
27.139	-7.392
27.161	-7.350
27.231	-7.217
27.284	-7.075
27.365	-6.948
27.454	-6.809
27.562	-6.683
27.667	-6.556
27.736	-6.472
27.794	-6.473
27.876	-6.389
27.907	-6.357
27.925	-6.314
27.949	-6.276
POLYLINE BLACK
27.905	-6.305
27.948	-6.192
27.990	-6.063
28.068	-5.969
28.224	-5.781
28.416	-5.623
28.569	-5.432
28.650	-5.331
28.706	-5.212
28.765	-5.097
28.843	-4.945
28.861	-4.756
28.872	-4.594
28.896	-4.234
28.880	-4.229
28.788	-3.924
POLYLINE BLACK
29.663	-0.604
29.643	-0.615
POLYLINE BLACK
29.000	-1.660
29.010	-1.629
POLYLINE BLACK
28.525	-2.340
28.524	-2.340
POLYLINE BLACK
28.641	-2.319
28.647	-2.331
POLYLINE BLACK
28.576	-2.382
28.591	-2.385
POLYLINE BLACK
29.875	-0.009
29.839	0.025
POLYLINE GREEN
27.841	-2.215
28.283	-1.856
28.507	-1.729
28.832	-1.268
29.008	-1.019
29.099	-0.749
29.175	-0.460
29.232	-0.240
29.265	-0.014
29.330	0.204
29.419	0.499
29.605	0.831
29.768	1.083
29.883	1.260
30.136	1.491
30.283	1.601
30.451	1.726
30.681	1.798
30.857	1.908
30.934	1.956
31.005	2.013
31.071	2.076
31.266	2.262
31.421	2.449
31.561	2.677
31.605	2.750
31.637	2.829
31.676	2.905
POLYLINE GREEN
28.896	-3.697
28.892	-3.640
28.881	-3.584
28.883	-3.527
28.892	-3.338
28.959	-3.049
29.022	-2.888
29.070	-2.765
29.121	-2.638
29.206	-2.537
29.733	-1.912
30.310	-1.331
30.853	-0.720
30.885	-0.683
30.907	-0.639
30.930	-0.596
30.947	-0.564
30.978	-0.485
30.979	-0.444
30.981	-0.398
30.946	0.273
31.024	0.512
31.068	0.645
31.118	0.777
31.183	0.902
31.407	1.330
32.379	2.268
32.394	2.283
POLYLINE GREEN
28.020	-5.502
27.983	-5.297
27.947	-5.091
27.910	-4.885
27.903	-4.863
27.893	-4.797
27.891	-4.820
27.887	-4.848
27.907	-4.876
27.907	-4.905
27.913	-5.189
27.915	-5.473
27.909	-5.756
27.902	-6.058
27.729	-6.867
27.716	-6.936
POLYLINE GREEN
27.890	-4.759
28.067	-4.970
28.026	-4.941
28.290	-5.143
28.325	-5.170
28.397	-5.204
28.444	-5.216
28.554	-5.243
28.668	-5.216
28.781	-5.252
28.897	-5.289
29.036	-5.404
29.112	-5.455
POLYLINE GREEN
28.927	-3.495
28.934	-3.492
POLYLINE GREEN
28.918	-3.647
28.802	-3.852
28.903	-3.696
28.622	-3.980
28.616	-3.986
28.617	-4.001
28.620	-4.008
28.642	-4.076
28.848	-4.179
28.863	-4.186
29.046	-4.271
29.232	-4.346
29.419	-4.421
29.451	-4.434
29.504	-4.444
29.542	-4.443
29.589	-4.441
29.633	-4.423
29.671	-4.397
29.811	-4.304
29.953	-4.174
30.119	-4.114
30.324	-4.038
30.503	-4.255
30.639	-4.360
30.678	-4.390
30.709	-4.448
30.720	-4.495
30.753	-4.636
30.737	-4.686
30.760	-4.847
30.783	-4.998
30.828	-5.146
30.839	-5.298
30.862	-5.594
30.848	-5.778
30.792	-6.044
30.783	-6.085
30.769	-6.124
30.757	-6.164
POLYLINE GREEN
29.015	-5.417
29.371	-5.479
29.061	-5.433
29.849	-5.420
29.854	-5.420
29.858	-5.423
29.862	-5.425
29.900	-5.445
29.899	-5.504
29.888	-5.538
29.884	-5.550
29.879	-5.562
29.873	-5.573
29.811	-5.692
29.741	-5.807
29.684	-5.928
29.638	-6.026
29.604	-6.129
29.565	-6.229
POLYLINE GREEN
30.357	-4.713
30.342	-4.691
30.327	-4.651
30.298	-4.640
30.265	-4.628
30.221	-4.653
30.197	-4.669
30.144	-4.702
30.090	-4.747
30.060	-4.804
30.039	-4.842
30.036	-4.886
30.040	-4.929
30.048	-5.017
30.106	-5.087
30.196	-5.096
30.307	-5.107
30.397	-5.070
30.458	-4.975
30.486	-4.930
30.500	-4.879
30.499	-4.826
30.499	-4.786
30.493	-4.734
30.461	-4.705
30.434	-4.681
30.387	-4.674
30.356	-4.666
POLYLINE GREEN
30.287	-6.044
30.285	-6.024
30.287	-5.989
30.277	-5.965
30.251	-5.900
30.163	-5.902
30.115	-5.937
30.037	-5.992
29.922	-6.176
30.013	-6.264
30.033	-6.284
30.059	-6.299
30.088	-6.303
30.146	-6.313
30.211	-6.302
30.265	-6.280
30.298	-6.267
30.325	-6.246
30.349	-6.219
30.370	-6.196
30.390	-6.171
30.408	-6.145
30.443	-6.096
30.433	-6.020
30.388	-5.981
30.384	-5.978
30.380	-5.975
30.376	-5.974
30.341	-5.963
30.307	-5.954
30.272	-5.944
POLYLINE GREEN
30.445	-5.362
30.437	-5.371
30.377	-5.407
30.391	-5.438
30.398	-5.453
30.416	-5.464
30.431	-5.469
30.496	-5.490
30.555	-5.416
30.559	-5.358
30.562	-5.322
30.520	-5.259
30.479	-5.285
30.451	-5.304
30.445	-5.355
30.438	-5.379
POLYLINE GREEN
30.785	-6.154
30.767	-6.203
30.741	-6.250
30.730	-6.302
30.701	-6.434
30.694	-6.571
30.667	-6.704
30.649	-6.791
30.618	-6.876
30.594	-6.962
30.578	-7.021
30.562	-7.080
30.546	-7.138
30.536	-7.182
30.528	-7.227
30.516	-7.270
30.493	-7.355
30.450	-7.437
30.439	-7.525
30.428	-7.610
30.374	-8.083
30.417	-8.311
30.418	-8.315
30.422	-8.306
30.425	-8.303
30.428	-8.262
30.431	-8.222
30.435	-8.181
POLYLINE GREEN
30.110	-6.996
30.034	-6.992
29.978	-7.006
29.921	-7.059
29.903	-7.076
29.886	-7.095
29.872	-7.116
29.806	-7.214
29.735	-7.341
29.750	-7.466
29.765	-7.581
29.851	-7.704
29.980	-7.690
30.072	-7.680
30.144	-7.611
30.187	-7.533
30.240	-7.436
30.255	-7.318
30.254	-7.209
30.254	-7.190
30.250	-7.171
30.246	-7.153
30.231	-7.083
30.212	-7.013
30.194	-6.944
POLYLINE GREEN
29.639	-6.166
29.526	-7.196
29.643	-6.451
29.282	-7.774
29.271	-7.814
29.266	-7.856
29.265	-7.898
29.262	-8.010
29.285	-8.113
29.319	-8.221
29.404	-8.489
29.743	-8.703
29.895	-8.881
30.343	-9.408
30.160	-9.288
30.472	-9.827
30.589	-10.029
30.713	-10.228
30.850	-10.417
30.916	-10.507
30.997	-10.585
31.077	-10.663
31.239	-10.796
31.282	-10.837
31.213	-10.772
POLYLINE GREEN
30.706	-8.288
30.746	-8.407
POLYLINE GREEN
30.476	-7.750
30.493	-7.785
30.508	-7.822
30.526	-7.857
30.564	-7.928
30.610	-7.996
30.642	-8.070
30.778	-8.377
30.872	-8.703
31.031	-8.999
31.150	-9.222
31.303	-9.426
31.470	-9.615
31.614	-9.778
31.796	-9.904
31.959	-10.049
POLYLINE BLACK
37.602	-10.923
37.534	-11.014
37.460	-11.130
37.345	-11.166
37.217	-11.206
36.941	-11.152
36.880	-11.143
36.835	-11.136
36.792	-11.122
36.749	-11.108
36.693	-11.089
36.660	-11.022
36.630	-10.979
POLYLINE BLACK
31.767	-9.877
31.902	-9.946
32.041	-10.020
32.197	-9.978
32.549	-9.883
32.901	-9.789
33.249	-9.680
33.630	-9.562
33.548	-9.514
33.911	-9.480
34.258	-9.447
34.689	-9.615
34.981	-9.747
35.258	-9.872
35.446	-10.057
35.676	-10.251
35.720	-10.288
35.766	-10.324
35.807	-10.365
35.872	-10.427
35.928	-10.498
35.994	-10.559
36.133	-10.686
36.327	-10.735
36.485	-10.822
36.853	-11.027
36.604	-10.934
36.711	-10.974
POLYLINE BLACK
31.229	-10.778
31.501	-11.025
31.984	-11.565
32.426	-11.830
33.125	-12.250
30.999	-10.673
33.671	-12.765
33.927	-12.966
34.192	-13.158
34.436	-13.373
34.579	-13.500
34.650	-13.650
34.767	-13.793
34.808	-13.844
34.861	-13.886
34.900	-13.939
35.061	-14.159
35.212	-14.387
35.365	-14.613
35.840	-15.313
35.716	-15.251
36.141	-15.655
36.233	-15.742
36.318	-15.835
36.431	-15.891
36.509	-15.929
36.623	-15.909
36.700	-15.880
36.727	-15.870
36.795	-15.854
36.799	-15.810
36.806	-15.756
36.737	-15.675
36.720	-15.647
POLYLINE BLACK
36.728	-15.899
37.275	-15.504
37.135	-15.645
37.710	-14.941
38.031	-14.549
38.231	-14.218
38.334	-13.725
38.359	-13.606
38.372	-13.484
38.381	-13.363
38.397	-13.158
38.395	-12.952
38.409	-12.747
38.414	-12.677
38.461	-12.568
38.546	-12.570
38.592	-12.571
38.649	-12.608
38.680	-12.635
38.773	-12.715
38.857	-12.805
38.950	-12.885
39.303	-13.189
38.910	-12.820
39.109	-13.009
POLYLINE BLACK
36.679	-11.050
36.632	-11.044
36.608	-11.035
36.566	-11.044
36.404	-11.075
36.290	-11.337
36.240	-11.442
36.202	-11.521
36.180	-11.606
36.147	-11.687
36.125	-11.742
36.091	-11.792
36.075	-11.849
36.023	-12.025
36.016	-12.237
35.985	-12.414
35.979	-12.444
35.966	-12.471
35.957	-12.499
POLYLINE BLACK
39.049	-12.992
39.714	-13.201
38.489	-12.809
39.563	-13.190
39.672	-13.228
39.787	-13.247
39.897	-13.285
39.952	-13.304
40.000	-13.340
40.054	-13.361
40.151	-13.398
40.251	-13.425
40.349	-13.459
40.489	-13.507
40.288	-13.448
40.449	-13.493
POLYLINE BLACK
45.281	-19.826
45.262	-19.839
45.244	-19.854
45.224	-19.866
45.211	-19.874
45.178	-19.885
45.164	-19.885
44.936	-19.880
44.707	-19.878
44.478	-19.863
44.298	-19.851
44.028	-19.701
43.915	-19.639
43.700	-19.520
43.470	-19.419
43.285	-19.257
43.044	-19.048
42.858	-18.783
42.653	-18.538
42.622	-18.500
42.598	-18.456
42.577	-18.412
42.257	-17.754
41.847	-16.150
41.813	-16.048
41.644	-15.544
41.439	-15.052
41.258	-14.552
41.209	-14.418
41.174	-14.278
41.122	-14.144
41.046	-13.949
40.996	-13.854
40.877	-13.701
40.799	-13.600
40.580	-13.471
40.528	-13.440
40.046	-13.150
40.557	-13.503
40.306	-13.327
POLYLINE BLACK
42.234	-16.203
42.316	-16.208
42.378	-16.186
42.452	-16.156
POLYLINE BLACK
42.610	-16.510
42.563	-16.523
POLYLINE BLACK
42.558	-17.577
42.600	-17.538
42.646	-17.504
42.683	-17.460
42.963	-17.125
43.127	-16.483
43.237	-16.200
43.269	-16.118
43.246	-16.129
43.286	-16.070
43.328	-16.007
43.426	-15.895
43.441	-15.817
43.450	-15.768
43.435	-15.708
43.394	-15.675
43.323	-15.618
43.252	-15.559
43.175	-15.509
43.086	-15.451
42.989	-15.407
42.898	-15.352
42.877	-15.338
42.856	-15.324
42.840	-15.304
42.715	-15.144
42.600	-14.975
42.476	-14.813
42.460	-14.792
42.428	-14.770
42.404	-14.758
42.374	-14.742
42.331	-14.740
42.300	-14.756
42.209	-14.802
42.011	-14.890
41.942	-14.994
41.885	-15.080
41.834	-15.169
41.780	-15.257
POLYLINE BLACK
42.935	-17.276
42.926	-17.269
POLYLINE BLACK
42.882	-17.248
42.813	-17.337
POLYLINE BLACK
42.810	-17.413
42.795	-17.433
42.781	-17.454
42.766	-17.473
42.720	-17.529
42.594	-17.443
42.574	-17.432
42.464	-17.374
42.388	-17.275
42.330	-17.167
42.238	-16.997
42.158	-16.821
42.068	-16.651
42.020	-16.560
41.961	-16.490
41.931	-16.395
41.926	-16.377
41.921	-16.358
41.920	-16.339
41.874	-15.478
41.855	-15.758
41.903	-15.295
POLYLINE BLACK
42.738	-17.398
42.525	-16.246
42.667	-16.620
42.518	-16.232
POLYLINE BLACK
42.643	-16.309
42.889	-15.962
42.762	-16.162
43.060	-15.518
43.065	-15.507
43.066	-15.495
43.067	-15.483
43.070	-15.455
43.065	-15.418
43.063	-15.392
POLYLINE BLACK
42.734	-16.270
42.585	-16.010
42.408	-15.432
42.115	-15.174
42.065	-15.130
42.019	-15.114
41.958	-15.084
POLYLINE BLACK
43.256	-15.409
43.286	-15.416
43.315	-15.424
43.345	-15.429
43.364	-15.432
43.408	-15.428
43.423	-15.421
43.836	-15.226
44.254	-15.040
44.659	-14.828
44.891	-14.706
45.108	-14.557
45.331	-14.419
45.353	-14.405
45.371	-14.374
45.378	-14.350
45.386	-14.321
45.392	-14.279
45.379	-14.250
45.223	-13.905
45.067	-13.559
44.904	-13.216
44.888	-13.182
44.799	-13.005
44.719	-13.052
44.712	-13.056
44.705	-13.061
44.698	-13.067
44.192	-13.462
43.672	-13.840
43.180	-14.253
42.984	-14.417
42.817	-14.613
42.638	-14.797
42.608	-14.828
42.589	-14.879
42.600	-14.922
42.625	-15.015
42.849	-15.317
42.914	-15.412
POLYLINE BLACK
43.379	-15.341
43.062	-15.291
42.772	-15.144
42.482	-15.016
POLYLINE BLACK
42.573	-15.035
42.741	-14.990
42.696	-14.952
42.845	-14.837
43.041	-14.695
43.237	-14.553
43.432	-14.411
43.493	-14.357
43.550	-14.298
43.614	-14.248
43.704	-14.176
43.826	-14.146
43.923	-14.090
43.989	-14.053
44.050	-14.009
44.108	-13.960
44.275	-13.819
44.428	-13.705
44.535	-13.522
44.591	-13.428
44.628	-13.294
44.666	-13.197
44.672	-13.181
44.683	-13.167
44.690	-13.151
44.697	-13.136
44.703	-13.121
44.709	-13.105
POLYLINE BLACK
45.407	-14.178
45.287	-14.222
45.245	-14.227
45.119	-14.170
44.830	-14.037
44.839	-14.031
44.632	-13.824
POLYLINE BLACK
43.230	-15.064
43.300	-15.088
43.362	-15.103
43.431	-15.073
43.520	-15.035
43.609	-14.996
43.697	-14.956
43.758	-14.928
43.763	-14.845
43.744	-14.790
43.721	-14.726
43.670	-14.704
43.615	-14.657
POLYLINE BLACK
43.206	-15.082
43.280	-15.005
43.354	-14.927
43.428	-14.850
43.479	-14.807
43.535	-14.769
43.582	-14.721
43.600	-14.703
43.607	-14.677
43.619	-14.655
POLYLINE BLACK
44.010	-14.796
44.064	-14.822
44.122	-14.855
44.185	-14.846
44.213	-14.842
44.316	-14.837
44.367	-14.807
44.407	-14.782
44.414	-14.719
44.405	-14.677
44.395	-14.634
44.333	-14.544
44.282	-14.547
44.263	-14.548
44.255	-14.560
44.243	-14.571
44.076	-14.722
44.004	-14.777
44.081	-14.718
POLYLINE BLACK
44.041	-14.513
44.067	-14.517
44.099	-14.530
44.126	-14.519
44.147	-14.510
44.163	-14.490
44.174	-14.472
44.211	-14.410
44.220	-14.343
44.165	-14.290
44.146	-14.273
44.124	-14.258
44.097	-14.256
44.084	-14.256
44.067	-14.259
44.055	-14.265
43.965	-14.311
43.790	-14.351
43.890	-14.470
43.917	-14.502
43.964	-14.508
44.000	-14.518
POLYLINE BLACK
42.801	-15.070
42.853	-15.062
42.965	-15.090
43.024	-15.052
43.083	-15.015
43.197	-14.924
43.203	-14.846
43.204	-14.829
43.201	-14.813
43.187	-14.803
43.169	-14.791
43.140	-14.788
43.121	-14.791
43.033	-14.802
42.933	-14.812
42.867	-14.880
42.824	-14.925
42.809	-14.972
42.778	-15.031
POLYLINE BLACK
45.216	-17.251
45.211	-17.277
45.204	-17.303
45.203	-17.330
45.202	-17.351
45.231	-17.332
45.232	-17.332
45.317	-17.248
45.405	-17.167
45.488	-17.080
45.521	-17.045
45.573	-16.993
45.569	-16.937
45.567	-16.890
45.532	-16.857
45.493	-16.835
45.428	-16.798
45.362	-16.761
45.294	-16.728
45.277	-16.719
45.218	-16.693
45.196	-16.720
45.178	-16.742
45.186	-16.799
45.186	-16.817
POLYLINE BLACK
45.251	-17.368
45.219	-17.319
45.091	-17.152
45.050	-17.043
45.044	-17.027
45.040	-17.004
45.050	-16.987
45.057	-16.977
45.063	-16.975
45.074	-16.970
45.116	-16.948
45.069	-16.976
45.159	-16.911
POLYLINE BLACK
45.230	-16.490
45.490	-16.342
45.427	-16.393
45.673	-16.181
45.696	-16.161
45.748	-16.099
45.722	-16.064
45.716	-16.055
45.705	-16.048
45.695	-16.045
45.638	-16.025
45.578	-16.012
45.522	-15.990
45.266	-15.886
45.415	-15.879
45.215	-15.922
POLYLINE BLACK
45.312	-16.526
45.213	-16.407
45.112	-16.289
45.013	-16.168
45.002	-16.155
45.005	-16.127
45.012	-16.113
45.025	-16.083
45.050	-16.054
45.068	-16.030
POLYLINE BLACK
45.059	-16.203
45.189	-16.153
45.282	-16.046
45.373	-15.946
POLYLINE BLACK
44.169	-17.120
44.345	-16.985
44.523	-16.852
44.697	-16.715
44.799	-16.635
44.727	-16.544
44.629	-16.504
44.581	-16.484
44.532	-16.466
44.482	-16.452
44.434	-16.439
44.364	-16.431
44.312	-16.437
44.128	-16.461
43.962	-16.625
43.859	-16.766
43.806	-16.838
43.908	-16.911
43.950	-16.947
44.035	-17.021
44.110	-17.111
44.211	-17.160
44.239	-17.174
44.264	-17.129
44.290	-17.113
POLYLINE BLACK
44.320	-16.288
44.330	-16.303
44.347	-16.341
44.369	-16.356
44.412	-16.384
44.481	-16.344
44.515	-16.327
44.559	-16.303
44.660	-16.224
44.692	-16.204
44.776	-16.155
44.864	-16.114
44.949	-16.066
44.981	-16.047
45.010	-16.012
44.970	-15.983
44.841	-15.892
44.878	-15.949
44.662	-15.831
44.616	-15.806
44.578	-15.768
44.535	-15.739
44.526	-15.733
44.505	-15.728
44.494	-15.727
44.409	-15.719
44.335	-15.817
44.296	-15.872
44.247	-15.939
44.205	-16.011
44.161	-16.082
44.152	-16.098
44.147	-16.123
44.151	-16.141
44.158	-16.176
44.201	-16.202
44.232	-16.210
44.305	-16.232
44.380	-16.246
44.452	-16.267
44.469	-16.272
44.523	-16.299
44.538	-16.315
44.550	-16.330
44.558	-16.348
44.568	-16.364
POLYLINE BLACK
43.712	-16.664
43.713	-16.639
43.713	-16.529
43.732	-16.487
43.805	-16.323
43.821	-16.304
43.931	-16.170
43.951	-16.146
43.974	-16.126
43.994	-16.102
44.074	-16.003
43.936	-15.937
43.864	-15.898
43.796	-15.861
43.687	-15.807
43.614	-15.866
43.583	-15.890
43.562	-15.924
43.556	-15.963
43.536	-16.105
43.515	-16.247
43.499	-16.389
43.493	-16.438
43.528	-16.549
43.588	-16.563
43.638	-16.575
43.700	-16.534
43.738	-16.518
POLYLINE BLACK
45.292	-15.707
45.313	-15.704
45.333	-15.704
45.353	-15.700
45.366	-15.697
45.379	-15.693
45.390	-15.685
45.531	-15.589
45.669	-15.490
45.807	-15.390
45.851	-15.358
45.900	-15.280
45.865	-15.226
45.828	-15.168
45.708	-15.124
45.671	-15.111
45.533	-15.066
45.391	-15.035
45.251	-14.997
POLYLINE BLACK
45.398	-15.712
45.330	-15.401
45.393	-15.629
45.237	-15.246
45.236	-15.243
45.216	-15.174
45.234	-15.168
45.266	-15.157
45.298	-15.150
45.330	-15.142
POLYLINE BLACK
44.282	-14.827
44.263	-14.849
44.244	-14.872
44.226	-14.895
44.231	-14.897
44.236	-14.902
44.241	-14.901
44.250	-14.900
44.258	-14.896
44.264	-14.890
44.279	-14.876
44.289	-14.858
44.301	-14.841
POLYLINE BLACK
44.026	-14.973
44.031	-14.990
44.032	-15.027
44.049	-15.045
44.091	-15.091
44.215	-15.039
44.254	-15.019
44.293	-14.999
44.397	-14.940
44.400	-14.880
44.404	-14.777
44.197	-14.709
44.122	-14.742
44.077	-14.761
44.049	-14.854
44.038	-14.875
POLYLINE BLACK
43.441	-15.198
43.381	-15.150
43.294	-15.097
43.276	-15.014
43.274	-15.005
43.269	-14.979
43.279	-14.969
43.303	-14.945
43.331	-14.925
43.358	-14.902
POLYLINE BLACK
44.147	-15.253
44.126	-15.259
44.103	-15.263
44.083	-15.272
44.058	-15.283
44.035	-15.297
44.014	-15.313
43.938	-15.375
43.867	-15.440
43.795	-15.505
43.786	-15.514
43.778	-15.524
43.771	-15.534
43.723	-15.604
43.785	-15.682
43.847	-15.713
43.913	-15.746
43.980	-15.775
44.048	-15.803
44.120	-15.833
44.205	-15.833
44.246	-15.757
44.313	-15.630
44.379	-15.502
44.442	-15.373
44.447	-15.364
44.449	-15.354
44.451	-15.343
44.465	-15.260
44.402	-15.220
44.332	-15.199
44.274	-15.181
44.204	-15.166
44.151	-15.206
44.100	-15.245
44.056	-15.389
44.043	-15.419
POLYLINE BLACK
44.159	-15.272
44.156	-15.279
44.117	-15.418
44.086	-15.466
44.022	-15.563
43.784	-15.643
43.742	-15.663
POLYLINE BLACK
43.966	-15.511
44.035	-15.733
43.990	-15.633
44.093	-15.813
POLYLINE BLACK
45.037	-14.870
44.936	-14.884
44.883	-14.880
44.800	-14.914
44.742	-14.939
44.649	-15.002
44.628	-15.047
44.617	-15.070
44.627	-15.095
44.637	-15.116
44.725	-15.290
44.812	-15.463
44.902	-15.636
44.924	-15.679
44.987	-15.616
44.998	-15.601
45.041	-15.543
45.086	-15.485
45.122	-15.422
45.171	-15.337
45.209	-15.246
45.254	-15.158
45.259	-15.147
45.268	-15.137
45.274	-15.125
45.286	-15.102
45.286	-15.072
45.281	-15.047
45.259	-14.930
45.149	-14.887
45.052	-14.834
45.027	-14.821
44.992	-14.814
44.965	-14.827
44.928	-14.846
44.907	-14.910
44.892	-14.939
POLYLINE BLACK
44.627	-15.308
44.557	-15.382
44.486	-15.455
44.418	-15.531
44.406	-15.545
44.391	-15.572
44.386	-15.592
44.364	-15.670
44.448	-15.706
44.508	-15.731
44.545	-15.747
44.623	-15.783
44.662	-15.741
44.711	-15.689
44.720	-15.563
44.722	-15.497
44.723	-15.465
44.708	-15.437
44.672	-15.441
44.666	-15.441
44.659	-15.442
44.654	-15.445
44.630	-15.463
44.609	-15.484
44.586	-15.503
POLYLINE BLACK
45.170	-15.598
45.111	-15.643
45.052	-15.687
44.994	-15.732
44.960	-15.759
44.961	-15.803
44.974	-15.840
44.986	-15.872
45.010	-15.899
45.042	-15.912
45.053	-15.916
45.145	-15.966
45.188	-15.951
45.218	-15.940
45.230	-15.899
45.236	-15.873
45.249	-15.820
45.259	-15.708
45.208	-15.669
45.158	-15.631
45.066	-15.642
45.005	-15.642
POLYLINE BLACK
41.701	-14.531
41.867	-14.587
41.848	-14.592
42.020	-14.605
42.183	-14.614
42.345	-14.623
42.508	-14.632
42.514	-14.631
42.519	-14.631
42.525	-14.629
42.560	-14.617
42.591	-14.578
42.604	-14.545
42.650	-14.430
42.691	-14.312
42.733	-14.195
42.749	-14.149
42.644	-14.117
42.632	-14.115
42.133	-14.033
42.042	-14.078
41.422	-14.114
41.401	-14.116
41.380	-14.134
41.368	-14.149
41.331	-14.196
41.352	-14.268
41.370	-14.317
41.382	-14.353
41.412	-14.427
41.443	-14.462
41.464	-14.487
41.488	-14.509
41.513	-14.530
41.560	-14.570
41.552	-14.561
41.546	-14.529
POLYLINE BLACK
41.570	-14.550
41.747	-14.510
41.923	-14.471
42.099	-14.432
42.201	-14.429
42.306	-14.446
42.405	-14.421
42.425	-14.416
42.393	-14.380
42.388	-14.360
POLYLINE BLACK
42.446	-14.416
42.454	-14.356
42.468	-14.307
42.506	-14.260
42.536	-14.224
42.575	-14.193
42.597	-14.152
42.605	-14.136
42.595	-14.117
42.594	-14.099
POLYLINE BLACK
42.506	-14.429
42.565	-14.625
POLYLINE BLACK
42.727	-14.035
43.177	-13.995
42.892	-14.030
43.750	-13.798
43.806	-13.783
43.863	-13.717
43.887	-13.667
43.894	-13.653
43.899	-13.637
43.904	-13.621
43.942	-13.504
43.975	-13.386
44.017	-13.270
44.072	-13.115
44.132	-13.068
44.031	-13.168
POLYLINE BLACK
42.855	-14.002
42.892	-13.931
42.936	-13.863
42.967	-13.790
42.996	-13.720
43.014	-13.645
43.036	-13.572
43.049	-13.529
43.053	-13.486
43.083	-13.450
43.097	-13.432
43.120	-13.417
43.142	-13.412
43.252	-13.388
43.365	-13.377
43.474	-13.346
43.651	-13.283
43.828	-13.221
44.005	-13.159
44.027	-13.144
44.021	-13.151
43.977	-13.150
POLYLINE BLACK
42.926	-14.039
43.256	-13.805
42.959	-14.027
43.379	-13.664
43.411	-13.636
43.452	-13.609
43.496	-13.605
43.502	-13.604
43.508	-13.605
43.514	-13.605
43.639	-13.642
43.764	-13.679
43.889	-13.715
43.894	-13.717
43.901	-13.720
43.905	-13.717
43.921	-13.705
43.933	-13.687
43.947	-13.672
POLYLINE BLACK
43.666	-13.573
43.784	-13.464
43.983	-13.368
44.061	-13.212
44.074	-13.185
44.083	-13.157
44.095	-13.130
POLYLINE BLACK
46.026	-12.816
45.958	-12.880
POLYLINE BLACK
46.047	-12.952
45.906	-13.121
45.832	-13.191
45.731	-13.386
45.699	-13.449
45.669	-13.514
45.655	-13.583
45.612	-13.796
45.583	-14.013
45.559	-14.230
45.546	-14.356
45.558	-14.528
45.599	-14.651
45.658	-14.830
45.747	-14.998
45.800	-15.179
45.891	-15.489
45.910	-15.739
45.867	-16.059
45.825	-16.377
45.692	-16.676
45.572	-16.969
45.536	-17.058
45.488	-17.142
45.454	-17.232
45.430	-17.297
45.410	-17.364
45.400	-17.433
45.341	-17.832
45.289	-18.232
45.247	-18.634
45.239	-18.710
45.236	-18.788
45.249	-18.864
45.375	-19.606
45.207	-19.694
45.452	-19.535
POLYLINE BLACK
46.144	-17.660
46.015	-17.876
45.754	-17.989
45.641	-18.213
45.615	-18.265
45.582	-18.343
45.635	-18.391
45.828	-18.567
46.020	-18.744
46.216	-18.916
46.234	-18.931
46.255	-18.942
46.276	-18.953
46.290	-18.960
46.306	-18.964
46.321	-18.969
POLYLINE BLACK
46.156	-17.546
46.197	-17.632
46.230	-17.722
46.278	-17.804
46.366	-17.957
46.470	-18.099
46.561	-18.249
46.572	-18.267
46.579	-18.288
46.586	-18.308
46.612	-18.389
46.570	-18.460
46.523	-18.523
46.470	-18.594
46.295	-18.801
46.268	-18.913
46.258	-18.954
46.279	-18.997
46.284	-19.039
POLYLINE BLACK
46.194	-17.694
46.146	-18.489
46.075	-18.216
46.171	-18.541
POLYLINE BLACK
46.076	-18.378
45.968	-18.412
45.835	-18.470
45.766	-18.565
45.753	-18.583
45.742	-18.601
45.730	-18.619
POLYLINE BLACK
46.136	-18.368
46.133	-18.455
46.124	-18.577
46.167	-18.661
46.197	-18.718
46.232	-18.772
46.264	-18.828
POLYLINE BLACK
47.777	-15.997
47.748	-16.007
47.718	-16.014
47.691	-16.027
47.664	-16.041
47.638	-16.057
47.614	-16.076
47.432	-16.223
47.260	-16.382
47.075	-16.525
46.919	-16.646
46.750	-16.748
46.593	-16.866
46.531	-16.912
46.476	-16.975
46.450	-17.048
46.435	-17.091
46.450	-17.147
46.463	-17.187
46.545	-17.453
46.629	-17.718
46.714	-17.983
46.720	-18.004
46.760	-18.002
46.774	-17.997
46.849	-17.965
46.925	-17.936
46.996	-17.896
47.057	-17.862
47.114	-17.822
47.167	-17.777
47.267	-17.693
47.421	-17.518
47.511	-17.419
POLYLINE BLACK
47.728	-15.970
47.668	-17.167
POLYLINE BLACK
47.605	-16.091
47.192	-17.188
47.375	-16.810
47.149	-17.264
POLYLINE BLACK
47.126	-17.139
47.009	-17.197
46.891	-17.256
46.773	-17.315
46.741	-17.329
46.705	-17.335
46.676	-17.355
46.661	-17.366
46.656	-17.388
46.647	-17.404
POLYLINE BLACK
47.035	-17.277
47.044	-17.824
47.026	-17.607
47.060	-17.929
POLYLINE BLACK
46.599	-14.592
46.218	-14.958
46.403	-14.762
45.930	-15.350
45.919	-15.363
45.907	-15.383
45.903	-15.401
45.889	-15.473
45.927	-15.576
45.950	-15.630
46.085	-15.948
46.230	-16.262
46.373	-16.576
46.379	-16.589
46.389	-16.600
46.398	-16.611
46.433	-16.655
46.496	-16.670
46.536	-16.620
46.779	-16.319
46.792	-16.063
46.954	-15.606
47.034	-15.383
46.766	-14.895
46.752	-14.859
46.738	-14.821
46.716	-14.786
46.694	-14.752
46.683	-14.734
46.673	-14.709
46.652	-14.702
46.641	-14.698
46.638	-14.720
46.631	-14.729
POLYLINE BLACK
46.559	-14.668
46.517	-14.951
46.477	-15.235
46.431	-15.518
46.426	-15.549
46.402	-15.596
46.375	-15.616
46.276	-15.689
46.174	-15.758
46.073	-15.830
POLYLINE BLACK
46.449	-15.670
46.439	-15.903
46.482	-16.135
46.578	-16.348
POLYLINE BLACK
41.939	-10.801
41.783	-10.841
41.624	-10.779
41.469	-10.826
41.447	-10.832
41.430	-10.848
41.411	-10.859
POLYLINE BLACK
37.473	-11.091
37.545	-11.060
37.615	-11.024
37.689	-10.998
37.991	-10.891
38.377	-10.928
38.661	-10.950
38.904	-10.968
39.452	-11.080
39.722	-11.175
39.814	-11.207
39.897	-11.261
39.986	-11.299
40.034	-11.320
40.163	-11.322
40.187	-11.326
40.192	-11.327
40.193	-11.335
40.191	-11.339
40.188	-11.347
40.181	-11.352
40.175	-11.358
40.153	-11.377
40.131	-11.396
40.109	-11.414
POLYLINE BLACK
41.440	-10.807
41.400	-10.796
41.360	-10.779
41.318	-10.783
41.085	-10.803
40.776	-10.957
40.627	-11.028
40.480	-11.097
40.346	-11.189
40.209	-11.274
40.167	-11.299
40.123	-11.349
40.110	-11.397
40.104	-11.419
40.103	-11.442
40.100	-11.464
POLYLINE BLACK
45.698	-20.857
45.683	-20.794
POLYLINE BLACK
41.925	-10.764
41.663	-10.594
41.762	-10.672
41.416	-10.278
40.982	-9.783
40.538	-9.297
40.130	-8.780
39.973	-8.580
39.854	-8.352
39.724	-8.133
39.527	-7.801
39.552	-7.883
39.507	-7.690
POLYLINE BLACK
38.640	-8.305
38.607	-8.340
38.575	-8.366
38.557	-8.410
38.466	-8.621
38.506	-8.900
38.579	-9.109
38.646	-9.301
38.719	-9.438
38.831	-9.604
39.682	-10.869
38.931	-9.741
39.304	-10.272
39.676	-10.802
38.790	-9.631
39.888	-10.934
40.076	-11.157
40.180	-11.460
40.131	-11.223
POLYLINE BLACK
35.759	-2.481
35.752	-2.520
POLYLINE BLACK
35.740	-2.667
35.680	-2.481
35.714	-2.559
35.544	-2.295
35.489	-2.210
35.374	-2.172
35.280	-2.211
35.168	-2.257
35.148	-2.403
35.134	-2.504
35.124	-2.580
35.127	-2.700
35.150	-2.772
35.396	-3.545
35.416	-3.464
35.984	-4.299
36.065	-4.417
36.125	-4.440
36.219	-4.549
36.257	-4.592
36.284	-4.645
36.322	-4.689
36.325	-4.692
36.330	-4.683
36.334	-4.680
POLYLINE BLACK
36.330	-4.719
36.624	-4.964
36.487	-4.834
36.893	-5.465
37.143	-5.853
37.369	-6.256
37.617	-6.645
37.837	-6.992
38.070	-7.331
38.298	-7.672
38.400	-7.824
38.511	-7.969
38.606	-8.124
38.634	-8.169
38.650	-8.222
38.669	-8.272
38.670	-8.275
38.665	-8.277
38.663	-8.279
38.645	-8.249
38.627	-8.218
38.609	-8.188
POLYLINE BLACK
35.745	-2.569
35.733	-2.108
35.732	-2.519
35.755	-2.203
35.758	-2.167
35.756	-2.131
35.757	-2.095
POLYLINE BLACK
36.925	-3.061
36.862	-3.084
POLYLINE BLACK
36.873	-3.016
36.906	-3.076
36.942	-3.135
36.973	-3.197
37.283	-3.814
36.660	-2.841
37.645	-4.274
37.735	-4.404
37.840	-4.522
37.929	-4.653
37.990	-4.743
38.035	-4.845
38.097	-4.936
38.162	-5.033
38.246	-5.116
38.309	-5.215
38.371	-5.311
38.415	-5.418
38.471	-5.519
38.474	-5.525
38.503	-5.562
38.515	-5.568
38.532	-5.577
38.550	-5.581
38.568	-5.587
POLYLINE BLACK
38.556	-5.579
38.587	-5.666
38.613	-5.755
38.650	-5.840
38.738	-6.043
38.872	-6.136
39.000	-6.339
39.049	-6.416
39.087	-6.502
39.112	-6.591
39.177	-6.815
39.202	-7.050
39.268	-7.273
39.312	-7.423
39.394	-7.586
39.490	-7.716
39.509	-7.741
39.532	-7.763
39.553	-7.786
POLYLINE BLACK
37.073	-4.325
37.056	-4.363
37.035	-4.400
37.021	-4.439
37.011	-4.468
37.001	-4.498
36.999	-4.529
36.985	-4.752
36.978	-4.975
36.974	-5.198
36.972	-5.301
37.005	-5.388
37.062	-5.473
37.107	-5.541
37.153	-5.611
37.209	-5.672
37.265	-5.733
37.380	-5.842
37.480	-5.870
37.549	-5.890
37.667	-5.826
37.671	-5.748
37.675	-5.664
37.679	-5.579
37.677	-5.494
37.668	-5.166
37.690	-5.027
37.599	-4.767
37.584	-4.725
37.555	-4.663
37.520	-4.625
37.474	-4.574
37.431	-4.549
37.402	-4.487
37.373	-4.426
37.354	-4.362
37.327	-4.301
37.325	-4.295
37.320	-4.289
37.315	-4.284
37.272	-4.238
37.194	-4.244
37.156	-4.292
37.153	-4.296
37.152	-4.301
37.150	-4.305
37.133	-4.341
37.117	-4.378
37.101	-4.414
POLYLINE BLACK
38.946	-8.586
38.938	-8.570
POLYLINE BLACK
38.811	-8.494
39.000	-8.679
39.198	-8.854
39.376	-9.048
39.449	-9.127
39.505	-9.220
39.562	-9.311
39.585	-9.347
39.642	-9.451
39.636	-9.510
39.631	-9.556
39.591	-9.595
39.562	-9.624
39.490	-9.693
39.413	-9.757
39.340	-9.824
39.329	-9.834
39.320	-9.846
39.308	-9.855
39.263	-9.891
39.165	-9.938
39.105	-9.917
39.076	-9.907
39.052	-9.881
39.036	-9.856
38.955	-9.727
38.906	-9.648
38.863	-9.502
38.803	-9.303
38.809	-8.998
38.786	-8.830
38.775	-8.748
38.748	-8.670
38.728	-8.590
POLYLINE BLACK
38.853	-8.648
39.168	-9.234
38.910	-8.729
39.148	-9.258
39.164	-9.294
39.185	-9.328
39.204	-9.364
POLYLINE BLACK
39.198	-9.453
39.188	-9.556
39.178	-9.658
39.168	-9.761
39.164	-9.782
39.158	-9.803
39.156	-9.825
39.152	-9.860
39.152	-9.896
39.151	-9.932
POLYLINE BLACK
39.222	-9.463
39.345	-9.474
39.426	-9.524
39.531	-9.583
POLYLINE BLACK
38.301	-6.373
38.251	-6.405
38.208	-6.440
38.214	-6.504
38.226	-6.622
38.222	-6.742
38.253	-6.857
38.306	-7.053
38.390	-7.239
38.466	-7.428
38.489	-7.483
38.563	-7.619
38.633	-7.643
38.663	-7.653
38.696	-7.637
38.720	-7.621
38.798	-7.571
38.860	-7.460
38.875	-7.371
38.915	-7.138
38.924	-7.054
38.892	-6.832
38.870	-6.677
38.773	-6.509
38.658	-6.406
38.598	-6.351
38.488	-6.299
38.405	-6.298
38.374	-6.298
38.342	-6.302
38.327	-6.333
38.295	-6.401
38.324	-6.495
38.333	-6.559
POLYLINE BLACK
37.041	-3.277
36.756	-2.999
37.039	-3.283
36.562	-2.731
36.488	-2.646
36.409	-2.565
36.333	-2.481
POLYLINE BLACK
35.878	1.483
35.835	1.439
POLYLINE BLACK
35.853	1.445
35.825	1.427
35.796	1.412
35.770	1.392
35.692	1.333
35.619	1.195
35.589	1.111
35.522	0.929
35.437	0.749
35.407	0.556
35.346	0.173
35.339	-0.217
35.318	-0.604
35.315	-0.669
35.317	-0.737
35.333	-0.800
35.431	-1.191
35.559	-1.575
35.660	-1.965
35.802	-2.513
35.594	-2.465
35.790	-2.505
POLYLINE BLACK
36.551	2.885
36.697	2.911
36.661	2.911
36.860	2.896
36.886	2.894
36.932	2.880
36.957	2.865
37.024	2.826
37.083	2.749
37.121	2.692
37.221	2.541
37.340	2.367
37.387	2.182
37.456	1.912
37.410	1.865
37.374	1.517
37.345	1.236
37.301	0.956
37.285	0.673
37.267	0.369
37.354	0.157
37.274	0.372
POLYLINE BLACK
35.889	1.511
35.869	1.688
35.886	1.686
35.984	1.894
36.170	2.289
36.289	2.681
36.608	2.973
POLYLINE BLACK
36.548	4.283
36.336	4.023
36.122	3.765
35.913	3.504
35.874	3.455
35.868	3.389
35.903	3.338
35.915	3.320
35.932	3.303
35.950	3.292
36.065	3.217
36.178	3.138
36.297	3.070
36.390	3.016
36.527	2.995
36.626	2.980
36.651	2.976
36.702	2.969
36.731	2.986
36.768	3.008
36.776	3.085
36.787	3.110
36.840	3.227
36.908	3.337
36.955	3.457
36.980	3.522
36.991	3.593
37.003	3.662
37.016	3.738
37.024	3.855
36.966	3.920
36.711	4.209
36.814	4.029
36.707	4.243
POLYLINE BLACK
36.568	4.206
36.469	3.761
36.571	4.133
36.313	3.543
36.292	3.497
36.282	3.446
36.267	3.398
POLYLINE BLACK
36.381	3.405
36.505	3.265
36.499	3.251
36.618	3.164
36.688	3.120
36.655	3.143
36.719	3.094
POLYLINE BLACK
36.276	3.349
36.141	3.322
36.115	3.302
36.007	3.227
POLYLINE BLACK
36.335	-2.437
36.364	-2.425
36.393	-2.409
36.423	-2.400
36.579	-2.351
36.763	-2.407
36.913	-2.415
36.966	-2.418
37.019	-2.415
37.071	-2.406
37.393	-2.355
37.799	-2.105
38.016	-1.996
38.056	-1.976
38.098	-1.953
38.130	-1.921
38.379	-1.666
38.596	-1.335
38.680	-0.986
38.720	-0.822
38.704	-0.743
38.700	-0.566
POLYLINE BLACK
38.725	-0.640
38.729	-0.517
38.735	-0.536
38.714	-0.422
38.706	-0.378
38.689	-0.348
38.704	-0.304
38.728	-0.235
38.781	-0.192
38.832	-0.142
POLYLINE BLACK
37.259	0.446
37.276	0.400
37.288	0.352
37.330	0.323
37.392	0.281
37.452	0.315
37.505	0.356
37.519	0.367
37.533	0.379
37.544	0.394
37.633	0.513
37.643	0.546
37.709	0.677
POLYLINE BLACK
37.453	0.285
37.482	0.286
37.510	0.285
37.538	0.288
37.597	0.293
37.675	0.345
37.711	0.367
37.730	0.379
37.748	0.394
37.764	0.410
37.910	0.565
37.884	0.535
37.971	0.684
POLYLINE BLACK
37.958	0.543
37.950	0.626
37.934	0.708
37.933	0.791
37.930	0.930
37.970	1.104
38.014	1.232
38.036	1.295
38.058	1.360
38.097	1.414
38.271	1.661
38.461	1.896
38.649	2.132
38.668	2.157
38.693	2.177
38.718	2.195
38.744	2.215
38.773	2.232
38.803	2.246
39.166	2.420
39.526	2.602
39.896	2.760
40.126	2.858
40.358	2.867
40.598	2.925
40.889	2.997
40.728	3.011
40.872	2.991
POLYLINE BLACK
41.378	1.672
41.344	1.674
41.309	1.679
41.274	1.678
41.197	1.676
41.079	1.635
41.022	1.611
40.892	1.558
40.763	1.499
40.637	1.437
40.605	1.422
40.575	1.402
40.548	1.379
40.505	1.343
40.466	1.304
40.430	1.261
40.395	1.218
40.365	1.171
40.337	1.123
40.157	0.813
39.992	0.494
39.807	0.187
39.754	0.099
39.671	0.012
39.586	-0.049
39.500	-0.110
39.410	-0.130
39.305	-0.158
39.276	-0.165
39.246	-0.170
39.215	-0.171
39.001	-0.176
39.148	-0.157
38.974	-0.157
38.910	-0.157
38.877	-0.175
38.813	-0.195
POLYLINE BLACK
41.307	1.627
41.602	1.708
41.256	1.608
41.589	1.720
41.602	1.725
41.616	1.728
41.630	1.728
41.643	1.728
41.655	1.723
41.668	1.721
POLYLINE BLACK
41.616	1.721
41.713	1.684
41.833	1.652
41.904	1.566
41.958	1.500
42.001	1.425
42.060	1.364
42.150	1.270
42.282	1.154
42.417	1.117
42.534	1.085
42.738	1.107
42.814	1.111
42.880	1.114
42.967	1.156
43.010	1.207
43.051	1.255
43.104	1.363
43.119	1.398
43.255	1.737
43.221	1.733
43.312	2.122
43.317	2.140
43.325	2.158
43.334	2.174
43.396	2.279
43.472	2.376
43.528	2.485
43.542	2.512
43.537	2.545
43.542	2.576
POLYLINE BLACK
40.567	2.910
40.693	2.903
40.681	2.897
40.835	2.933
40.871	2.941
40.906	2.953
40.939	2.970
41.521	3.264
40.870	3.028
41.875	3.363
41.914	3.376
42.010	3.393
42.062	3.384
42.106	3.376
42.150	3.366
42.193	3.352
42.227	3.341
42.477	3.223
42.602	3.219
42.721	3.214
42.894	3.260
42.979	3.301
43.003	3.312
42.998	3.349
43.007	3.374
POLYLINE BLACK
42.843	3.234
42.835	3.350
42.827	3.465
42.818	3.580
42.818	3.661
42.823	3.742
42.819	3.823
42.812	3.952
42.785	4.080
42.785	4.210
42.785	4.335
42.790	4.594
42.845	4.757
42.857	4.791
42.873	4.823
42.887	4.856
POLYLINE BLACK
43.906	6.391
43.915	6.391
POLYLINE BLACK
43.538	2.463
43.549	4.274
43.614	3.133
43.435	4.382
43.425	4.449
43.426	4.518
43.422	4.586
POLYLINE BLACK
42.780	4.783
42.732	5.172
42.782	5.577
42.927	5.941
42.963	6.032
43.068	6.235
43.154	6.332
43.243	6.431
43.387	6.512
43.492	6.572
43.558	6.610
43.631	6.629
43.705	6.607
43.716	6.603
43.727	6.598
43.737	6.593
43.765	6.578
43.789	6.549
43.824	6.559
43.831	6.560
43.845	6.566
43.850	6.573
43.865	6.597
43.877	6.622
43.891	6.646
POLYLINE BLACK
43.709	6.556
44.257	6.223
44.042	6.331
44.333	6.192
POLYLINE BLACK
43.770	6.528
43.726	6.506
43.681	6.487
43.639	6.462
43.447	6.345
43.344	6.129
43.244	5.938
43.222	5.895
43.207	5.847
43.198	5.798
43.180	5.707
43.169	5.614
43.165	5.522
43.158	5.361
43.141	5.389
43.216	5.331
POLYLINE BLACK
43.409	4.495
43.314	4.719
43.271	4.837
43.203	5.036
POLYLINE BLACK
43.202	5.054
43.195	5.124
43.145	5.254
43.223	5.312
43.230	5.318
43.240	5.322
43.249	5.323
43.301	5.329
43.354	5.245
43.372	5.219
43.433	5.135
43.500	5.056
43.548	4.965
43.605	4.857
43.681	4.602
43.702	4.474
43.728	4.321
43.733	4.165
43.764	4.013
43.906	3.298
44.091	2.592
44.219	1.875
44.282	1.519
44.297	1.155
44.336	0.795
44.517	-0.091
44.704	-0.975
44.879	-1.863
45.009	-2.525
44.869	-2.156
45.097	-2.788
45.129	-2.877
45.292	-3.066
45.315	-3.092
45.340	-3.121
45.364	-3.153
45.398	-3.171
45.411	-3.177
45.392	-3.144
45.390	-3.130
POLYLINE BLACK
44.683	5.456
44.675	5.454
POLYLINE BLACK
44.744	5.673
45.019	4.286
45.295	2.899
45.571	1.512
45.625	1.372
45.691	1.235
45.735	1.091
45.844	0.733
45.912	0.363
46.029	0.008
46.147	-0.350
46.312	-0.691
46.438	-1.046
46.736	-1.888
46.386	-1.234
46.862	-2.116
46.978	-2.331
47.101	-2.542
47.228	-2.751
46.940	-2.719
47.387	-2.885
47.316	-2.877
POLYLINE BLACK
45.447	1.279
45.271	0.886
45.433	1.269
45.289	0.863
45.255	0.778
45.222	0.692
45.189	0.607
45.188	0.600
45.186	0.593
45.186	0.586
45.184	0.537
45.226	0.488
45.262	0.460
45.379	0.368
45.503	0.285
45.621	0.192
45.656	0.164
45.695	0.112
45.716	0.071
45.726	0.052
45.732	0.032
45.739	0.012
45.745	-0.002
45.749	-0.043
45.775	-0.041
45.811	-0.037
45.839	0.018
45.841	0.047
45.858	0.216
45.871	0.385
45.881	0.554
45.883	0.584
45.877	0.648
45.862	0.678
45.836	0.729
45.807	0.778
45.774	0.825
45.448	1.281
45.786	0.793
45.553	1.070
45.530	1.098
45.515	1.131
45.496	1.161
POLYLINE BLACK
45.446	1.160
45.544	0.584
45.452	0.765
45.560	0.563
POLYLINE BLACK
45.561	0.584
45.516	0.530
45.471	0.477
45.426	0.423
45.418	0.406
45.404	0.390
45.401	0.371
45.399	0.356
45.409	0.340
45.413	0.325
POLYLINE BLACK
45.544	0.551
45.735	0.537
45.621	0.536
45.884	0.581
POLYLINE BLACK
45.598	0.092
45.570	0.066
45.539	0.042
45.513	0.014
45.445	-0.058
45.389	-0.216
45.373	-0.281
45.313	-0.512
45.274	-0.748
45.227	-0.981
45.222	-1.006
45.224	-1.032
45.236	-1.055
45.268	-1.115
45.393	-1.166
45.455	-1.168
45.579	-1.173
45.704	-1.177
45.828	-1.171
45.953	-1.166
46.077	-1.148
46.201	-1.133
46.212	-1.132
46.230	-1.119
46.237	-1.112
46.271	-1.080
46.290	-1.020
46.288	-0.974
46.288	-0.961
46.303	-0.419
46.220	-0.246
46.205	-0.213
46.173	-0.177
46.146	-0.158
45.944	-0.016
45.807	0.084
45.577	0.146
POLYLINE BLACK
45.626	0.156
45.605	-0.106
45.717	-0.358
45.690	-0.618
45.669	-0.814
45.633	-0.723
45.689	-0.825
POLYLINE BLACK
45.692	-0.656
45.771	-0.743
45.850	-0.830
45.929	-0.917
45.959	-0.962
45.982	-1.013
46.019	-1.052
46.044	-1.078
46.080	-1.090
46.111	-1.108
POLYLINE BLACK
45.654	-0.841
45.633	-0.973
45.579	-1.089
45.540	-1.214
POLYLINE BLACK
45.170	2.772
45.168	2.799
45.166	2.827
45.164	2.854
45.162	2.850
45.159	2.846
45.158	2.841
45.147	2.754
45.133	2.667
45.130	2.580
45.120	2.322
45.128	2.063
45.117	1.805
45.116	1.763
45.075	1.678
45.098	1.622
45.123	1.562
45.210	1.547
45.264	1.542
45.270	1.541
45.360	1.535
45.381	1.550
45.405	1.568
45.423	1.594
45.444	1.616
POLYLINE BLACK
45.226	2.771
45.408	1.665
POLYLINE BLACK
45.271	2.051
45.234	1.692
45.270	1.827
45.211	1.637
POLYLINE BLACK
45.287	1.941
45.363	1.604
45.314	1.729
45.392	1.551
POLYLINE BLACK
45.222	2.740
45.235	2.130
45.240	2.363
45.230	2.043
POLYLINE BLACK
45.257	-2.995
45.295	-3.078
45.329	-3.124
45.340	-3.206
45.351	-3.284
45.336	-3.371
45.300	-3.440
45.171	-3.695
45.022	-3.940
44.902	-4.199
44.816	-4.385
44.704	-4.685
44.687	-4.915
44.680	-5.022
44.668	-5.313
44.716	-5.455
44.847	-5.848
45.038	-6.069
45.324	-6.369
45.352	-6.398
45.385	-6.421
45.418	-6.443
45.494	-6.493
45.605	-6.536
45.691	-6.545
46.065	-6.585
46.441	-6.612
46.817	-6.633
46.878	-6.637
47.029	-6.623
47.098	-6.593
47.197	-6.549
47.290	-6.494
47.386	-6.444
POLYLINE BLACK
50.674	-6.387
50.657	-6.537
50.653	-6.454
50.707	-6.635
POLYLINE BLACK
49.013	-6.873
48.978	-6.918
48.946	-6.966
48.908	-7.008
48.849	-7.074
48.735	-7.125
48.675	-7.170
48.500	-7.306
48.211	-7.731
48.169	-7.795
47.901	-8.209
48.116	-8.025
47.897	-8.454
46.762	-10.674
46.861	-9.741
46.779	-10.590
POLYLINE BLACK
47.056	-6.452
47.059	-6.447
POLYLINE BLACK
47.231	-6.450
47.184	-6.509
47.137	-6.568
47.090	-6.627
47.058	-6.674
47.030	-6.723
46.995	-6.769
46.951	-6.828
46.898	-6.881
46.852	-6.939
46.814	-6.987
46.783	-7.039
46.743	-7.085
46.512	-7.352
46.345	-7.410
46.319	-7.725
46.311	-7.823
46.373	-8.062
46.375	-8.082
46.394	-8.241
46.366	-8.405
46.293	-8.547
46.231	-8.671
46.170	-8.797
46.090	-8.910
45.975	-9.074
45.827	-9.211
45.712	-9.374
45.596	-9.537
45.567	-9.622
45.532	-9.787
POLYLINE BLACK
45.608	-9.805
45.499	-9.922
45.377	-10.027
45.280	-10.154
45.171	-10.298
45.107	-10.474
44.993	-10.614
44.545	-11.167
44.518	-11.167
44.118	-11.476
POLYLINE BLACK
46.825	-10.636
46.824	-10.889
46.839	-10.896
47.043	-11.106
47.288	-11.359
47.665	-11.435
47.850	-11.754
47.924	-11.881
47.942	-12.021
47.932	-12.168
47.926	-12.257
47.907	-12.344
47.891	-12.432
47.862	-12.587
47.737	-12.632
47.589	-12.651
47.539	-12.657
47.423	-12.660
47.369	-12.641
47.092	-12.547
46.823	-12.429
46.543	-12.342
46.342	-12.279
46.130	-12.284
45.923	-12.288
45.889	-12.289
45.853	-12.308
45.820	-12.298
45.769	-12.283
45.729	-12.243
45.683	-12.215
POLYLINE BLACK
45.559	-11.779
45.645	-12.145
45.672	-12.356
45.897	-12.629
45.918	-12.654
45.945	-12.674
45.969	-12.697
46.247	-12.966
46.515	-13.244
46.801	-13.504
46.868	-13.565
46.948	-13.611
47.026	-13.656
47.245	-13.784
47.405	-13.804
47.539	-14.017
47.666	-14.219
47.742	-14.432
47.794	-14.665
47.933	-15.291
47.906	-15.781
47.859	-16.475
47.848	-16.631
47.796	-16.781
47.752	-16.930
47.560	-17.584
47.231	-17.867
46.724	-18.499
46.566	-18.696
46.364	-18.856
46.203	-19.050
46.066	-19.214
45.965	-19.404
45.833	-19.571
45.776	-19.643
45.704	-19.702
45.637	-19.765
45.624	-19.778
45.598	-19.769
45.586	-19.759
45.549	-19.726
45.523	-19.672
45.499	-19.635
POLYLINE BLACK
41.852	-10.705
42.066	-10.729
42.281	-10.744
42.493	-10.775
42.560	-10.785
42.625	-10.804
42.687	-10.829
42.980	-10.948
43.272	-11.069
43.556	-11.206
43.680	-11.279
43.803	-11.353
43.927	-11.426
43.937	-11.431
43.950	-11.432
43.957	-11.441
43.991	-11.487
44.016	-11.539
44.046	-11.588
POLYLINE BLACK
45.717	-12.300
45.537	-12.142
45.366	-11.974
45.177	-11.827
45.040	-11.719
44.737	-11.595
44.584	-11.556
44.425	-11.515
44.261	-11.500
44.099	-11.473
POLYLINE BLACK
47.211	-6.360
47.329	-6.389
47.445	-6.429
47.566	-6.447
47.763	-6.476
47.962	-6.478
48.160	-6.499
48.267	-6.511
49.504	-6.722
49.919	-6.633
49.942	-6.628
50.792	-6.447
51.025	-6.231
51.140	-6.124
51.243	-6.003
51.363	-5.901
51.495	-5.787
51.649	-5.699
51.780	-5.584
52.039	-5.354
52.236	-5.181
52.398	-4.898
52.496	-4.726
52.517	-4.501
52.501	-4.308
52.464	-3.868
52.414	-3.429
52.359	-2.991
52.354	-2.954
52.339	-2.918
52.323	-2.883
52.256	-2.744
52.161	-2.623
52.050	-2.516
51.792	-2.267
51.519	-2.132
51.161	-2.117
50.793	-2.101
49.801	-2.297
49.761	-2.304
49.669	-2.321
49.511	-2.383
49.431	-2.441
49.059	-2.711
48.414	-3.329
48.182	-3.517
47.846	-3.791
47.480	-4.026
47.142	-4.297
47.011	-4.402
46.844	-4.580
46.785	-4.752
46.713	-4.959
46.767	-5.178
46.850	-5.372
46.860	-5.395
47.211	-6.276
47.398	-6.441
47.473	-6.508
47.584	-6.521
47.677	-6.560
POLYLINE BLACK
47.321	-2.844
47.655	-3.139
47.534	-3.069
48.051	-3.300
48.108	-3.325
48.171	-3.340
48.232	-3.355
48.275	-3.365
48.320	-3.368
48.364	-3.374
POLYLINE BLACK
52.182	-3.432
52.172	-3.433
POLYLINE BLACK
52.170	-3.441
52.196	-3.587
52.190	-3.519
52.194	-3.645
POLYLINE BLACK
52.101	-3.739
52.106	-3.753
51.947	-3.775
51.904	-3.816
51.889	-3.829
51.876	-3.843
51.862	-3.857
POLYLINE BLACK
52.153	-3.765
52.279	-3.935
52.248	-3.856
52.283	-3.984
POLYLINE BLACK
46.910	-5.046
47.159	-5.571
46.858	-4.914
47.067	-5.446
47.078	-5.473
47.097	-5.497
47.113	-5.523
47.121	-5.535
47.139	-5.538
47.152	-5.536
47.277	-5.514
47.401	-5.486
47.527	-5.470
47.536	-5.468
47.702	-5.449
47.768	-5.464
47.789	-5.468
47.809	-5.476
47.830	-5.481
47.834	-5.482
47.838	-5.480
47.840	-5.477
47.846	-5.470
47.846	-5.455
47.844	-5.448
47.835	-5.410
47.830	-5.370
47.815	-5.334
47.774	-5.232
47.731	-5.129
47.676	-5.033
47.589	-4.880
47.485	-4.737
47.390	-4.589
47.377	-4.568
47.384	-4.571
47.371	-4.558
47.351	-4.537
47.315	-4.552
47.296	-4.564
47.247	-4.598
47.195	-4.630
47.152	-4.671
46.779	-5.036
46.708	-5.258
46.785	-5.037
POLYLINE BLACK
46.881	-5.045
47.085	-4.991
46.804	-5.064
47.331	-4.961
47.343	-4.958
47.489	-4.912
47.518	-4.927
47.526	-4.930
47.534	-4.934
47.540	-4.939
47.621	-5.011
47.698	-5.087
47.779	-5.159
47.787	-5.166
47.796	-5.172
47.805	-5.176
47.819	-5.181
47.834	-5.183
47.849	-5.186
POLYLINE BLACK
48.260	-5.322
48.031	-5.550
48.118	-5.447
47.843	-5.879
47.822	-5.911
47.807	-5.947
47.794	-5.982
47.775	-6.034
47.762	-6.087
47.748	-6.140
47.745	-6.154
47.746	-6.172
47.752	-6.186
47.764	-6.213
47.807	-6.230
47.834	-6.233
48.105	-6.263
48.376	-6.292
48.648	-6.317
48.757	-6.328
48.868	-6.334
48.978	-6.341
48.998	-6.342
49.024	-6.320
49.033	-6.306
49.196	-6.052
49.360	-5.800
49.516	-5.542
49.536	-5.510
49.547	-5.473
49.560	-5.437
49.567	-5.417
49.578	-5.382
49.572	-5.357
49.560	-5.312
49.500	-5.284
49.461	-5.274
49.239	-5.219
49.076	-5.197
48.838	-5.222
48.686	-5.237
48.537	-5.277
48.387	-5.308
48.365	-5.312
48.344	-5.320
48.322	-5.326
48.313	-5.328
48.304	-5.329
48.296	-5.332
48.294	-5.333
48.293	-5.335
48.293	-5.337
48.293	-5.344
48.302	-5.352
48.305	-5.356
48.326	-5.378
48.347	-5.400
48.366	-5.423
48.443	-5.515
48.515	-5.609
48.592	-5.700
48.620	-5.727
48.647	-5.755
48.674	-5.782
48.676	-5.785
48.678	-5.788
48.679	-5.791
48.681	-5.806
48.646	-5.809
48.643	-5.810
48.528	-5.872
48.229	-5.991
48.098	-6.143
48.087	-6.155
48.083	-6.171
48.075	-6.185
POLYLINE BLACK
48.630	-5.802
48.778	-5.963
48.785	-5.985
48.955	-6.116
48.970	-6.127
48.989	-6.133
49.007	-6.142
POLYLINE BLACK
48.740	-5.725
49.189	-5.299
48.872	-5.569
49.325	-5.249
49.337	-5.240
49.346	-5.227
49.356	-5.217
POLYLINE BLACK
48.292	-4.396
48.235	-4.427
48.174	-4.454
48.119	-4.491
48.043	-4.543
47.892	-4.656
47.839	-4.755
47.819	-4.792
47.808	-4.843
47.828	-4.882
47.831	-4.887
47.833	-4.893
47.837	-4.896
47.985	-5.009
48.135	-5.121
48.285	-5.231
48.292	-5.237
48.306	-5.245
48.317	-5.244
48.339	-5.244
48.366	-5.224
48.379	-5.214
48.481	-5.136
48.575	-5.050
48.680	-4.978
48.755	-4.926
48.838	-4.885
48.918	-4.842
48.941	-4.830
48.985	-4.823
49.000	-4.795
49.005	-4.786
49.006	-4.773
49.006	-4.764
49.004	-4.695
48.993	-4.667
48.952	-4.609
48.920	-4.564
48.889	-4.528
48.845	-4.496
48.778	-4.447
48.670	-4.417
48.588	-4.407
48.554	-4.403
48.477	-4.405
48.443	-4.424
48.424	-4.434
48.406	-4.448
48.387	-4.460
POLYLINE BLACK
48.393	-4.479
48.380	-4.511
48.273	-4.400
48.250	-4.445
48.242	-4.460
48.246	-4.490
48.246	-4.501
POLYLINE BLACK
48.301	-4.447
48.316	-4.769
48.274	-4.654
48.346	-4.813
POLYLINE BLACK
48.356	-4.859
48.256	-4.880
48.151	-4.901
48.067	-4.963
48.053	-4.973
48.040	-4.992
48.030	-5.004
POLYLINE BLACK
48.408	-4.744
48.467	-4.816
48.465	-4.824
48.544	-4.878
48.578	-4.901
48.615	-4.921
48.650	-4.942
POLYLINE BLACK
50.548	-5.524
50.285	-5.781
50.021	-6.038
49.759	-6.296
49.754	-6.300
49.748	-6.312
49.746	-6.319
49.743	-6.332
49.751	-6.345
49.765	-6.348
49.797	-6.353
49.830	-6.362
49.863	-6.363
50.026	-6.364
50.189	-6.368
50.351	-6.353
50.458	-6.344
50.560	-6.303
50.667	-6.292
50.761	-6.282
50.856	-6.292
50.950	-6.290
50.983	-6.290
51.017	-6.258
51.029	-6.230
51.040	-6.203
51.052	-6.175
51.059	-6.146
51.093	-6.010
51.079	-5.876
51.074	-5.735
51.071	-5.678
51.057	-5.610
51.005	-5.576
50.927	-5.524
50.756	-5.501
50.715	-5.493
50.566	-5.466
50.594	-5.451
50.537	-5.513
POLYLINE BLACK
50.519	-5.456
50.601	-5.870
50.534	-5.725
50.637	-5.920
POLYLINE BLACK
50.599	-5.922
49.966	-6.312
POLYLINE BLACK
50.594	-5.926
50.826	-6.180
50.722	-6.085
50.890	-6.227
POLYLINE BLACK
48.667	-3.560
48.545	-3.690
48.527	-3.690
48.453	-3.813
48.442	-3.831
48.432	-3.853
48.429	-3.875
48.424	-3.906
48.450	-3.927
48.480	-3.925
48.549	-3.921
48.617	-3.917
48.686	-3.909
48.695	-3.908
48.788	-3.895
48.803	-3.866
48.804	-3.865
48.804	-3.864
48.804	-3.863
48.812	-3.822
48.823	-3.781
48.829	-3.739
48.834	-3.704
48.836	-3.652
48.812	-3.621
48.794	-3.596
48.733	-3.560
48.704	-3.586
48.702	-3.587
48.693	-3.595
48.693	-3.599
48.690	-3.617
48.690	-3.634
48.688	-3.652
POLYLINE BLACK
49.027	-3.882
48.958	-3.953
48.887	-4.024
48.819	-4.097
48.804	-4.114
48.791	-4.134
48.778	-4.153
48.759	-4.182
48.756	-4.213
48.797	-4.215
48.894	-4.219
48.991	-4.222
49.088	-4.227
49.109	-4.228
49.126	-4.232
49.144	-4.219
49.153	-4.213
49.160	-4.205
49.165	-4.196
49.180	-4.170
49.250	-4.067
49.266	-4.002
49.282	-3.942
49.219	-3.903
49.172	-3.884
49.151	-3.876
49.104	-3.851
49.075	-3.867
49.039	-3.886
49.026	-3.955
49.017	-3.979
POLYLINE BLACK
49.639	-4.379
49.511	-4.451
49.383	-4.522
49.256	-4.595
49.231	-4.609
49.246	-4.636
49.267	-4.644
49.309	-4.658
49.350	-4.672
49.393	-4.682
49.428	-4.690
49.464	-4.695
49.500	-4.697
49.550	-4.698
49.725	-4.719
49.795	-4.663
49.823	-4.640
49.840	-4.602
49.851	-4.569
49.865	-4.532
49.880	-4.474
49.855	-4.436
49.843	-4.417
49.806	-4.405
49.791	-4.400
49.679	-4.363
49.713	-4.356
49.653	-4.378
POLYLINE BLACK
50.116	-4.691
49.964	-4.825
49.810	-4.958
49.659	-5.093
49.649	-5.102
49.637	-5.127
49.657	-5.134
49.790	-5.183
49.879	-5.230
50.007	-5.246
50.058	-5.252
50.102	-5.250
50.130	-5.203
50.182	-5.118
50.233	-5.032
50.283	-4.946
50.290	-4.934
50.296	-4.918
50.296	-4.904
50.296	-4.898
50.294	-4.882
50.290	-4.876
50.214	-4.760
50.235	-4.791
50.136	-4.702
POLYLINE BLACK
50.975	-4.942
50.913	-4.976
50.847	-5.005
50.788	-5.043
50.742	-5.072
50.702	-5.109
50.661	-5.144
50.651	-5.152
50.643	-5.163
50.635	-5.174
50.617	-5.196
50.623	-5.220
50.653	-5.223
50.691	-5.226
50.728	-5.233
50.765	-5.231
51.024	-5.216
51.017	-5.214
51.221	-5.156
51.247	-5.149
51.228	-5.124
51.214	-5.117
51.203	-5.111
51.044	-5.025
50.995	-5.027
50.965	-5.027
50.939	-5.044
50.911	-5.053
POLYLINE BLACK
49.970	-3.636
49.941	-3.661
49.908	-3.681
49.888	-3.713
49.847	-3.777
49.822	-3.917
49.909	-3.958
49.968	-3.986
50.054	-3.974
50.114	-3.953
50.157	-3.939
50.245	-3.905
50.265	-3.853
50.271	-3.837
50.265	-3.811
50.260	-3.798
50.234	-3.729
50.218	-3.691
50.179	-3.634
50.167	-3.616
50.146	-3.602
50.125	-3.595
50.043	-3.563
49.954	-3.623
49.898	-3.679
49.875	-3.701
49.826	-3.752
49.822	-3.792
49.821	-3.806
49.830	-3.827
49.833	-3.837
POLYLINE BLACK
50.554	-3.981
50.514	-3.973
50.490	-3.965
50.489	-4.012
50.488	-4.032
50.493	-4.051
50.508	-4.066
50.527	-4.083
50.554	-4.090
50.578	-4.095
50.622	-4.102
50.662	-4.096
50.700	-4.072
50.728	-4.055
50.742	-4.034
50.748	-4.002
50.754	-3.975
50.749	-3.955
50.744	-3.925
50.742	-3.914
50.741	-3.902
50.731	-3.895
50.698	-3.872
50.612	-3.898
50.581	-3.911
50.564	-3.917
50.513	-3.942
50.500	-3.960
50.491	-3.972
50.490	-3.988
50.485	-4.002
POLYLINE BLACK
50.121	-4.167
50.089	-4.210
50.055	-4.252
50.024	-4.296
50.013	-4.312
49.993	-4.353
50.020	-4.365
50.024	-4.367
50.027	-4.369
50.031	-4.369
50.188	-4.378
50.347	-4.383
50.504	-4.392
50.527	-4.395
50.550	-4.398
50.572	-4.402
50.574	-4.400
50.578	-4.400
50.578	-4.397
50.579	-4.394
50.576	-4.390
50.575	-4.387
50.522	-4.329
50.473	-4.267
50.415	-4.212
50.380	-4.179
50.293	-4.110
50.229	-4.112
50.220	-4.112
50.194	-4.115
50.187	-4.123
50.172	-4.138
50.162	-4.157
50.149	-4.174
POLYLINE BLACK
51.186	-4.357
51.148	-4.370
51.108	-4.377
51.073	-4.396
50.994	-4.438
50.921	-4.489
50.847	-4.538
50.826	-4.552
50.808	-4.570
50.790	-4.587
50.778	-4.598
50.758	-4.619
50.779	-4.630
50.785	-4.633
50.791	-4.636
50.797	-4.637
50.817	-4.642
50.839	-4.646
50.860	-4.649
50.966	-4.664
51.073	-4.679
51.179	-4.693
51.194	-4.695
51.219	-4.693
51.227	-4.678
51.232	-4.669
51.231	-4.658
51.229	-4.649
51.219	-4.612
51.208	-4.574
51.197	-4.537
51.192	-4.520
51.189	-4.501
51.182	-4.484
51.171	-4.457
51.156	-4.432
51.143	-4.405
51.139	-4.398
51.131	-4.391
51.129	-4.382
51.127	-4.370
51.130	-4.358
51.131	-4.346
POLYLINE BLACK
49.459	-2.796
49.391	-2.914
49.321	-3.032
49.254	-3.151
49.252	-3.156
49.250	-3.166
49.250	-3.172
49.253	-3.204
49.303	-3.211
49.324	-3.213
49.355	-3.216
49.386	-3.218
49.417	-3.217
49.640	-3.207
49.608	-3.208
49.782	-3.175
POLYLINE BLACK
49.467	-2.842
49.479	-2.844
49.491	-2.845
49.502	-2.847
49.513	-2.849
49.533	-2.862
49.538	-2.867
49.577	-2.908
49.617	-2.950
49.656	-2.992
49.667	-3.004
49.677	-3.017
49.688	-3.028
49.700	-3.040
49.743	-3.070
49.749	-3.073
POLYLINE BLACK
49.383	-3.384
49.352	-3.399
49.320	-3.410
49.290	-3.428
49.264	-3.444
49.240	-3.464
49.216	-3.484
49.200	-3.498
49.186	-3.514
49.171	-3.530
49.168	-3.533
49.165	-3.538
49.164	-3.543
49.161	-3.558
49.182	-3.570
49.192	-3.573
49.247	-3.590
49.302	-3.606
49.357	-3.620
49.378	-3.625
49.417	-3.634
49.435	-3.612
49.482	-3.555
49.402	-3.440
49.390	-3.405
49.388	-3.398
49.394	-3.391
49.396	-3.384
POLYLINE BLACK
36.885	3.054
38.502	3.819
37.583	3.381
39.637	4.371
POLYLINE BLACK
38.441	5.123
38.185	5.044
37.926	4.972
37.671	4.886
36.525	4.497
36.978	4.641
35.889	4.121
35.865	4.109
35.837	4.105
35.810	4.099
35.727	4.082
35.641	4.076
35.559	4.052
35.402	4.008
35.251	3.943
35.095	3.896
35.007	3.869
34.915	3.859
34.828	3.830
34.707	3.790
34.594	3.725
34.472	3.688
34.337	3.648
34.196	3.633
34.060	3.600
34.035	3.594
34.012	3.584
33.989	3.573
33.957	3.555
33.927	3.533
33.895	3.514
POLYLINE BLACK
35.842	1.630
35.781	1.632
35.719	1.628
35.659	1.634
35.620	1.638
35.581	1.646
35.544	1.659
35.370	1.720
35.204	1.804
35.027	1.857
34.827	1.917
34.622	1.961
34.416	1.998
34.314	2.017
34.159	2.034
34.052	1.986
33.993	1.959
33.941	1.910
33.892	1.871
POLYLINE BLACK
33.711	1.850
31.325	1.820
33.253	1.895
32.332	1.796
32.305	1.793
32.278	1.797
32.252	1.799
32.198	1.802
32.144	1.807
32.090	1.811
POLYLINE BLACK
33.735	3.484
33.621	3.463
33.502	3.457
33.392	3.421
33.186	3.354
33.005	3.215
32.787	3.189
32.664	3.174
32.647	3.198
32.512	3.205
32.468	3.207
32.395	3.191
32.354	3.184
POLYLINE BLACK
32.220	3.106
32.088	3.088
31.956	3.069
31.824	3.051
31.803	3.045
31.781	3.041
31.762	3.032
31.726	3.014
31.693	2.990
31.658	2.970
POLYLINE BLACK
38.624	5.235
39.221	5.378
38.917	5.281
39.821	5.763
39.864	5.786
39.902	5.817
39.939	5.850
40.004	5.908
40.063	5.973
40.125	6.034
POLYLINE BLACK
39.905	4.432
40.355	4.733
40.725	4.989
41.069	5.396
POLYLINE BLACK
34.397	2.959
34.490	2.933
34.612	2.918
34.685	2.843
34.791	2.729
34.898	2.615
35.004	2.501
35.006	2.494
35.010	2.488
35.010	2.481
35.012	2.457
34.986	2.439
34.967	2.431
34.800	2.359
34.629	2.294
34.463	2.218
34.338	2.161
34.341	2.138
34.240	2.062
34.208	2.038
34.146	2.040
34.113	2.057
33.984	2.123
33.856	2.192
33.730	2.264
33.674	2.296
33.624	2.337
33.568	2.370
33.499	2.410
33.447	2.402
33.437	2.485
33.406	2.730
33.624	2.933
33.740	3.113
33.762	3.147
33.774	3.185
33.794	3.220
33.826	3.276
33.905	3.279
33.960	3.270
33.975	3.268
34.011	3.257
34.025	3.246
34.364	2.970
34.272	3.068
34.426	2.892
POLYLINE BLACK
34.340	2.916
33.958	2.564
POLYLINE BLACK
34.029	2.508
34.240	2.221
34.166	2.349
34.276	2.138
POLYLINE BLACK
34.002	2.514
33.810	2.511
33.769	2.517
33.626	2.438
POLYLINE BLACK
38.112	4.435
38.087	4.455
38.063	4.476
38.037	4.494
37.946	4.557
37.729	4.513
37.652	4.499
37.518	4.475
37.318	4.350
37.289	4.206
37.264	4.086
37.348	3.893
37.381	3.803
37.408	3.732
37.463	3.639
37.547	3.626
37.564	3.623
37.588	3.625
37.604	3.631
38.018	3.800
38.431	3.968
38.844	4.140
38.850	4.143
38.855	4.150
38.859	4.156
38.895	4.205
38.835	4.274
38.796	4.300
38.579	4.441
38.193	4.434
37.971	4.456
POLYLINE BLACK
38.025	4.452
37.678	3.999
37.788	4.218
37.638	3.827
POLYLINE BLACK
35.082	3.836
34.857	3.722
34.631	3.610
34.408	3.494
34.388	3.484
34.367	3.467
34.355	3.448
34.326	3.405
34.332	3.348
34.347	3.300
34.396	3.137
34.566	3.050
34.714	2.995
34.787	2.968
34.868	2.949
34.942	2.982
35.082	3.046
35.243	3.249
35.323	3.367
35.367	3.432
35.401	3.504
35.436	3.574
35.444	3.590
35.463	3.630
35.461	3.657
35.458	3.707
35.393	3.735
35.354	3.746
35.138	3.804
35.164	3.811
34.998	3.789
POLYLINE BLACK
35.113	3.755
35.145	3.639
34.750	3.487
34.708	3.368
34.654	3.215
34.885	3.079
34.976	3.015
POLYLINE BLACK
34.627	3.331
34.259	3.359
POLYLINE BLACK
44.336	6.225
44.406	6.233
44.548	6.238
44.621	6.280
44.981	6.483
45.005	6.562
45.309	6.663
45.509	6.729
45.721	6.671
45.925	6.681
47.531	6.761
45.927	6.771
48.049	6.695
POLYLINE BLACK
44.827	5.503
45.003	5.518
45.179	5.559
45.356	5.549
45.654	5.532
45.946	5.454
46.243	5.422
46.450	5.399
46.658	5.398
46.865	5.384
46.983	5.376
47.100	5.349
47.218	5.355
48.457	5.417
47.735	5.493
48.321	5.417
POLYLINE BLACK
48.705	6.449
48.730	6.491
48.752	6.534
48.778	6.575
48.841	6.668
48.967	6.694
49.066	6.648
49.147	6.609
49.189	6.518
49.164	6.430
49.152	6.388
49.123	6.352
49.095	6.321
49.067	6.290
48.825	6.112
48.865	5.987
48.867	5.981
48.873	5.976
48.879	5.973
48.919	5.955
48.962	5.941
49.003	5.926
POLYLINE BLACK
48.987	5.710
48.945	5.696
48.899	5.691
48.860	5.669
48.852	5.665
48.867	5.652
48.874	5.647
48.904	5.627
48.959	5.619
48.972	5.663
48.975	5.672
48.983	5.687
48.975	5.690
48.944	5.702
48.910	5.697
48.877	5.700
POLYLINE BLACK
45.414	-3.740
45.394	-3.755
45.373	-3.768
45.354	-3.784
45.338	-3.796
45.322	-3.820
45.314	-3.838
45.287	-3.891
45.294	-3.939
45.335	-3.983
45.353	-4.002
45.374	-4.019
45.400	-4.024
45.459	-4.036
45.503	-3.987
45.510	-3.933
45.512	-3.921
45.513	-3.900
45.508	-3.889
45.492	-3.851
45.474	-3.815
45.458	-3.778
POLYLINE BLACK
45.201	-4.231
45.158	-4.278
45.114	-4.325
45.072	-4.372
45.038	-4.411
45.086	-4.452
45.115	-4.470
45.192	-4.519
45.270	-4.503
45.302	-4.413
45.311	-4.388
45.317	-4.356
45.304	-4.331
45.288	-4.303
45.250	-4.295
45.224	-4.284
POLYLINE BLACK
45.164	-4.657
45.110	-4.695
45.054	-4.732
45.001	-4.772
44.965	-4.798
44.959	-4.843
44.985	-4.878
45.017	-4.919
45.129	-4.968
45.182	-4.948
45.234	-4.929
45.260	-4.863
45.260	-4.813
45.260	-4.785
45.250	-4.759
45.236	-4.735
45.217	-4.705
45.197	-4.676
45.177	-4.646
POLYLINE BLACK
45.028	-5.303
45.008	-5.330
44.928	-5.287
44.899	-5.324
44.871	-5.360
44.953	-5.437
44.980	-5.454
45.049	-5.499
45.175	-5.396
45.216	-5.355
45.230	-5.342
45.261	-5.306
45.245	-5.284
45.232	-5.266
45.181	-5.268
45.169	-5.268
45.130	-5.269
45.091	-5.273
45.052	-5.275
POLYLINE BLACK
45.556	-4.712
45.560	-4.707
POLYLINE BLACK
45.523	-4.557
45.462	-4.587
45.401	-4.616
45.340	-4.647
45.313	-4.661
45.324	-4.689
45.339	-4.707
45.378	-4.751
45.416	-4.796
45.456	-4.839
45.461	-4.844
45.473	-4.848
45.480	-4.849
45.505	-4.850
45.526	-4.817
45.534	-4.798
45.553	-4.758
45.580	-4.701
45.563	-4.654
45.556	-4.636
45.517	-4.606
45.508	-4.597
POLYLINE BLACK
45.388	-5.016
45.330	-5.044
45.271	-5.072
45.214	-5.102
45.169	-5.125
45.246	-5.155
45.261	-5.158
45.321	-5.173
45.378	-5.132
45.411	-5.085
45.420	-5.072
45.431	-5.052
45.426	-5.035
45.419	-5.011
45.378	-5.001
45.362	-4.994
POLYLINE BLACK
45.690	-5.134
45.662	-5.152
45.621	-5.168
45.613	-5.205
45.600	-5.260
45.653	-5.348
45.714	-5.346
45.736	-5.345
45.756	-5.334
45.773	-5.322
45.819	-5.287
45.804	-5.233
45.770	-5.194
45.748	-5.168
45.719	-5.158
45.689	-5.144
POLYLINE BLACK
45.379	-5.433
45.362	-5.444
45.345	-5.454
45.329	-5.466
45.312	-5.479
45.298	-5.502
45.288	-5.520
45.254	-5.580
45.282	-5.614
45.341	-5.640
45.364	-5.650
45.390	-5.656
45.415	-5.650
45.443	-5.644
45.471	-5.623
45.474	-5.593
45.475	-5.586
45.477	-5.579
45.475	-5.572
45.459	-5.534
45.439	-5.499
45.421	-5.462
POLYLINE BLACK
45.317	-5.874
45.298	-5.893
45.277	-5.910
45.259	-5.930
45.206	-5.989
45.201	-6.071
45.266	-6.122
45.306	-6.155
45.356	-6.165
45.406	-6.171
45.424	-6.173
45.443	-6.172
45.461	-6.167
45.518	-6.153
45.496	-6.075
45.469	-6.043
45.446	-6.015
45.420	-5.988
45.394	-5.962
45.380	-5.947
45.337	-5.923
45.329	-5.918
POLYLINE BLACK
46.033	-6.004
45.987	-6.008
45.963	-6.006
45.923	-6.028
45.856	-6.064
45.788	-6.100
45.733	-6.153
45.707	-6.178
45.716	-6.209
45.745	-6.228
45.820	-6.276
45.913	-6.339
46.008	-6.332
46.083	-6.327
46.119	-6.245
46.128	-6.179
46.136	-6.119
46.100	-6.084
46.063	-6.039
46.056	-6.030
46.047	-6.023
46.040	-6.013
46.028	-5.996
46.018	-5.978
46.006	-5.960
POLYLINE BLACK
46.516	-6.209
46.452	-6.240
46.387	-6.269
46.324	-6.302
46.299	-6.315
46.268	-6.340
46.248	-6.363
46.230	-6.384
46.198	-6.446
46.244	-6.461
46.313	-6.483
46.382	-6.506
46.453	-6.525
46.493	-6.535
46.568	-6.554
46.612	-6.526
46.702	-6.471
46.655	-6.300
46.573	-6.260
46.537	-6.242
46.495	-6.256
46.458	-6.261
POLYLINE BLACK
45.806	-5.610
45.746	-5.645
45.685	-5.679
45.626	-5.716
45.622	-5.718
45.594	-5.737
45.597	-5.751
45.599	-5.762
45.618	-5.766
45.625	-5.769
45.696	-5.794
45.767	-5.819
45.838	-5.846
45.862	-5.854
45.882	-5.868
45.908	-5.864
45.924	-5.861
45.942	-5.849
45.949	-5.834
45.958	-5.814
46.012	-5.727
46.002	-5.677
45.998	-5.655
45.983	-5.634
45.967	-5.619
45.945	-5.600
45.923	-5.582
45.900	-5.565
45.863	-5.537
45.835	-5.546
45.801	-5.577
45.767	-5.608
45.734	-5.640
45.701	-5.671
POLYLINE BLACK
46.306	-5.733
46.278	-5.745
46.248	-5.756
46.220	-5.769
46.179	-5.789
46.184	-5.846
46.214	-5.874
46.259	-5.916
46.324	-5.887
46.338	-5.831
46.343	-5.810
46.347	-5.772
46.332	-5.754
46.312	-5.732
46.287	-5.714
46.265	-5.694
POLYLINE BLACK
46.021	-5.231
45.996	-5.268
45.969	-5.304
45.945	-5.343
45.905	-5.407
45.965	-5.453
46.020	-5.475
46.037	-5.481
46.056	-5.488
46.074	-5.482
46.097	-5.473
46.113	-5.447
46.121	-5.425
46.134	-5.393
46.142	-5.368
46.143	-5.335
46.144	-5.276
46.094	-5.253
46.052	-5.216
POLYLINE BLACK
45.796	-4.810
45.735	-4.854
45.672	-4.897
45.612	-4.943
45.498	-5.030
45.654	-5.029
45.716	-5.046
45.736	-5.051
45.779	-5.083
45.799	-5.068
45.814	-5.057
45.820	-5.030
45.823	-5.014
45.829	-4.980
45.840	-4.917
45.821	-4.882
45.810	-4.861
45.796	-4.842
45.783	-4.822
POLYLINE BLACK
45.608	-4.243
45.587	-4.252
45.566	-4.259
45.545	-4.268
45.529	-4.276
45.514	-4.292
45.506	-4.307
45.496	-4.327
45.484	-4.355
45.496	-4.378
45.518	-4.422
45.642	-4.439
45.648	-4.367
45.650	-4.330
45.652	-4.312
45.644	-4.279
45.639	-4.255
45.615	-4.236
45.601	-4.220
POLYLINE BLACK
46.998	-6.327
46.954	-6.359
46.909	-6.389
46.867	-6.423
46.851	-6.436
46.838	-6.452
46.825	-6.468
46.812	-6.484
46.783	-6.522
46.796	-6.547
46.809	-6.571
46.852	-6.574
46.873	-6.574
46.911	-6.574
46.983	-6.574
47.027	-6.559
47.047	-6.551
47.066	-6.542
47.084	-6.532
47.105	-6.519
47.159	-6.492
47.155	-6.455
47.152	-6.438
47.139	-6.420
47.126	-6.409
47.081	-6.370
47.033	-6.333
46.987	-6.295
POLYLINE BLACK
46.828	-5.908
46.763	-5.979
46.698	-6.048
46.634	-6.120
46.607	-6.149
46.646	-6.180
46.672	-6.188
46.712	-6.200
46.752	-6.211
46.793	-6.219
46.817	-6.224
46.903	-6.239
46.919	-6.199
46.937	-6.150
46.827	-6.004
46.815	-5.983
POLYLINE BLACK
46.534	-5.638
46.531	-5.669
46.531	-5.700
46.525	-5.730
46.513	-5.786
46.494	-5.839
46.481	-5.894
46.479	-5.900
46.480	-5.906
46.481	-5.912
46.488	-5.979
46.623	-5.912
46.641	-5.873
46.673	-5.802
46.568	-5.750
46.530	-5.716
POLYLINE BLACK
46.360	-5.323
46.343	-5.311
46.331	-5.290
46.311	-5.287
46.299	-5.285
46.325	-5.309
46.333	-5.319
46.339	-5.328
46.347	-5.335
46.355	-5.342
46.398	-5.377
46.414	-5.251
46.397	-5.237
46.376	-5.219
46.346	-5.213
46.321	-5.202
POLYLINE BLACK
46.298	-5.231
46.313	-5.282
POLYLINE BLACK
46.116	-4.933
46.094	-4.943
46.072	-4.951
46.050	-4.961
46.011	-4.982
46.080	-5.075
46.135	-5.052
46.140	-5.050
46.155	-5.043
46.155	-5.034
46.154	-5.006
46.148	-4.978
46.144	-4.950
POLYLINE BLACK
45.909	-4.126
45.891	-4.141
45.872	-4.155
45.856	-4.172
45.830	-4.198
45.779	-4.268
45.814	-4.305
45.845	-4.337
45.934	-4.345
45.957	-4.349
45.974	-4.352
46.009	-4.358
46.021	-4.337
46.044	-4.300
45.993	-4.223
45.985	-4.205
POLYLINE BLACK
45.933	-4.229
45.893	-4.172
45.909	-4.201
45.883	-4.144
POLYLINE BLACK
45.980	-4.500
45.951	-4.530
45.920	-4.559
45.892	-4.590
45.823	-4.668
45.993	-4.709
46.025	-4.718
46.042	-4.723
46.114	-4.740
46.130	-4.716
46.137	-4.705
46.117	-4.688
46.114	-4.685
46.098	-4.667
46.083	-4.650
46.067	-4.633
46.052	-4.611
46.040	-4.587
46.022	-4.567
46.004	-4.546
45.981	-4.529
45.960	-4.510
POLYLINE BLACK
45.857	-3.506
45.898	-3.515
45.616	-3.785
45.768	-3.821
45.780	-3.824
45.792	-3.827
45.804	-3.827
45.851	-3.826
45.898	-3.822
45.944	-3.817
45.958	-3.815
46.016	-3.807
46.033	-3.788
46.044	-3.775
46.045	-3.751
46.039	-3.736
46.008	-3.656
45.998	-3.630
45.957	-3.570
45.955	-3.567
45.952	-3.565
45.949	-3.563
45.931	-3.550
45.913	-3.538
45.894	-3.525
POLYLINE BLACK
46.338	-4.318
46.324	-4.339
46.283	-4.382
46.272	-4.418
46.251	-4.484
46.320	-4.513
46.374	-4.514
46.417	-4.516
46.456	-4.499
46.454	-4.450
46.454	-4.438
46.458	-4.423
46.450	-4.414
46.423	-4.383
46.387	-4.362
46.355	-4.336
POLYLINE BLACK
46.476	-3.821
46.469	-3.856
46.460	-3.891
46.456	-3.927
46.453	-3.959
46.492	-3.916
46.496	-3.909
46.511	-3.887
46.524	-3.865
46.538	-3.843
POLYLINE BLACK
46.598	-3.824
46.483	-3.760
46.547	-3.772
46.403	-3.808
POLYLINE BLACK
46.299	-3.262
46.268	-3.280
46.235	-3.296
46.205	-3.314
46.200	-3.317
46.196	-3.322
46.194	-3.328
46.182	-3.355
46.267	-3.387
46.287	-3.354
46.306	-3.324
46.284	-3.248
46.282	-3.235
POLYLINE BLACK
45.750	-3.184
45.740	-3.193
45.690	-3.232
45.674	-3.260
45.664	-3.280
45.665	-3.304
45.681	-3.321
45.708	-3.353
45.743	-3.379
45.787	-3.374
45.850	-3.366
45.850	-3.280
45.812	-3.245
45.801	-3.234
45.789	-3.225
45.777	-3.215
POLYLINE BLACK
45.696	-2.201
45.640	-2.223
45.591	-2.234
45.544	-2.270
45.512	-2.297
45.480	-2.324
45.449	-2.351
45.448	-2.354
45.446	-2.357
45.446	-2.360
45.449	-2.369
45.466	-2.373
45.471	-2.374
45.510	-2.380
45.585	-2.390
45.614	-2.349
45.617	-2.345
45.620	-2.340
45.621	-2.335
45.623	-2.298
45.622	-2.262
45.622	-2.225
POLYLINE BLACK
45.725	-1.633
45.686	-1.700
45.657	-1.764
45.689	-1.838
45.698	-1.858
45.713	-1.876
45.733	-1.883
45.821	-1.917
45.847	-1.793
45.839	-1.731
45.834	-1.697
45.804	-1.671
45.787	-1.641
POLYLINE BLACK
46.087	-1.871
46.071	-1.899
46.054	-1.926
46.040	-1.955
46.013	-2.009
46.032	-2.089
46.094	-2.107
46.103	-2.110
46.115	-2.112
46.124	-2.107
46.132	-2.102
46.136	-2.091
46.137	-2.082
46.140	-2.052
46.140	-2.021
46.142	-1.990
46.145	-1.956
46.154	-1.929
46.132	-1.900
46.129	-1.896
46.127	-1.892
46.123	-1.891
46.106	-1.888
46.089	-1.889
46.071	-1.888
POLYLINE BLACK
45.972	-2.242
45.961	-2.272
45.926	-2.320
45.932	-2.360
45.938	-2.397
45.978	-2.414
46.008	-2.424
46.038	-2.435
46.117	-2.456
46.134	-2.412
46.136	-2.408
46.137	-2.403
46.137	-2.399
46.139	-2.383
46.139	-2.366
46.142	-2.350
46.149	-2.314
46.169	-2.285
46.157	-2.249
46.140	-2.196
46.097	-2.159
46.041	-2.160
46.031	-2.160
46.020	-2.157
46.012	-2.163
45.997	-2.175
45.988	-2.195
45.976	-2.210
POLYLINE BLACK
46.471	-2.743
46.469	-2.753
46.454	-2.795
46.462	-2.817
46.478	-2.861
46.569	-2.855
46.602	-2.839
46.635	-2.824
46.685	-2.774
46.661	-2.734
46.643	-2.703
46.602	-2.691
46.571	-2.683
46.566	-2.682
46.562	-2.682
46.557	-2.682
46.519	-2.687
46.480	-2.694
46.442	-2.699
POLYLINE BLACK
45.918	-2.590
45.896	-2.599
45.873	-2.606
45.851	-2.616
45.831	-2.625
45.836	-2.649
45.847	-2.663
45.869	-2.690
45.898	-2.714
45.931	-2.726
45.970	-2.741
46.016	-2.720
46.006	-2.673
46.002	-2.651
45.997	-2.636
45.986	-2.617
45.967	-2.586
45.934	-2.576
45.903	-2.562
POLYLINE BLACK
46.668	-3.174
46.647	-3.224
46.625	-3.272
46.606	-3.323
46.597	-3.347
46.586	-3.391
46.601	-3.416
46.625	-3.457
46.726	-3.503
46.761	-3.453
46.820	-3.368
46.800	-3.233
46.718	-3.169
46.700	-3.154
46.679	-3.143
46.656	-3.142
46.624	-3.140
46.597	-3.158
46.569	-3.172
POLYLINE BLACK
46.859	-3.732
46.844	-3.782
46.828	-3.831
46.814	-3.880
46.799	-3.936
46.868	-4.011
46.918	-3.981
46.922	-3.978
46.926	-3.976
46.928	-3.972
46.952	-3.940
46.975	-3.908
46.996	-3.874
47.021	-3.836
47.014	-3.781
46.992	-3.743
46.987	-3.734
46.981	-3.725
46.974	-3.717
46.970	-3.712
46.966	-3.705
46.960	-3.704
46.929	-3.700
46.897	-3.703
46.866	-3.702
POLYLINE BLACK
52.220	-3.409
52.168	-3.422
52.115	-3.428
52.065	-3.446
51.988	-3.474
51.901	-3.527
51.835	-3.578
51.795	-3.610
51.747	-3.656
51.791	-3.704
51.807	-3.722
51.824	-3.740
51.841	-3.757
51.849	-3.766
51.860	-3.772
51.867	-3.781
51.931	-3.878
51.989	-3.979
52.052	-4.076
52.056	-4.083
52.067	-4.090
52.074	-4.093
52.105	-4.107
52.144	-4.099
52.171	-4.080
52.241	-4.030
52.312	-3.980
52.378	-3.925
52.399	-3.908
52.415	-3.885
52.431	-3.862
52.458	-3.826
52.483	-3.791
52.463	-3.747
52.423	-3.660
52.384	-3.573
52.341	-3.487
52.319	-3.442
52.277	-3.411
52.235	-3.385
52.224	-3.378
52.205	-3.368
52.191	-3.377
52.170	-3.390
52.165	-3.444
52.161	-3.456

ELEVATION
STATIONS
0.000	0.000	0
14.046	0.440	1
14.753	2.926	2
16.047	3.048	3
21.019	1.551	4
23.120	2.607	5
26.978	4.183	6
27.707	4.732	7
26.521	13.650	8
29.918	13.829	9
30.345	14.085	10
31.273	13.848	11
38.354	6.916	12
41.126	6.672	13
46.034	7.538	14
40.676	10.381	13.1
35.714	12.138	13.2
36.036	12.656	13.3
38.619	12.026	13.2.1
40.642	12.698	13.2.2
43.376	11.883	13.2.3
42.894	11.368	13.2.4
43.834	9.918	13.2.5
45.526	10.771	13.2.6
47.618	10.990	13.2.7
46.667	10.392	13.2.8
46.957	10.666	13.2.9
41.112	6.505	13.2.10
52.196	-0.606	13.2.7.1
SHOTS
0.000	0.000	14.046	0.440
14.046	0.440	14.753	2.926
14.753	2.926	16.047	3.048
16.047	3.048	16.613	10.944
16.047	3.048	17.265	0.694
16.047	3.048	16.014	1.700
16.047	3.048	19.473	-0.339
16.047	3.048	19.263	0.787
16.047	3.048	18.019	1.822
16.047	3.048	21.059	1.584
16.047	3.048	21.178	1.374
16.047	3.048	21.042	1.581
16.047	3.048	16.342	3.311
16.047	3.048	17.735	6.525
16.047	3.048	16.425	5.494
16.047	3.048	21.019	1.551
21.019	1.551	21.176	1.501
21.019	1.551	20.986	0.266
21.019	1.551	22.357	7.070
21.019	1.551	23.120	2.607
23.120	2.607	22.894	7.331
23.120	2.607	23.141	2.670
23.120	2.607	23.428	0.451
23.120	2.607	26.921	4.179
23.120	2.607	26.978	4.183
26.978	4.183	26.003	3.914
26.978	4.183	26.632	6.390
26.978	4.183	26.488	2.810
26.978	4.183	27.707	4.732
27.707	4.732	26.585	13.710
27.707	4.732	28.671	4.890
27.707	4.732	26.759	4.763
27.707	4.732	27.509	3.707
27.707	4.732	31.306	4.862
27.707	4.732	27.268	5.172
27.707	4.732	28.872	5.603
27.707	4.732	26.521	13.650
26.521	13.650	27.635	14.351
26.521	13.650	27.820	14.271
26.521	13.650	29.604	13.595
26.521	13.650	28.202	13.116
26.521	13.650	26.324	12.513
26.521	13.650	27.775	13.004
26.521	13.650	29.918	13.829
29.918	13.829	27.894	13.737
29.918	13.829	30.093	14.485
29.918	13.829	30.033	12.998
29.918	13.829	30.592	13.950
29.918	13.829	28.558	13.508
29.918	13.829	30.817	14.027
29.918	13.829	30.345	14.085
30.345	14.085	29.392	14.306
30.345	14.085	30.002	14.579
30.345	14.085	30.763	12.128
30.345	14.085	29.883	13.549
30.345	14.085	31.273	13.848
31.273	13.848	31.601	13.875
31.273	13.848	32.111	13.077
31.273	13.848	31.370	13.026
31.273	13.848	34.148	11.129
31.273	13.848	38.354	6.916
38.354	6.916	37.368	6.795
38.354	6.916	38.188	9.181
38.354	6.916	38.423	6.211
38.354	6.916	36.371	12.540
38.354	6.916	35.209	12.686
38.354	6.916	32.589	14.182
38.354	6.916	36.925	8.789
38.354	6.916	35.796	7.726
38.354	6.916	36.122	7.069
38.354	6.916	41.167	6.672
38.354	6.916	41.126	6.672
41.126	6.672	40.477	6.799
41.126	6.672	41.811	6.985
41.126	6.672	41.280	6.008
41.126	6.672	41.771	10.642
41.126	6.672	45.600	8.517
41.126	6.672	45.567	8.679
41.126	6.672	45.274	10.101
41.126	6.672	40.660	10.467
41.126	6.672	40.685	10.298
41.126	6.672	40.853	8.934
41.126	6.672	46.034	7.538
46.034	7.538	47.492	2.208
46.034	7.538	46.248	7.476
46.034	7.538	46.089	7.386
46.034	7.538	48.490	2.014
41.126	6.672	40.676	10.381
40.676	10.381	40.127	10.492
40.676	10.381	39.729	13.263
40.676	10.381	40.817	8.917
40.676	10.381	41.674	10.064
40.676	10.381	41.317	9.598
40.676	10.381	38.590	11.810
40.676	10.381	35.714	12.138
35.714	12.138	35.938	12.871
35.714	12.138	36.166	11.345
35.714	12.138	35.156	12.144
35.714	12.138	36.225	12.946
35.714	12.138	35.884	12.932
35.714	12.138	36.570	12.328
35.714	12.138	37.273	12.204
35.714	12.138	38.567	12.067
35.714	12.138	36.036	12.656
35.714	12.138	38.619	12.026
38.619	12.026	37.822	11.916
38.619	12.026	38.449	12.142
38.619	12.026	38.566	11.643
38.619	12.026	40.642	12.698
40.642	12.698	40.674	12.214
40.642	12.698	41.262	12.772
40.642	12.698	40.910	12.962
40.642	12.698	42.345	12.824
40.642	12.698	43.376	11.883
43.376	11.883	42.884	11.950
43.376	11.883	42.962	12.209
43.376	11.883	42.960	11.352
43.376	11.883	42.894	11.368
42.894	11.368	43.858	11.625
42.894	11.368	43.214	12.934
42.894	11.368	43.217	11.611
42.894	11.368	43.877	11.555
42.894	11.368	43.088	10.663
42.894	11.368	44.084	10.342
42.894	11.368	44.425	10.616
42.894	11.368	43.834	9.918
43.834	9.918	44.254	10.781
43.834	9.918	43.644	10.374
43.834	9.918	43.684	9.171
43.834	9.918	43.752	11.870
43.834	9.918	45.526	10.771
45.526	10.771	45.773	11.338
45.526	10.771	47.262	11.165
45.526	10.771	45.650	10.165
45.526	10.771	46.158	11.230
45.526	10.771	47.618	10.990
47.618	10.990	50.661	11.608
47.618	10.990	47.967	11.468
47.618	10.990	48.169	10.100
47.618	10.990	48.073	11.118
47.618	10.990	48.218	10.753
47.618	10.990	50.164	10.427
47.618	10.990	53.824	-0.631
47.618	10.990	48.904	3.906
47.618	10.990	50.270	0.343
47.618	10.990	47.916	10.163
47.618	10.990	47.130	9.315
47.618	10.990	50.249	9.186
47.618	10.990	51.737	0.301
47.618	10.990	46.667	10.392
46.667	10.392	46.292	11.085
46.667	10.392	45.526	10.875
46.667	10.392	46.095	9.900
46.667	10.392	42.118	9.079
46.667	10.392	46.957	10.666
46.957	10.666	41.112	6.505
41.112	6.505	44.470	-3.892
47.618	10.990	52.196	-0.606

