TRIP
DATE 2025-08-17
DECLINATION 0.0
DATA
0		133.91	-0.85	5.031	>
0		134.37	-0.81	5.033	>
0		134.27	-0.68	5.452	>
0		135.12	-1.26	5.054	>
0		135.01	-1.45	5.055	>
0		135.08	-1.38	5.040	>
0	1	135.07	-1.36	5.050	>
1		192.12	35.24	4.064	>
1		192.35	35.43	4.020	>
1		192.26	35.23	4.024	>
1		67.56	1.19	1.323	>
1	2	192.24	35.30	4.036	>
2		73.32	18.00	5.425	>
2		72.52	18.33	5.427	>
2		72.38	18.67	5.439	>
2	3	72.74	18.33	5.430	>
3		326.11	49.98	5.357	>
3		326.40	49.91	5.356	>
3		326.29	50.00	5.352	>
1	4	326.27	49.96	5.355	>
4		60.12	4.89	1.188	>
4		255.53	-83.52	4.395	>
4		46.82	77.43	3.885	>
4		1.32	54.90	8.644	>
4		2.63	54.67	8.655	>
4		2.58	54.71	8.633	>
4	5	2.18	54.76	8.644	>
5		2.75	54.66	8.632	>
5		341.48	3.65	4.041	>
5		186.27	-4.88	2.930	>
5		126.80	-13.66	6.753	>
5		154.64	19.14	8.175	>
5		185.56	-1.48	2.986	>
5		162.81	-64.56	7.687	>
5		192.17	64.19	6.975	>
5		151.42	-70.94	5.901	>
5		233.88	24.52	11.332	>
5		233.55	24.44	11.294	>
5		233.58	24.53	11.343	>
5	6	233.67	24.50	11.323	>
6		233.52	24.34	11.294	>
6		94.69	-3.58	1.179	>
6		198.02	29.26	4.785	>
6		198.22	29.06	4.769	>
6		197.99	29.22	4.786	>
6	7	198.08	29.18	4.780	>
7		60.01	-0.79	0.892	>
7		73.72	-46.51	0.472	>
7		60.25	77.17	0.515	>
7		49.35	-69.90	0.612	>
7		71.36	54.28	0.547	>
7		76.92	45.10	1.999	>
7		76.01	44.70	1.945	>
7		75.70	44.82	1.936	>
7		75.84	44.51	1.940	>
7	8	75.85	44.68	1.940	>
8		234.42	1.81	1.134	>
8		144.52	6.02	2.708	>
8		144.14	6.43	2.680	>
8		144.38	6.24	2.701	>
8	9	144.35	6.23	2.696	>
9		5.38	9.17	1.744	>
9		246.31	4.22	1.550	>
9		168.11	78.01	1.510	>
9		237.54	84.30	1.540	>
9		126.19	43.93	3.164	>
9		210.81	16.25	6.487	>
9		210.93	16.27	6.425	>
9		210.83	16.35	6.475	>
9	10	210.86	16.29	6.462	>
10		190.49	84.50	0.820	>
10		74.94	-81.99	1.163	>
10		150.88	31.07	6.735	>
10		102.55	5.50	0.813	>
10		248.31	-5.13	4.981	>
10		248.49	-5.08	4.980	>
10		244.97	-62.00	9.656	>
10	11	248.42	-5.17	4.982	>
11		248.46	-5.31	4.986	>
11		259.83	35.28	3.816	>
11		351.95	3.24	2.184	>
11		256.42	12.72	2.628	>
11		139.28	4.04	1.697	>
11		219.55	13.00	3.024	>
11		49.17	0.85	4.640	>
11		37.92	0.93	3.810	>
11		81.04	7.30	3.710	>
11		303.56	74.02	6.471	>
11		319.16	61.22	11.229	>
11		247.49	44.73	6.824	>
11		246.60	44.28	6.700	>
11		246.79	44.43	6.701	>
11		246.41	44.43	6.763	>
11	12	246.60	44.38	6.721	>
12		322.11	-14.08	7.787	>
12		11.15	-4.83	5.563	>
12		9.70	0.04	5.277	>
12		351.60	52.36	4.268	>
12		336.11	-46.64	8.837	>
12		323.15	-36.00	7.386	>
12		322.29	-35.41	7.265	>
12		321.88	-35.39	7.224	>
12		321.99	-35.49	7.306	>
12	13	322.05	-35.43	7.265	>

PLAN
STATIONS
0.000	0.000	0
3.566	-3.574	1
2.867	-6.793	2
7.790	-5.264	3
1.653	-0.709	4
1.842	4.275	5
-6.459	-1.830	6
-7.754	-5.797	7
-6.416	-5.460	8
-4.854	-7.638	9
-8.035	-12.963	10
-12.649	-14.788	11
-17.058	-16.696	12
-20.698	-12.028	13
SHOTS
0.000	0.000	3.624	-3.489
0.000	0.000	3.597	-3.519
0.000	0.000	3.903	-3.806
0.000	0.000	3.566	-3.574
3.566	-3.574	4.788	-3.069
3.566	-3.574	2.867	-6.793
2.867	-6.793	7.790	-5.264
3.566	-3.574	1.653	-0.709
1.653	-0.709	2.679	-0.119
1.653	-0.709	1.172	-0.833
1.653	-0.709	2.269	-0.130
1.653	-0.709	1.842	4.275
1.842	4.275	2.081	9.262
1.842	4.275	0.561	8.099
1.842	4.275	1.523	1.373
1.842	4.275	7.097	0.344
1.842	4.275	5.150	-2.704
1.842	4.275	1.553	1.304
1.842	4.275	2.818	1.120
1.842	4.275	1.202	1.307
1.842	4.275	2.764	2.582
1.842	4.275	-6.459	-1.830
-6.459	-1.830	-14.733	-7.947
-6.459	-1.830	-5.286	-1.926
-6.459	-1.830	-7.754	-5.797
-7.754	-5.797	-6.981	-5.351
-7.754	-5.797	-7.442	-5.706
-7.754	-5.797	-7.654	-5.740
-7.754	-5.797	-7.594	-5.660
-7.754	-5.797	-7.451	-5.695
-7.754	-5.797	-6.379	-5.477
-7.754	-5.797	-6.416	-5.460
-6.416	-5.460	-7.338	-6.119
-6.416	-5.460	-4.854	-7.638
-4.854	-7.638	-4.692	-5.924
-4.854	-7.638	-6.269	-8.259
-4.854	-7.638	-4.789	-7.944
-4.854	-7.638	-4.983	-7.720
-4.854	-7.638	-3.015	-8.983
-4.854	-7.638	-8.035	-12.963
-8.035	-12.963	-8.049	-13.040
-8.035	-12.963	-7.878	-12.921
-8.035	-12.963	-5.227	-18.002
-8.035	-12.963	-7.245	-13.138
-8.035	-12.963	-12.142	-14.881
-8.035	-12.963	-12.649	-14.788
-12.649	-14.788	-15.715	-15.338
-12.649	-14.788	-12.954	-12.629
-12.649	-14.788	-15.141	-15.390
-12.649	-14.788	-11.545	-16.071
-12.649	-14.788	-14.525	-17.060
-12.649	-14.788	-9.139	-11.754
-12.649	-14.788	-10.308	-11.783
-12.649	-14.788	-9.014	-14.214
-12.649	-14.788	-14.133	-13.803
-12.649	-14.788	-16.184	-10.698
-12.649	-14.788	-17.128	-16.644
-12.649	-14.788	-17.058	-16.696
-17.058	-16.696	-21.696	-10.734
-17.058	-16.696	-15.986	-11.257
-17.058	-16.696	-16.168	-11.494
-17.058	-16.696	-17.439	-14.117
-17.058	-16.696	-19.515	-11.148
-17.058	-16.696	-20.642	-11.914
-17.058	-16.696	-20.698	-12.028
POLYLINE BLACK
1.596	-0.694
1.741	-1.269
2.131	-1.699
2.382	-2.219
POLYLINE BLACK
1.591	-0.686
1.590	-0.670
POLYLINE BLACK
8.179	0.319
7.319	0.225
8.161	0.300
7.306	0.273
6.677	0.254
7.377	0.220
6.636	0.277
POLYLINE BLACK
6.660	0.297
6.449	0.366
6.321	0.428
6.085	0.409
5.716	0.380
5.351	0.321
4.986	0.266
4.802	0.239
4.704	0.140
4.560	0.034
4.543	0.022
4.524	0.014
4.508	0.001
4.454	-0.039
4.422	-0.110
4.429	-0.177
4.443	-0.317
4.691	-0.676
4.710	-0.721
4.872	-1.092
4.996	-1.480
5.152	-1.854
5.553	-2.817
5.364	-2.200
5.505	-2.687
POLYLINE BLACK
5.258	-2.984
5.295	-3.038
5.324	-3.084
5.322	-3.149
5.321	-3.184
5.310	-3.207
5.322	-3.237
5.330	-3.259
5.360	-3.292
5.387	-3.285
5.444	-3.270
5.500	-3.250
5.557	-3.232
POLYLINE BLACK
5.285	-2.975
5.142	-2.992
5.224	-2.976
5.041	-3.040
POLYLINE BLACK
5.518	-3.513
5.488	-3.546
5.446	-3.581
5.425	-3.623
5.382	-3.709
5.426	-3.814
5.534	-3.794
5.614	-3.779
5.602	-3.669
5.564	-3.620
5.534	-3.582
5.503	-3.546
5.472	-3.509
POLYLINE BLACK
4.163	0.839
4.356	0.837
4.550	0.816
4.742	0.832
5.140	0.866
5.531	0.959
5.929	0.990
6.184	1.010
6.440	0.986
6.695	0.987
6.867	0.988
7.038	0.999
7.209	0.995
7.374	0.992
7.621	0.875
7.738	0.852
7.972	0.807
8.223	0.836
8.454	0.882
POLYLINE BLACK
1.649	-0.699
1.557	-0.480
1.650	-0.453
1.623	-0.176
1.597	0.095
1.547	0.364
1.499	0.633
1.484	0.723
1.445	0.819
1.381	0.887
1.242	1.034
0.921	1.046
0.741	1.020
0.506	0.986
0.274	0.936
0.040	0.894
POLYLINE BLACK
4.778	-2.713
3.590	-0.178
5.272	-3.691
3.955	-1.185
3.828	-0.943
3.744	-0.680
3.625	-0.434
3.541	-0.260
3.372	-0.096
3.209	0.004
3.114	0.061
2.999	0.084
2.891	0.059
2.773	0.030
2.711	-0.030
2.698	-0.154
2.672	-0.406
2.709	-0.316
2.699	-0.598
2.692	-0.765
2.647	-0.877
2.686	-1.036
2.855	-1.716
2.821	-1.560
3.155	-2.174
POLYLINE BLACK
5.121	4.671
5.105	4.668
POLYLINE BLACK
4.164	0.909
4.129	0.898
4.095	0.884
4.059	0.875
3.882	0.829
3.582	1.044
3.493	1.078
3.348	1.135
3.019	1.153
2.902	1.170
2.866	1.176
2.791	1.213
2.760	1.227
POLYLINE BLACK
2.782	1.252
2.744	1.295
2.703	1.334
2.668	1.379
2.644	1.411
2.617	1.443
2.607	1.481
1.900	4.130
2.003	3.385
1.861	4.454
POLYLINE BLACK
3.116	6.141
3.140	6.179
3.163	6.219
3.188	6.256
3.259	6.358
3.404	6.349
3.448	6.229
3.454	6.215
3.460	6.184
3.457	6.169
3.448	6.120
3.439	6.070
3.424	6.023
3.383	5.897
3.331	5.776
3.288	5.651
3.256	5.561
3.383	5.546
3.439	5.566
3.461	5.573
3.483	5.581
3.502	5.594
3.566	5.636
3.626	5.685
3.687	5.731
POLYLINE BLACK
3.406	5.318
3.391	5.282
3.351	5.230
3.358	5.183
3.371	5.095
3.499	5.062
3.569	5.102
3.594	5.116
3.614	5.131
3.632	5.153
3.665	5.191
3.707	5.276
3.634	5.298
3.626	5.301
3.618	5.303
3.610	5.300
3.554	5.283
3.500	5.259
3.445	5.239
POLYLINE BLACK
4.420	6.089
4.418	6.008
4.405	5.906
4.494	5.868
4.523	5.856
4.556	5.852
4.586	5.861
4.688	5.889
4.757	6.041
4.766	6.137
4.770	6.186
4.764	6.236
4.739	6.279
4.688	6.369
4.552	6.430
4.457	6.373
4.389	6.332
4.375	6.272
4.334	6.197
POLYLINE BLACK
5.046	7.183
5.066	6.705
5.082	6.226
5.107	5.749
5.107	5.744
5.116	5.742
5.121	5.744
5.130	5.747
5.139	5.753
5.144	5.762
5.306	6.025
5.463	6.291
5.622	6.556
POLYLINE BLACK
5.286	6.083
5.333	5.977
5.411	5.910
5.496	5.836
POLYLINE BLACK
5.759	6.232
5.721	5.882
5.725	6.040
5.731	5.759
POLYLINE BLACK
5.717	6.661
5.727	6.729
POLYLINE BLACK
6.094	6.068
6.152	6.121
6.224	6.178
6.199	6.265
6.195	6.279
6.188	6.294
6.175	6.303
6.121	6.344
6.024	6.266
5.991	6.235
5.849	6.104
5.707	5.824
5.873	5.659
5.903	5.628
5.944	5.609
5.986	5.601
6.064	5.586
6.123	5.608
6.206	5.621
POLYLINE BLACK
6.461	6.174
6.462	6.061
6.458	5.948
6.464	5.836
6.465	5.803
6.499	5.829
6.504	5.834
6.556	5.885
6.602	5.940
6.652	5.991
6.667	6.006
6.693	6.012
6.713	6.008
6.744	6.000
6.768	5.970
6.785	5.946
6.805	5.918
6.824	5.876
6.830	5.844
6.850	5.729
6.851	5.686
6.856	5.584
POLYLINE BLACK
7.128	6.721
7.131	6.612
7.145	6.503
7.138	6.395
7.123	6.142
7.086	5.892
7.064	5.639
7.063	5.626
7.073	5.606
7.085	5.599
7.114	5.583
7.160	5.612
7.180	5.625
7.228	5.658
7.277	5.690
7.319	5.730
7.428	5.830
7.530	5.939
7.635	6.044
POLYLINE BLACK
7.357	5.717
7.359	5.667
7.367	5.535
7.433	5.508
7.490	5.484
7.552	5.474
7.611	5.457
POLYLINE BLACK
7.755	5.714
7.732	5.647
7.709	5.607
7.708	5.542
7.707	5.478
7.727	5.407
7.777	5.363
7.871	5.278
8.032	5.303
8.093	5.415
8.123	5.469
8.117	5.538
8.102	5.595
8.071	5.713
7.996	5.821
7.862	5.821
7.797	5.821
7.744	5.784
7.688	5.755
POLYLINE BLACK
8.830	1.359
8.847	1.399
8.856	1.444
8.888	1.474
8.943	1.525
9.051	1.530
9.103	1.473
9.163	1.407
9.155	1.294
9.134	1.214
9.113	1.135
8.993	0.956
8.989	0.947
8.934	0.843
8.939	0.765
9.056	0.722
9.091	0.709
9.141	0.699
9.178	0.702
9.234	0.706
9.289	0.717
9.344	0.725
POLYLINE BLACK
8.956	0.123
8.914	0.107
8.861	0.097
8.825	0.065
8.765	0.013
8.765	-0.078
8.805	-0.141
8.870	-0.244
9.050	-0.277
9.157	-0.234
9.198	-0.218
9.231	-0.187
9.256	-0.151
9.352	-0.017
9.316	0.201
9.190	0.305
9.120	0.364
9.052	0.343
8.953	0.350
POLYLINE BLACK
0.496	1.538
0.784	1.652
1.159	1.354
1.468	1.474
1.618	1.533
1.701	1.678
1.739	1.828
1.752	1.882
1.766	1.938
1.764	1.994
1.753	2.408
1.721	2.820
1.700	3.234
POLYLINE BLACK
1.693	3.198
1.654	3.283
1.618	3.370
1.577	3.454
1.518	3.572
1.422	3.575
1.345	3.474
1.334	3.460
1.326	3.444
1.317	3.428
1.284	3.369
1.252	3.308
1.219	3.248
POLYLINE BLACK
1.862	4.302
1.861	4.333
1.858	4.363
1.857	4.394
1.855	4.483
1.990	4.512
2.043	4.533
2.223	4.603
2.406	4.666
2.583	4.742
2.718	4.800
2.847	4.872
2.979	4.937
POLYLINE BLACK
2.747	5.195
2.062	4.915
2.330	4.995
1.962	4.894
POLYLINE BLACK
1.947	4.987
1.902	5.006
1.854	5.015
1.818	5.048
1.761	5.099
1.751	5.198
1.739	5.262
1.732	5.298
1.727	5.335
1.731	5.371
1.749	5.516
1.776	5.661
1.808	5.804
1.819	5.856
1.842	5.905
1.860	5.955
1.879	6.005
1.912	6.051
1.920	6.103
1.963	6.383
2.001	6.665
2.013	6.948
2.024	7.230
1.943	7.725
1.881	7.997
1.835	8.196
1.668	8.445
1.503	8.564
1.467	8.590
1.443	8.597
1.403	8.609
1.250	8.654
1.100	8.712
0.943	8.743
0.780	8.775
0.525	8.778
0.357	8.720
0.209	8.669
0.043	8.483
-0.032	8.412
-0.115	8.332
-0.216	8.139
-0.250	8.053
-0.352	7.801
-0.390	7.615
-0.409	7.344
-0.415	7.271
-0.406	7.198
-0.402	7.124
-0.376	6.578
-0.328	6.033
-0.321	5.486
-0.318	5.297
-0.365	5.111
-0.375	4.922
-0.401	4.421
-0.326	4.465
-0.442	4.098
-0.460	4.041
-0.488	3.988
-0.513	3.934
-0.889	3.118
-0.756	3.486
-0.910	3.036
POLYLINE BLACK
1.283	3.389
0.580	2.778
1.196	3.294
0.598	2.839
0.561	2.811
0.529	2.779
0.495	2.749
POLYLINE BLACK
-2.989	-2.341
-2.934	-2.371
-2.880	-2.401
-2.825	-2.431
-2.800	-2.447
-2.778	-2.471
-2.749	-2.480
-2.741	-2.482
-2.741	-2.464
-2.744	-2.456
-2.764	-2.395
-2.827	-2.308
-2.818	-2.234
-2.810	-2.170
-2.730	-2.151
-2.678	-2.168
-2.648	-2.177
-2.607	-2.225
-2.576	-2.206
-2.531	-2.179
-2.579	-1.893
-2.444	-1.969
-2.381	-2.005
-2.320	-2.044
-2.258	-2.081
POLYLINE BLACK
-2.216	-1.699
-2.188	-1.619
-2.161	-1.540
-2.199	-1.459
-2.204	-1.448
-2.217	-1.423
-2.237	-1.432
-2.255	-1.440
-2.272	-1.473
-2.278	-1.488
-2.318	-1.583
-2.265	-1.731
-2.178	-1.785
-2.117	-1.822
-2.026	-1.811
-1.985	-1.748
-1.957	-1.704
-1.945	-1.655
-1.909	-1.615
-1.874	-1.575
-1.820	-1.558
-1.777	-1.527
-1.682	-1.460
-1.594	-1.337
-1.646	-1.217
-1.657	-1.192
-1.672	-1.170
-1.695	-1.155
-1.762	-1.113
-1.888	-1.136
-1.919	-1.216
-1.922	-1.222
-1.922	-1.229
-1.921	-1.235
-1.916	-1.274
-1.909	-1.313
-1.903	-1.351
POLYLINE BLACK
-1.724	-1.262
-1.596	-1.205
-1.538	-1.139
-1.451	-1.036
POLYLINE BLACK
-1.613	-0.638
-1.605	-0.645
-1.550	-0.712
-1.510	-0.713
-1.448	-0.713
-1.441	-0.571
-1.339	-0.615
-1.293	-0.635
-1.247	-0.657
-1.201	-0.678
POLYLINE BLACK
-1.209	-0.309
-1.113	-0.394
-1.048	-0.458
-0.951	-0.340
-0.925	-0.308
-0.915	-0.264
-0.922	-0.224
-0.929	-0.178
-0.952	-0.127
-1.004	-0.122
-1.030	-0.120
-1.055	-0.122
-1.077	-0.137
-1.114	-0.162
-1.126	-0.217
-1.142	-0.253
POLYLINE BLACK
-1.256	0.114
-1.188	0.010
-1.123	-0.101
-0.997	-0.134
-0.968	-0.141
-0.934	-0.140
-0.907	-0.128
-0.865	-0.110
-0.828	-0.061
-0.801	-0.035
POLYLINE BLACK
-0.797	0.064
-0.781	0.099
-0.774	0.141
-0.748	0.170
-0.735	0.185
-0.753	0.132
-0.754	0.113
-0.754	0.086
-0.733	0.058
-0.708	0.048
-0.595	0.004
-0.527	0.070
-0.433	0.132
POLYLINE BLACK
-0.367	0.114
-0.387	0.184
-0.410	0.252
-0.426	0.323
-0.432	0.347
-0.436	0.373
-0.436	0.399
-0.436	0.467
-0.356	0.361
-0.336	0.399
-0.330	0.411
-0.335	0.459
-0.334	0.470
-0.332	0.486
-0.330	0.502
-0.325	0.518
-0.301	0.597
-0.274	0.628
-0.228	0.706
POLYLINE BLACK
-2.249	-2.949
-2.223	-2.992
-2.193	-3.032
-2.171	-3.076
-2.169	-3.082
-2.172	-3.093
-2.178	-3.095
-2.190	-3.098
-2.202	-3.093
-2.213	-3.089
-2.245	-3.078
-2.276	-3.059
-2.300	-3.036
-2.369	-2.970
-2.433	-2.853
-2.396	-2.755
-2.385	-2.726
-2.362	-2.681
-2.322	-2.696
-2.256	-2.722
-2.250	-2.834
-2.233	-2.876
POLYLINE BLACK
-2.005	-2.515
-1.970	-2.547
-1.929	-2.607
-1.874	-2.617
-1.742	-2.642
-1.645	-2.409
-1.769	-2.342
-1.824	-2.312
-1.884	-2.290
-1.947	-2.294
-2.040	-2.301
-2.127	-2.388
-2.129	-2.483
-2.130	-2.490
-2.128	-2.497
-2.124	-2.501
-2.086	-2.542
-2.044	-2.578
-2.004	-2.616
POLYLINE BLACK
-1.724	-2.102
-1.719	-2.083
-1.724	-1.989
-1.678	-1.976
-1.651	-1.969
-1.622	-1.989
-1.596	-1.993
-1.567	-1.998
-1.535	-1.995
-1.506	-1.989
-1.417	-1.967
-1.337	-1.903
-1.262	-1.860
POLYLINE BLACK
-1.302	-1.662
-1.167	-1.772
POLYLINE BLACK
-1.582	-1.472
-1.564	-1.445
POLYLINE BLACK
-1.116	-1.503
-1.065	-1.525
-1.010	-1.559
-0.952	-1.548
-0.845	-1.528
-0.790	-1.401
-0.876	-1.322
-0.923	-1.280
-1.045	-1.256
-1.067	-1.336
-1.069	-1.343
-1.070	-1.351
-1.070	-1.358
-1.069	-1.386
-1.067	-1.414
-1.066	-1.442
POLYLINE BLACK
-0.737	-1.017
-0.704	-1.049
-0.676	-1.086
-0.638	-1.113
-0.633	-1.117
-0.626	-1.104
-0.625	-1.097
-0.618	-1.005
-0.644	-1.048
-0.624	-0.973
-0.612	-0.928
-0.578	-0.870
-0.524	-0.910
-0.451	-0.964
-0.382	-1.022
-0.311	-1.078
POLYLINE BLACK
-0.367	-0.949
-0.377	-0.906
-0.389	-0.864
-0.397	-0.821
-0.413	-0.734
-0.304	-0.746
-0.254	-0.768
-0.194	-0.795
-0.168	-0.828
-0.112	-0.876
POLYLINE BLACK
-1.604	-3.065
-1.570	-3.099
-1.535	-3.133
-1.501	-3.167
-1.473	-3.204
-1.453	-3.250
-1.416	-3.278
-1.400	-3.290
-1.427	-3.238
-1.432	-3.219
-1.444	-3.171
-1.459	-3.123
-1.468	-3.075
-1.474	-3.043
-1.493	-2.957
-1.451	-2.930
-1.378	-2.882
-1.212	-3.007
-1.165	-3.038
POLYLINE BLACK
-1.107	-2.787
-1.035	-2.897
-0.988	-2.924
-0.874	-2.970
POLYLINE BLACK
-1.414	-2.511
-1.427	-2.388
-1.436	-2.455
-1.348	-2.319
POLYLINE BLACK
-0.953	-2.376
-0.911	-2.369
-0.854	-2.347
-0.809	-2.364
-0.766	-2.379
-0.751	-2.422
-0.725	-2.455
-0.687	-2.501
-0.610	-2.544
-0.553	-2.505
-0.512	-2.478
-0.503	-2.450
-0.470	-2.404
POLYLINE BLACK
-1.058	-2.083
-1.058	-1.988
POLYLINE BLACK
-0.449	-2.166
-0.435	-2.128
-0.419	-2.090
-0.408	-2.051
-0.399	-2.021
-0.386	-1.942
-0.414	-1.916
-0.445	-1.888
-0.501	-1.956
-0.514	-1.976
-0.584	-2.084
-0.489	-2.255
-0.360	-2.248
-0.282	-2.243
-0.274	-2.205
-0.189	-2.142
POLYLINE BLACK
-0.067	-1.887
-0.042	-1.925
0.153	-2.267
0.273	-2.380
0.321	-2.425
0.374	-2.464
0.425	-2.506
POLYLINE BLACK
-0.256	-1.568
-0.266	-1.582
POLYLINE BLACK
-0.500	0.915
-0.358	1.018
-0.196	1.203
-0.002	1.238
0.138	1.263
0.188	1.251
0.336	1.242
POLYLINE BLACK
-0.843	3.233
-0.904	3.172
-0.969	3.114
-1.027	3.050
-1.049	3.025
-1.066	2.995
-1.083	2.966
-1.135	2.882
-1.179	2.793
-1.234	2.709
-1.534	2.251
-1.656	2.038
-2.062	1.686
-2.763	1.080
-2.349	1.611
-3.267	0.927
-4.162	0.259
-5.027	-0.447
-5.891	-1.155
-6.503	-1.655
-6.411	-1.532
-6.632	-1.890
POLYLINE BLACK
0.437	2.793
0.394	2.694
0.357	2.593
0.308	2.498
0.251	2.390
0.123	2.235
0.033	2.162
-0.430	1.785
-0.921	1.445
-1.374	1.056
-2.585	0.016
-2.664	-0.290
-3.755	-0.982
-4.187	-1.256
-4.661	-1.460
-5.077	-1.757
-5.764	-2.247
-5.788	-2.306
-6.106	-2.746
POLYLINE BLACK
-6.565	-1.674
-6.468	-1.787
-6.377	-1.907
-6.273	-2.014
-6.176	-2.113
-5.943	-2.258
-5.837	-2.315
-5.805	-2.333
-5.767	-2.339
-5.733	-2.350
POLYLINE BLACK
-4.448	-0.458
-4.493	-0.577
-4.538	-0.696
-4.584	-0.815
-4.595	-0.846
-4.616	-0.873
-4.601	-0.906
-4.575	-0.967
-4.429	-1.008
-4.371	-0.980
-4.310	-0.951
-4.282	-0.859
-4.265	-0.806
-4.246	-0.748
-4.231	-0.682
-4.250	-0.622
-4.252	-0.614
-4.269	-0.568
-4.283	-0.563
-4.341	-0.540
-4.403	-0.526
-4.463	-0.508
POLYLINE BLACK
-2.673	0.673
-2.752	0.605
-2.834	0.540
-2.911	0.470
-2.984	0.405
-2.909	0.240
-2.811	0.256
-2.740	0.267
-2.679	0.415
-2.666	0.438
-2.650	0.467
-2.646	0.503
-2.663	0.532
-2.686	0.568
-2.739	0.592
-2.770	0.612
POLYLINE BLACK
-1.420	1.774
-1.436	1.720
-1.461	1.661
-1.460	1.602
-1.457	1.417
-1.274	1.446
-1.198	1.569
-1.167	1.619
-1.136	1.668
-1.108	1.719
-1.102	1.730
-1.104	1.747
-1.111	1.758
-1.138	1.797
-1.232	1.808
-1.259	1.813
-1.354	1.830
-1.544	1.793
-1.591	1.787
POLYLINE BLACK
-0.839	2.516
-0.942	2.480
-1.045	2.447
-1.147	2.409
-1.198	2.390
-1.173	2.306
-1.162	2.275
-1.155	2.256
-1.147	2.237
-1.136	2.221
-1.107	2.178
-1.041	2.057
-0.966	2.027
-0.907	2.004
-0.840	2.008
-0.780	2.021
-0.647	2.047
-0.647	2.197
-0.635	2.307
-0.630	2.351
-0.635	2.390
-0.666	2.421
-0.732	2.489
-0.895	2.509
-0.955	2.526
POLYLINE BLACK
-0.106	4.774
-0.078	4.751
POLYLINE BLACK
-6.635	-1.853
-7.769	-5.005
-7.347	-3.518
-7.987	-6.290
POLYLINE BLACK
-7.054	-5.338
-6.868	-4.810
-6.676	-4.285
-6.497	-3.755
-6.405	-3.484
-6.334	-3.206
-6.242	-2.935
-6.225	-2.885
-6.201	-2.836
-6.171	-2.792
-6.112	-2.707
-6.042	-2.632
-5.978	-2.552
POLYLINE BLACK
-7.907	-5.619
-7.739	-5.612
-7.646	-5.627
-7.501	-5.577
-7.309	-5.512
-7.060	-5.308
-6.944	-5.229
POLYLINE BLACK
-7.033	-5.212
-7.033	-5.212
POLYLINE BLACK
-7.030	-5.191
-6.986	-5.311
-6.915	-5.434
-6.773	-5.443
-6.703	-5.448
-6.632	-5.462
-6.563	-5.451
-6.245	-5.399
-5.932	-5.319
-5.617	-5.253
POLYLINE BLACK
-7.898	-6.201
-7.911	-6.235
-7.926	-6.269
-7.937	-6.304
-7.939	-6.312
-7.938	-6.320
-7.935	-6.327
-7.922	-6.364
-7.853	-6.354
-7.832	-6.351
-7.706	-6.339
-7.450	-6.216
-7.418	-6.206
-7.370	-6.191
-7.319	-6.190
-7.270	-6.181
POLYLINE BLACK
-5.632	-5.199
-5.537	-5.182
-5.470	-5.184
-5.393	-5.242
-5.371	-5.258
-5.350	-5.275
-5.333	-5.295
-5.298	-5.336
-5.267	-5.380
-5.236	-5.424
-5.212	-5.456
-5.194	-5.492
-5.166	-5.521
-5.101	-5.592
-5.019	-5.648
-4.958	-5.723
-4.583	-6.186
-4.909	-5.889
-4.697	-6.074
POLYLINE BLACK
-7.341	-6.177
-7.297	-6.208
-7.251	-6.235
-7.210	-6.269
-7.161	-6.309
-7.077	-6.403
-7.054	-6.462
-6.899	-6.859
-6.779	-7.270
-6.612	-7.662
-6.318	-8.168
-6.424	-7.928
-6.265	-8.371
POLYLINE BLACK
-4.684	-6.039
-4.669	-6.173
-4.649	-6.289
-4.574	-6.399
-4.535	-6.457
-4.483	-6.507
-4.453	-6.569
-4.377	-6.726
-4.341	-6.901
-4.258	-7.053
-3.665	-8.138
-3.893	-7.641
-3.357	-8.371
-3.245	-8.523
-3.224	-8.679
-3.152	-8.857
-3.134	-8.900
-3.108	-8.939
-3.086	-8.979
POLYLINE BLACK
-7.898	-12.766
-7.914	-12.761
POLYLINE BLACK
-5.202	-18.056
-5.133	-17.925
-5.049	-17.801
-4.996	-17.663
-4.908	-17.428
-4.908	-17.127
-4.962	-16.884
-5.011	-16.665
-5.167	-16.453
-5.375	-16.362
-5.568	-16.278
-5.718	-16.268
-5.942	-16.247
-6.034	-16.239
-6.148	-16.272
-6.224	-16.324
-6.347	-16.407
-6.518	-16.530
-6.614	-16.656
-6.782	-16.878
-6.860	-17.055
-6.896	-17.330
-6.932	-17.602
-6.855	-17.817
-6.751	-18.068
-6.697	-18.196
-6.564	-18.348
-6.432	-18.402
-6.231	-18.484
-6.025	-18.450
-5.813	-18.409
-5.704	-18.388
-5.599	-18.351
-5.495	-18.313
-5.357	-18.262
-5.205	-18.208
-5.108	-18.090
-5.062	-18.033
-5.004	-17.914
-4.976	-17.862
POLYLINE BLACK
-6.125	-17.373
-5.951	-17.312
-5.877	-17.267
-5.712	-17.257
-5.661	-17.254
-5.610	-17.259
-5.558	-17.260
POLYLINE BLACK
-5.848	-17.102
-5.918	-17.255
-5.959	-17.312
-5.982	-17.479
-5.994	-17.567
-5.993	-17.658
-5.998	-17.747
POLYLINE BLACK
-7.244	-13.081
-7.171	-12.974
-7.099	-12.866
-7.026	-12.758
-7.003	-12.721
-6.983	-12.682
-6.955	-12.648
-6.887	-12.562
-6.817	-12.478
-6.739	-12.401
-6.555	-12.218
-6.354	-12.051
-6.169	-11.868
-3.392	-9.137
-4.646	-10.036
-3.109	-8.994
POLYLINE BLACK
-7.963	-12.913
-8.003	-12.913
-8.042	-12.917
-8.081	-12.914
-8.177	-12.907
-8.424	-12.821
-8.448	-12.813
-8.483	-12.800
-8.516	-12.783
-8.547	-12.763
-8.667	-12.686
-8.735	-12.593
-8.823	-12.473
-8.876	-12.400
-8.932	-12.327
-8.970	-12.245
-9.052	-12.069
-9.060	-11.854
-9.212	-11.719
-9.324	-11.619
-9.462	-11.579
-9.609	-11.554
-9.929	-11.498
-10.269	-11.610
-10.561	-11.718
-10.937	-11.857
-11.292	-12.048
-11.670	-12.179
-12.044	-12.309
-12.435	-12.385
-12.815	-12.498
-12.860	-12.512
-12.901	-12.537
-12.942	-12.560
-13.008	-12.599
-13.021	-12.618
-13.069	-12.668
POLYLINE BLACK
-11.560	-16.161
-11.379	-15.804
-10.971	-15.651
-10.661	-15.436
-10.493	-15.319
-10.336	-15.187
-10.174	-15.063
-9.944	-14.918
-9.709	-14.781
-9.484	-14.629
-9.382	-14.559
-9.292	-14.473
-9.192	-14.400
-9.123	-14.349
-9.027	-14.346
-8.947	-14.336
POLYLINE BLACK
-9.093	-14.328
-8.900	-14.246
-8.641	-14.029
-8.391	-14.028
-8.343	-14.027
-8.295	-14.035
-8.247	-14.038
POLYLINE BLACK
-8.329	-14.068
-8.279	-14.102
-8.224	-14.130
-8.180	-14.171
-7.958	-14.374
-7.699	-14.826
-7.620	-15.023
-6.940	-16.726
-6.993	-16.516
-6.828	-17.506
POLYLINE BLACK
-5.020	-16.617
-5.011	-16.547
-5.012	-16.474
-4.993	-16.405
-4.671	-15.210
-4.829	-16.077
-4.521	-14.792
-4.434	-14.427
-4.378	-14.055
-4.289	-13.690
-4.150	-13.113
-4.087	-13.031
-3.723	-12.580
-3.667	-12.511
-3.582	-12.454
-3.497	-12.430
-3.090	-12.318
-2.674	-12.572
-2.307	-12.688
-2.245	-12.708
-2.179	-12.711
-2.115	-12.722
POLYLINE BLACK
-3.138	-8.927
-3.136	-8.969
-3.136	-9.011
-3.132	-9.053
-3.118	-9.199
-2.771	-9.341
-2.750	-9.356
-2.526	-9.512
-2.299	-9.666
-2.091	-9.843
-1.828	-10.066
-1.598	-10.326
-1.339	-10.554
-1.053	-10.750
-1.161	-10.655
-0.997	-10.814
POLYLINE BLACK
-1.155	-11.255
-1.077	-11.212
-1.001	-11.156
-0.909	-11.158
-0.884	-11.159
-0.857	-11.167
-0.835	-11.178
-0.729	-11.228
-0.755	-11.347
-0.787	-11.437
-0.842	-11.594
-0.999	-11.684
-1.066	-11.835
-1.154	-12.033
-0.961	-12.109
-0.795	-12.059
-0.693	-12.028
-0.638	-11.981
-0.540	-11.920
POLYLINE BLACK
-1.197	-12.556
-1.226	-12.592
-1.256	-12.626
-1.283	-12.663
-1.302	-12.688
-1.312	-12.728
-1.311	-12.760
-1.305	-12.975
-0.975	-13.035
-0.892	-12.850
-0.847	-12.751
-0.857	-12.588
-0.934	-12.505
-0.960	-12.477
-0.993	-12.453
-1.032	-12.453
-1.104	-12.453
-1.173	-12.527
-1.220	-12.563
POLYLINE BLACK
-4.987	-7.565
-5.119	-7.667
-5.064	-7.624
-4.815	-7.443
POLYLINE BLACK
-4.819	-7.496
-4.682	-7.784
POLYLINE BLACK
-5.057	-7.653
-5.115	-8.027
POLYLINE BLACK
-5.116	-8.069
-4.810	-7.825
-4.954	-7.924
-4.692	-7.761
POLYLINE BLACK
-11.552	-15.943
-11.727	-16.291
-11.879	-16.652
-12.077	-16.987
-12.158	-17.122
-12.275	-17.233
-12.385	-17.347
-12.592	-17.562
-12.926	-17.680
-13.221	-17.682
-13.429	-17.683
-13.638	-17.669
-13.820	-17.561
-14.059	-17.420
-14.255	-17.078
-14.542	-17.042
-14.709	-17.021
-14.878	-17.013
-15.047	-16.998
-15.418	-17.003
-15.792	-17.049
-16.162	-17.012
-16.510	-16.978
-16.844	-16.862
-17.185	-16.787
POLYLINE BLACK
-13.063	-12.662
-13.129	-12.671
-13.195	-12.686
-13.262	-12.689
-13.575	-12.703
-14.136	-12.493
-14.280	-12.446
-14.379	-12.413
-14.471	-12.360
-14.562	-12.308
-14.874	-12.128
-15.016	-11.779
-15.304	-11.580
-15.344	-11.553
-15.386	-11.531
-15.430	-11.512
-15.640	-11.417
-15.853	-11.326
-16.085	-11.393
-16.230	-11.434
-16.339	-11.552
-16.429	-11.666
-16.631	-11.921
-16.637	-11.971
-16.694	-12.265
POLYLINE BLACK
-16.743	-11.896
-16.895	-11.902
-17.048	-11.918
-17.200	-11.912
-17.983	-11.880
-18.856	-11.062
-19.363	-10.712
POLYLINE BLACK
-17.485	-16.842
-18.568	-15.895
-19.652	-14.949
-20.736	-14.002
-20.876	-13.859
-21.006	-13.705
-21.156	-13.572
-21.282	-13.460
-21.427	-13.370
-21.562	-13.269
POLYLINE BLACK
-31.731	-6.973
-31.695	-6.939
-31.424	-6.629
-31.252	-6.550
-30.972	-6.419
-30.810	-6.868
-30.866	-7.080
-31.025	-7.677
-31.212	-8.266
-31.374	-8.862
-31.381	-8.890
-31.377	-8.920
-31.373	-8.949
-31.333	-9.194
-30.960	-9.141
-30.800	-9.088
-30.369	-8.945
-29.972	-8.354
-29.830	-7.962
-29.793	-7.859
-29.768	-7.751
-29.737	-7.646
POLYLINE BLACK
-29.600	-5.505
-29.556	-5.914
-29.541	-6.327
-29.469	-6.732
-29.420	-7.006
-29.328	-7.271
-29.239	-7.535
-29.186	-7.693
-29.061	-7.556
-29.029	-7.482
-28.965	-7.338
-28.906	-7.190
-28.862	-7.038
-28.730	-6.583
-28.851	-6.772
-28.740	-6.326
-28.712	-6.211
-28.669	-6.099
-28.624	-5.990
-28.578	-5.880
-28.477	-5.711
-28.337	-5.807
-27.981	-6.052
-28.011	-6.693
-27.891	-7.002
-27.823	-7.179
-27.684	-7.319
-27.580	-7.478
POLYLINE BLACK
-26.481	-5.152
-26.745	-5.373
-27.005	-5.663
-26.896	-6.035
-26.872	-6.117
-26.830	-6.190
-26.775	-6.257
-26.495	-6.595
-26.088	-6.520
-25.786	-6.239
-25.532	-6.004
-25.368	-5.522
-25.413	-5.178
-25.471	-4.743
-26.071	-4.539
-26.400	-4.814
-26.504	-4.901
-26.555	-4.976
-26.622	-5.099
-26.773	-5.381
-26.698	-5.547
-26.602	-5.831
POLYLINE BLACK
-25.370	-5.573
-25.341	-5.725
-25.346	-5.932
-25.222	-6.055
-24.867	-6.407
-23.812	-5.914
-23.534	-5.810
POLYLINE BLACK
-23.555	-3.248
-23.552	-3.762
-23.582	-4.278
-23.547	-4.791
-23.530	-5.025
-23.458	-5.253
-23.401	-5.480
-23.384	-5.550
-23.344	-5.517
-23.325	-5.480
-23.305	-5.442
-23.290	-5.401
-23.281	-5.359
-23.203	-4.991
-23.158	-4.616
-23.063	-4.252
-23.057	-4.229
-23.011	-4.255
-22.994	-4.271
-22.952	-4.312
-22.921	-4.363
-22.894	-4.414
-22.727	-4.724
-22.761	-4.689
-22.677	-4.994
-22.606	-5.252
-22.550	-5.252
-22.335	-5.615
POLYLINE BLACK
-22.045	-3.921
-21.957	-4.014
-21.841	-4.225
-21.672	-4.230
-21.352	-4.240
-20.979	-3.661
-20.916	-3.389
-20.864	-3.168
-20.897	-2.922
-20.799	-2.717
-20.744	-2.601
-20.806	-2.975
-20.779	-3.101
-20.702	-3.458
-20.586	-3.806
-20.489	-4.158
-20.426	-4.385
-20.342	-4.607
-20.296	-4.839
-20.208	-5.288
-20.154	-5.890
-20.424	-6.302
-20.495	-6.410
-20.623	-6.629
-20.787	-6.673
-20.894	-6.701
-21.000	-6.644
-21.074	-6.569
-21.410	-6.226
-21.300	-5.953
-21.109	-5.511
-20.982	-5.219
-20.860	-4.920
-20.680	-4.657
-20.352	-4.175
-19.956	-3.742
-19.594	-3.285
POLYLINE BLACK
-29.269	-10.808
-29.627	-11.055
-29.794	-11.218
-29.868	-11.649
-29.891	-11.787
-29.904	-11.927
-29.905	-12.067
-29.905	-12.248
-29.899	-12.495
-29.787	-12.660
-29.746	-12.720
-29.690	-12.772
-29.629	-12.811
-29.291	-13.025
-29.026	-12.666
-28.849	-12.406
-28.692	-12.174
-28.561	-11.927
-28.417	-11.687
POLYLINE BLACK
-27.238	-10.167
-27.255	-10.546
-27.354	-11.020
-27.201	-11.398
-27.143	-11.543
-27.078	-11.686
-27.017	-11.829
POLYLINE BLACK
-27.717	-8.946
-27.475	-8.430
POLYLINE BLACK
-26.217	-9.598
-26.351	-9.839
-26.580	-10.115
-26.588	-10.418
-26.601	-10.863
-26.110	-11.034
-25.770	-10.807
-25.518	-10.640
-25.352	-10.393
-25.286	-10.097
-25.165	-9.547
-25.802	-8.942
-26.289	-9.290
-26.477	-9.425
-26.502	-9.684
-26.554	-9.888
POLYLINE BLACK
-25.749	-9.488
-25.677	-9.640
-25.619	-9.895
-25.428	-9.964
-25.231	-10.035
-25.007	-9.919
-24.832	-9.842
-24.768	-9.814
-24.710	-9.746
-24.642	-9.757
-24.604	-9.763
-24.636	-9.835
-24.647	-9.872
-24.727	-10.121
-24.846	-10.358
-24.915	-10.610
-25.015	-10.976
-25.176	-11.793
-24.854	-12.143
-24.682	-12.331
-24.441	-12.383
-24.208	-12.471
POLYLINE BLACK
-23.192	-7.825
-23.303	-7.874
-23.419	-7.913
-23.525	-7.973
-23.810	-8.134
-24.205	-8.506
-24.297	-8.837
-24.355	-9.047
-24.511	-9.487
-24.371	-9.739
-24.333	-9.808
-24.282	-9.858
-24.219	-9.904
-23.892	-10.141
-23.580	-9.550
-23.513	-9.320
-23.451	-9.109
-23.394	-8.896
-23.358	-8.679
-23.343	-8.586
-23.299	-7.929
-23.482	-7.880
-23.534	-7.866
-23.594	-7.905
-23.630	-7.935
-23.938	-8.186
-23.729	-8.873
-23.599	-9.151
-23.283	-9.829
-22.815	-10.448
-22.937	-11.237
-22.966	-11.426
-23.033	-11.620
-23.203	-11.725
-23.634	-11.993
-23.862	-11.482
-23.864	-11.119
-23.865	-10.929
-23.824	-10.722
-23.748	-10.548
-23.430	-9.822
-23.262	-9.720
-22.708	-9.004
POLYLINE BLACK
-8.087	-12.838
-8.027	-12.769
-7.981	-12.730
-7.944	-12.649
-7.913	-12.579
-7.877	-12.477
-7.873	-12.396
-7.871	-12.321
-7.866	-12.243
-7.879	-12.169
-7.969	-11.659
-8.269	-11.255
-8.532	-10.806
-8.977	-10.045
-9.106	-9.797
-9.600	-9.227
-9.629	-9.194
-9.669	-9.170
-9.703	-9.142
POLYLINE BLACK
-8.729	-8.801
-8.591	-8.950
-8.445	-9.091
-8.315	-9.247
-8.263	-9.309
-8.227	-9.382
-8.187	-9.452
-8.065	-9.663
-7.958	-9.882
-7.830	-10.089
-7.761	-10.203
-7.645	-10.342
-7.517	-10.404
-7.372	-10.473
-7.220	-10.468
-7.069	-10.424
-7.032	-10.414
-6.975	-10.389
-6.942	-10.362
-6.894	-10.325
-6.858	-10.274
-6.830	-10.220
-6.665	-9.917
-6.592	-9.212
-6.565	-9.112
-6.520	-8.943
-6.406	-8.775
-6.344	-8.607
-6.333	-8.575
-6.292	-8.380
-6.284	-8.356
-6.268	-8.303
-6.244	-8.253
-6.223	-8.202
POLYLINE BLACK
-10.379	-6.799
-10.356	-6.724
-10.337	-6.647
-10.274	-6.594
-10.209	-6.540
-10.154	-6.505
-10.077	-6.472
-10.013	-6.444
-9.857	-6.404
-9.809	-6.463
-9.748	-6.539
-9.801	-6.779
-9.808	-6.809
-9.856	-7.006
-9.931	-7.196
-9.986	-7.391
-9.994	-7.422
-9.995	-7.455
-9.997	-7.487
-9.998	-7.527
-9.992	-7.571
-9.968	-7.605
-9.915	-7.682
-9.823	-7.652
-9.746	-7.627
-9.718	-7.618
-9.690	-7.607
-9.666	-7.591
-9.536	-7.505
-9.425	-7.405
-9.297	-7.321
POLYLINE BLACK
-9.471	-8.104
-9.555	-8.146
-9.679	-8.191
-9.699	-8.300
-9.708	-8.354
-9.685	-8.407
-9.655	-8.450
-9.594	-8.540
-9.489	-8.571
-9.389	-8.526
-9.295	-8.484
-9.236	-8.403
-9.190	-8.314
-9.135	-8.207
-9.167	-8.071
-9.260	-7.995
-9.312	-7.952
-9.379	-7.934
-9.444	-7.925
-9.475	-7.921
-9.509	-7.921
-9.539	-7.929
-9.612	-7.949
-9.650	-8.006
-9.701	-8.060

ELEVATION
STATIONS
0.000	0.000	0
3.566	-0.120	1
2.867	2.212	2
7.790	3.920	3
1.653	3.980	4
1.842	11.040	5
-6.459	15.735	6
-7.754	18.065	7
-6.416	19.430	8
-4.854	19.722	9
-8.035	21.535	10
-12.649	21.085	11
-17.058	25.786	12
-20.698	21.575	13
SHOTS
0.000	0.000	3.624	-0.074
0.000	0.000	3.597	-0.071
0.000	0.000	3.903	-0.064
0.000	0.000	3.566	-0.120
3.566	-0.120	4.788	-0.093
3.566	-0.120	2.867	2.212
2.867	2.212	7.790	3.920
3.566	-0.120	1.653	3.980
1.653	3.980	2.679	4.081
1.653	3.980	1.172	-0.387
1.653	3.980	2.269	7.772
1.653	3.980	1.842	11.040
1.842	11.040	2.081	18.081
1.842	11.040	0.561	11.297
1.842	11.040	1.523	10.791
1.842	11.040	7.097	9.446
1.842	11.040	5.150	13.720
1.842	11.040	1.553	10.963
1.842	11.040	2.818	4.098
1.842	11.040	1.202	17.319
1.842	11.040	2.764	5.462
1.842	11.040	-6.459	15.735
-6.459	15.735	-14.733	20.390
-6.459	15.735	-5.286	15.661
-6.459	15.735	-7.754	18.065
-7.754	18.065	-6.981	18.053
-7.754	18.065	-7.442	17.723
-7.754	18.065	-7.654	18.567
-7.754	18.065	-7.594	17.491
-7.754	18.065	-7.451	18.509
-7.754	18.065	-6.379	19.481
-7.754	18.065	-6.416	19.430
-6.416	19.430	-7.338	19.465
-6.416	19.430	-4.854	19.722
-4.854	19.722	-4.692	20.000
-4.854	19.722	-6.269	19.836
-4.854	19.722	-4.789	21.199
-4.854	19.722	-4.983	21.254
-4.854	19.722	-3.015	21.917
-4.854	19.722	-8.035	21.535
-8.035	21.535	-8.049	22.351
-8.035	21.535	-7.878	20.383
-8.035	21.535	-5.227	25.011
-8.035	21.535	-7.245	21.613
-8.035	21.535	-12.142	13.009
-8.035	21.535	-12.649	21.085
-12.649	21.085	-15.715	23.289
-12.649	21.085	-12.954	21.209
-12.649	21.085	-15.141	21.664
-12.649	21.085	-11.545	21.205
-12.649	21.085	-14.525	21.765
-12.649	21.085	-9.139	21.154
-12.649	21.085	-10.308	21.147
-12.649	21.085	-9.014	21.557
-12.649	21.085	-14.133	27.306
-12.649	21.085	-16.184	30.927
-12.649	21.085	-17.128	25.888
-12.649	21.085	-17.058	25.786
-17.058	25.786	-21.696	23.892
-17.058	25.786	-15.986	25.318
-17.058	25.786	-16.168	25.790
-17.058	25.786	-17.439	29.166
-17.058	25.786	-19.515	19.362
-17.058	25.786	-20.642	21.445
-17.058	25.786	-20.698	21.575

