TRIP
DATE 2026-08-26
DECLINATION 0.0
DATA
0		348.19	27.07	1.406	>
0		347.83	27.36	1.407	>
0		347.85	27.56	1.391	>
0	1	347.96	27.33	1.401	>
1		99.83	1.15	1.511	>
1		20.89	-1.22	1.924	>
1		169.27	0.82	1.244	>
1		100.27	66.57	6.647	>
1		99.23	67.00	4.510	>
1		99.42	66.84	4.489	>
1		99.55	66.75	4.468	>
1	2	99.40	66.86	4.489	>
2		169.65	1.10	0.625	>
2		240.23	-8.38	2.585	>
2		286.85	5.25	2.018	>
2		91.26	73.70	2.908	>
2		92.45	73.91	2.924	>
2		92.40	73.82	2.923	>
2	3	92.04	73.81	2.918	>
3		6.06	15.28	0.582	>
3		297.42	-3.15	1.295	>
3		176.45	13.05	1.036	>
3		53.17	38.16	1.918	>
3		178.60	82.05	0.784	>
3		174.90	82.05	0.779	>
3		179.70	82.23	0.779	>
3	4	177.73	82.11	0.781	>

PLAN
STATIONS
0.000	0.000	0
-0.260	1.217	1
1.480	0.929	2
2.294	0.901	3
2.298	0.793	4
SHOTS
0.000	0.000	-0.260	1.217
-0.260	1.217	1.229	0.960
-0.260	1.217	0.426	3.015
-0.260	1.217	-0.028	-0.005
-0.260	1.217	2.341	0.746
-0.260	1.217	1.480	0.929
1.480	0.929	1.593	0.315
1.480	0.929	-0.740	-0.340
1.480	0.929	-0.443	1.512
1.480	0.929	2.294	0.901
2.294	0.901	2.353	1.459
2.294	0.901	1.146	1.496
2.294	0.901	2.356	-0.107
2.294	0.901	3.501	1.804
2.294	0.901	2.298	0.793
POLYLINE BLACK
0.469	3.220
0.469	3.220
POLYLINE BLACK
0.112	1.159
0.049	1.145
-0.093	1.140
-0.143	1.074
-0.201	0.998
-0.032	0.812
-0.028	0.808
0.023	0.734
0.126	0.705
0.208	0.695
0.298	0.685
0.388	0.668
0.479	0.672
0.602	0.677
0.775	0.708
0.901	0.756
0.929	0.767
0.962	0.794
0.981	0.816
1.043	0.888
1.043	0.979
0.964	1.039
0.901	1.086
0.806	1.104
0.730	1.108
0.642	1.112
0.554	1.113
0.467	1.110
0.434	1.110
0.403	1.101
0.371	1.098
0.311	1.094
0.252	1.093
0.192	1.090
POLYLINE BLACK
-0.063	2.324
-0.182	2.346
-0.239	2.349
-0.297	2.234
-0.315	2.198
-0.326	2.160
-0.328	2.119
-0.333	2.032
-0.296	1.956
-0.251	1.882
-0.126	1.677
0.004	1.657
0.236	1.577
0.259	1.569
0.294	1.580
0.313	1.594
0.387	1.648
0.408	1.739
0.370	1.823
0.313	1.948
0.252	2.070
0.185	2.189
0.151	2.248
0.015	2.442
-0.089	2.432
-0.127	2.428
-0.164	2.417
-0.201	2.410
POLYLINE BLACK
0.533	2.438
0.463	2.314
0.443	2.230
0.452	2.083
0.460	1.965
0.477	1.903
0.517	1.800
0.533	1.759
0.563	1.725
0.605	1.710
0.713	1.673
0.805	1.745
0.832	1.851
0.868	1.988
0.743	2.112
0.671	2.206
0.617	2.276
0.546	2.255
0.475	2.238
POLYLINE BLACK
0.066	0.591
0.063	0.613
POLYLINE BLACK
-1.633	0.240
-1.483	0.312
-1.332	0.403
-1.167	0.446
-1.108	0.461
-1.048	0.472
-0.988	0.485
POLYLINE BLACK
-1.310	0.561
-1.206	0.591
-1.103	0.624
-0.999	0.651
-0.948	0.664
-0.835	0.656
-0.824	0.588
-0.816	0.541
-0.854	0.480
-0.872	0.448
-0.932	0.346
-0.997	0.306
-1.092	0.219
POLYLINE BLACK
-1.781	-0.401
-1.755	-0.331
-1.733	-0.259
-1.704	-0.191
-1.694	-0.169
-1.659	-0.084
-1.613	-0.077
-1.545	-0.066
-1.501	-0.183
-1.495	-0.231
-1.492	-0.258
-1.489	-0.284
-1.491	-0.311
-1.510	-0.653
-1.525	-0.438
-1.500	-0.670
POLYLINE BLACK
-1.466	-1.126
-1.528	-1.024
-1.497	-1.082
-1.552	-0.949
POLYLINE BLACK
-3.956	-1.680
-3.957	-1.684
POLYLINE BLACK
-6.105	-1.229
-5.988	-1.252
-5.870	-1.272
-5.753	-1.299
-5.716	-1.307
-5.740	-1.348
-5.755	-1.361
-5.793	-1.393
-5.833	-1.423
-5.874	-1.452
-5.936	-1.496
-6.003	-1.533
-6.065	-1.577
-6.071	-1.582
-6.076	-1.589
-6.079	-1.597
-6.106	-1.665
-5.934	-1.705
-5.895	-1.706
-5.832	-1.707
-5.768	-1.711
-5.705	-1.702
-5.649	-1.694
-5.595	-1.670
-5.540	-1.654
POLYLINE BLACK
-5.564	-1.346
-5.522	-1.335
-5.479	-1.327
-5.438	-1.313
-5.413	-1.305
-5.390	-1.290
-5.366	-1.278
-5.358	-1.275
-5.351	-1.270
-5.343	-1.268
-5.280	-1.249
-5.256	-1.348
-5.248	-1.386
-5.242	-1.417
-5.241	-1.449
-5.237	-1.481
-5.235	-1.496
-5.237	-1.514
-5.228	-1.527
-5.224	-1.533
-5.214	-1.524
-5.207	-1.523
-5.169	-1.461
-5.132	-1.398
-5.091	-1.337
-5.061	-1.291
-4.994	-1.305
-4.954	-1.324
-4.855	-1.371
-4.787	-1.520
-4.790	-1.624
-4.791	-1.660
-4.795	-1.696
-4.797	-1.732
POLYLINE BLACK
-5.224	-1.532
-4.649	-1.482
-4.868	-1.525
-4.559	-1.455
POLYLINE BLACK
-4.409	-1.345
-4.403	-1.454
-4.399	-1.565
-4.390	-1.674
-4.387	-1.707
-4.344	-1.717
-4.319	-1.713
-4.257	-1.703
-4.195	-1.673
-4.147	-1.633
-4.127	-1.617
-4.111	-1.597
-4.092	-1.581
-4.084	-1.574
-4.075	-1.569
-4.066	-1.565
-3.999	-1.533
-3.925	-1.563
-3.851	-1.543
-3.745	-1.513
-3.711	-1.408
-3.736	-1.306
-3.746	-1.263
-3.762	-1.223
-3.774	-1.181
POLYLINE BLACK
-3.456	-1.211
-3.490	-1.276
-3.517	-1.312
-3.528	-1.381
-3.533	-1.405
-3.537	-1.478
-3.534	-1.454
-3.523	-1.385
-3.519	-1.314
-3.507	-1.245
-3.500	-1.210
-3.473	-1.100
-3.430	-1.081
-3.378	-1.057
-3.319	-1.195
-3.309	-1.226
-3.286	-1.301
-3.299	-1.501
-3.298	-1.510
-3.292	-1.559
-3.268	-1.604
-3.253	-1.651
POLYLINE BLACK
-3.552	-1.358
-3.183	-1.315
POLYLINE BLACK
-2.896	-0.991
-2.819	-1.001
-2.938	-1.270
-2.908	-1.351
-2.883	-1.420
-2.796	-1.456
-2.727	-1.452
-2.720	-1.452
-2.714	-1.450
-2.708	-1.448
-2.673	-1.436
-2.638	-1.423
-2.603	-1.410
POLYLINE BLACK
-2.410	-1.070
-2.339	-1.520
-2.374	-1.320
-2.310	-1.669
POLYLINE BLACK
-1.777	-1.065
-1.911	-1.124
-2.048	-1.179
-2.180	-1.243
-2.216	-1.260
-2.250	-1.283
-2.281	-1.309
-2.299	-1.323
-2.273	-1.343
-2.264	-1.346
-2.123	-1.389
-1.980	-1.423
-1.839	-1.464
-1.829	-1.468
-1.814	-1.484
-1.809	-1.493
-1.778	-1.554
-1.844	-1.644
-1.878	-1.685
-1.960	-1.782
-2.015	-1.781
-2.154	-1.848
POLYLINE BLACK
-1.566	-1.172
-1.579	-1.253
-1.595	-1.334
-1.606	-1.415
-1.629	-1.590
-1.497	-1.507
-1.429	-1.430
-1.360	-1.351
-1.338	-1.273
-1.289	-1.171
POLYLINE BLACK
-1.410	-1.628
-1.347	-1.719
POLYLINE BLACK
-1.127	-1.272
-1.161	-1.360
-1.197	-1.447
-1.227	-1.536
-1.262	-1.639
-1.179	-1.732
-1.072	-1.702
-0.939	-1.665
-0.797	-1.502
-0.772	-1.366
-0.742	-1.211
-0.902	-1.089
-1.046	-1.151
-1.172	-1.206
-1.223	-1.268
-1.303	-1.371
POLYLINE BLACK
-6.658	-2.893
-6.401	-2.831
-6.144	-2.765
-5.886	-2.707
-5.820	-2.692
-5.865	-2.753
-5.880	-2.768
-5.920	-2.804
-5.960	-2.840
-6.002	-2.873
-6.061	-2.920
-6.125	-2.961
-6.185	-3.008
-6.195	-3.016
-6.206	-3.035
-6.208	-3.049
-6.217	-3.116
-6.101	-3.149
-6.053	-3.139
-5.960	-3.121
-5.868	-3.096
-5.775	-3.075
POLYLINE BLACK
-4.992	-2.590
-4.935	-2.823
-4.909	-3.049
-4.929	-3.286
POLYLINE BLACK
-5.130	-2.520
-4.933	-2.531
-4.749	-2.432
-4.553	-2.439
-4.523	-2.440
-4.463	-2.448
-4.456	-2.488
-4.449	-2.529
-4.492	-2.580
-4.521	-2.601
-4.738	-2.764
-4.799	-2.751
-5.087	-2.807
POLYLINE BLACK
-4.232	-2.592
-4.240	-2.764
-4.249	-2.935
-4.257	-3.107
-4.267	-3.153
-4.268	-3.202
-4.287	-3.244
-4.294	-3.259
-4.294	-3.213
-4.296	-3.197
-4.318	-3.027
-4.356	-2.896
-4.329	-2.736
-4.322	-2.695
-4.312	-2.654
-4.299	-2.614
-4.284	-2.567
-4.216	-2.446
-4.151	-2.505
-4.116	-2.537
-4.098	-2.591
-4.097	-2.637
-4.094	-2.740
-4.160	-2.847
-4.228	-2.919
-4.288	-2.979
-4.348	-3.038
-4.408	-3.097
-4.406	-3.104
-4.407	-3.114
-4.401	-3.116
-4.388	-3.120
-4.374	-3.114
-4.361	-3.112
-4.287	-3.101
-4.214	-3.085
-4.140	-3.077
-4.098	-3.072
-4.061	-3.083
-4.021	-3.094
-4.006	-3.098
-3.991	-3.105
-3.975	-3.108
-3.965	-3.109
-3.955	-3.105
-3.945	-3.104
POLYLINE BLACK
-3.754	-2.421
-3.673	-2.443
-3.592	-2.466
-3.511	-2.488
-3.507	-2.492
-3.502	-2.495
-3.499	-2.500
-3.489	-2.520
-3.508	-2.552
-3.521	-2.566
-3.953	-3.023
-3.512	-2.549
-3.871	-2.905
-3.893	-2.927
-3.875	-2.950
-3.853	-2.959
-3.842	-2.964
-3.829	-2.967
-3.817	-2.970
-3.719	-2.995
-3.620	-3.018
-3.522	-3.042
POLYLINE BLACK
-3.225	-2.404
-3.272	-2.565
-3.321	-2.725
-3.367	-2.887
-3.394	-2.984
-3.326	-3.027
-3.236	-3.029
-3.207	-3.029
-3.163	-3.022
-3.136	-3.010
-3.036	-2.963
-2.937	-2.911
-2.838	-2.862
POLYLINE BLACK
-3.364	-2.829
-3.187	-2.796
-3.290	-2.822
-3.058	-2.731
POLYLINE BLACK
-3.321	-2.455
-3.114	-2.488
-3.056	-2.460
-2.841	-2.410
POLYLINE BLACK
-2.631	-2.404
-2.640	-2.509
-2.656	-2.614
-2.657	-2.719
-2.658	-2.729
-2.658	-2.880
-2.612	-2.917
-2.561	-2.958
-2.433	-2.868
-2.416	-2.862
-2.368	-2.842
-2.347	-2.851
-2.294	-2.839
-2.250	-2.828
-2.207	-2.808
-2.169	-2.784
-2.073	-2.724
-2.102	-2.564
-2.135	-2.480
-2.151	-2.443
-2.184	-2.415
-2.209	-2.386
POLYLINE BLACK
-1.902	-2.281
-1.937	-2.405
-2.009	-2.614
-2.010	-2.757
-2.011	-2.814
-1.994	-2.869
-1.986	-2.925
POLYLINE BLACK
-1.707	-2.323
-1.717	-2.436
-1.849	-2.893
-1.567	-2.884
-1.502	-2.882
-1.408	-2.827
-1.371	-2.812
POLYLINE BLACK
-1.783	-2.705
-1.515	-2.699
POLYLINE BLACK
-1.743	-2.326
-1.420	-2.309
POLYLINE BLACK
-1.175	-2.268
-1.179	-2.294
-1.347	-2.605
-1.245	-2.663
-1.229	-2.672
-1.218	-2.671
-1.199	-2.673
-1.128	-2.679
-1.084	-2.677
-1.022	-2.698
-0.992	-2.709
-0.970	-2.727
-0.946	-2.747
-0.928	-2.762
-0.898	-2.807
-0.867	-2.782
-0.847	-2.766
-0.833	-2.719
-0.828	-2.702
-0.797	-2.587
-0.824	-2.526
-0.845	-2.397
POLYLINE BLACK
-0.595	-2.324
-0.612	-2.357
-0.632	-2.389
-0.646	-2.424
-0.688	-2.537
-0.716	-2.812
-0.564	-2.870
-0.471	-2.906
-0.383	-2.867
-0.283	-2.852
POLYLINE BLACK
-0.496	-2.627
-0.350	-2.586
-0.423	-2.612
-0.276	-2.546
POLYLINE BLACK
-0.603	-2.288
-0.360	-2.269
POLYLINE BLACK
-0.045	-2.960
-0.052	-2.904
-0.053	-2.847
-0.065	-2.792
-0.093	-2.656
-0.134	-2.523
-0.165	-2.389
-0.169	-2.371
-0.180	-2.322
-0.168	-2.335
-0.153	-2.354
-0.159	-2.382
-0.152	-2.404
-0.130	-2.474
-0.063	-2.538
0.014	-2.520
0.091	-2.502
0.186	-2.388
0.266	-2.428
0.317	-2.454
0.356	-2.536
0.378	-2.575
0.411	-2.634
0.423	-2.722
0.499	-2.629
0.561	-2.554
0.621	-2.476
0.681	-2.400
POLYLINE BLACK
0.777	29.184
0.778	29.183
POLYLINE BLACK
0.005	0.016
-0.056	0.090
-0.117	0.165
-0.179	0.239
-0.191	0.263
-0.209	0.284
-0.217	0.310
-0.263	0.453
-0.305	0.598
-0.340	0.745
-0.353	0.799
-0.361	0.855
-0.359	0.910
-0.347	1.347
-0.343	1.784
-0.299	2.219
-0.287	2.333
-0.170	2.673
-0.085	2.796
-0.031	2.875
0.192	3.199
0.363	3.235
0.411	3.245
0.463	3.235
0.507	3.216
0.621	3.167
0.651	3.078
0.700	2.973
POLYLINE BLACK
0.026	0.072
0.290	0.101
0.304	0.091
0.570	0.173
0.612	0.186
0.654	0.201
0.690	0.226
0.817	0.314
0.937	0.411
1.056	0.509
1.113	0.556
1.182	0.643
1.215	0.710
1.279	0.839
1.312	0.975
1.331	1.118
1.358	1.323
1.280	1.507
1.208	1.695
1.033	2.154
0.936	2.487
0.715	2.872
0.690	2.915
0.660	2.954
0.633	2.995
POLYLINE BLACK
0.580	0.088
1.247	0.194
1.256	0.133
1.810	0.433
1.900	0.482
2.150	0.647
2.196	0.789
2.216	0.850
2.219	0.928
2.217	0.988
2.204	1.314
1.952	1.613
1.722	1.822
1.570	1.960
1.383	2.084
1.214	2.199
1.112	2.269
1.044	2.295
0.967	2.411
0.945	2.444
0.948	2.488
0.938	2.526
POLYLINE BLACK
0.412	1.435
0.895	1.436
POLYLINE BLACK
-5.848	-4.096
-5.731	-4.069
-5.614	-4.037
-5.496	-4.015
-5.457	-4.008
-5.416	-4.006
-5.376	-4.006
-5.330	-4.006
-5.353	-4.051
-5.368	-4.069
-5.434	-4.144
-5.512	-4.204
-5.560	-4.293
-5.609	-4.382
-5.568	-4.412
-5.477	-4.423
-5.456	-4.426
-5.404	-4.426
-5.379	-4.418
-5.353	-4.408
-5.328	-4.395
-5.303	-4.383
POLYLINE BLACK
-4.155	-3.826
-4.152	-3.826
POLYLINE BLACK
-4.210	-4.018
-4.062	-4.547
POLYLINE BLACK
-4.411	-4.019
-4.284	-3.971
-4.096	-3.825
-3.933	-3.867
-3.859	-3.886
-3.797	-3.941
-3.746	-3.995
-3.695	-4.047
-3.654	-4.121
-3.657	-4.196
-3.661	-4.328
-3.806	-4.426
-3.928	-4.428
-3.935	-4.428
-3.941	-4.426
-3.948	-4.425
-3.995	-4.413
-4.043	-4.400
-4.090	-4.387
POLYLINE BLACK
-3.394	-3.929
-3.452	-4.056
-3.466	-4.060
-3.488	-4.189
-3.518	-4.369
-3.436	-4.470
-3.259	-4.381
-3.175	-4.338
-3.110	-4.253
-3.075	-4.167
-3.023	-4.039
-3.228	-3.990
-3.316	-4.026
-3.395	-4.058
-3.446	-4.127
-3.503	-4.187
POLYLINE BLACK
-2.672	-3.822
-2.706	-3.990
-2.741	-4.159
-2.774	-4.328
-2.785	-4.388
-2.722	-4.405
-2.676	-4.407
-2.239	-4.431
-2.431	-4.406
-2.241	-4.433
POLYLINE BLACK
-3.041	-4.184
-2.533	-4.137
-2.729	-4.175
-2.448	-4.112
POLYLINE BLACK
-1.910	-3.963
-1.913	-4.062
-1.927	-4.174
-1.883	-4.267
-1.833	-4.372
-1.714	-4.438
-1.600	-4.407
-1.478	-4.373
-1.425	-4.261
-1.380	-4.152
-1.357	-4.095
-1.342	-4.016
-1.360	-3.956
-1.374	-3.905
-1.398	-3.858
-1.416	-3.808
POLYLINE BLACK
-5.315	-5.416
-5.392	-5.430
-5.467	-5.442
-5.528	-5.493
-5.553	-5.513
-5.574	-5.539
-5.589	-5.567
-5.650	-5.686
-5.629	-5.761
-5.509	-5.819
-5.484	-5.832
-5.445	-5.843
-5.417	-5.843
-5.389	-5.843
-5.361	-5.841
-5.334	-5.836
-5.273	-5.825
-5.171	-5.770
-5.110	-5.827
-5.012	-5.920
-5.173	-6.047
-5.265	-6.050
-5.271	-6.050
-5.278	-6.048
-5.284	-6.045
-5.338	-6.021
-5.392	-5.995
-5.446	-5.970
POLYLINE BLACK
-4.861	-5.448
-4.876	-5.487
-4.895	-5.525
-4.908	-5.566
-4.916	-5.595
-4.922	-5.625
-4.924	-5.656
-4.930	-5.758
-4.938	-5.885
-4.836	-5.944
-4.727	-6.008
-4.589	-5.936
-4.492	-5.883
POLYLINE BLACK
-5.188	-5.741
-4.889	-5.642
-5.030	-5.704
-4.765	-5.559
POLYLINE BLACK
-4.286	-5.221
-4.246	-5.330
-4.209	-5.440
-4.165	-5.548
-4.152	-5.580
-4.110	-5.544
-4.102	-5.532
-4.008	-5.387
-3.919	-5.238
-3.827	-5.092
POLYLINE BLACK
-4.098	-5.547
-4.077	-5.939
POLYLINE BLACK
-3.377	-5.243
-3.412	-5.257
-3.448	-5.268
-3.480	-5.285
-3.628	-5.366
-3.732	-5.507
-3.763	-5.671
-3.771	-5.716
-3.773	-5.771
-3.752	-5.813
-3.683	-5.949
-3.433	-5.914
-3.330	-5.854
-3.288	-5.829
-3.250	-5.799
-3.209	-5.771
POLYLINE BLACK
-2.993	-5.105
-2.998	-5.198
-3.003	-5.292
-3.008	-5.385
-3.020	-5.474
-3.038	-5.562
-3.045	-5.651
-3.049	-5.696
-3.049	-5.742
-3.040	-5.785
-3.032	-5.825
-3.009	-5.860
-2.993	-5.897
POLYLINE BLACK
-2.704	-5.130
-2.706	-5.867
POLYLINE BLACK
-3.040	-5.513
-2.697	-5.464
POLYLINE BLACK
-2.368	-5.098
-2.396	-5.139
-2.478	-5.246
-2.494	-5.315
-2.520	-5.427
-2.527	-5.551
-2.516	-5.664
-2.511	-5.712
-2.497	-5.758
-2.485	-5.804
-2.476	-5.840
-2.436	-5.846
-2.415	-5.814
-2.305	-5.650
-2.205	-5.479
-2.093	-5.316
-2.087	-5.307
-2.017	-5.212
-1.974	-5.217
-1.947	-5.220
-1.935	-5.257
-1.930	-5.278
-1.920	-5.324
-1.907	-5.369
-1.903	-5.416
-1.885	-5.616
-1.876	-5.816
-1.863	-6.015
POLYLINE BLACK
-2.409	-5.769
-2.069	-5.735
POLYLINE BLACK
-1.237	-5.271
-1.283	-5.296
-1.332	-5.318
-1.376	-5.346
-1.421	-5.376
-1.477	-5.426
-1.508	-5.474
-1.594	-5.607
-1.654	-5.811
-1.510	-5.926
-1.476	-5.954
-1.397	-6.006
-1.349	-6.000
-1.291	-5.993
-1.234	-5.979
-1.176	-5.968
POLYLINE BLACK
-1.505	-5.134
-1.256	-4.947
POLYLINE BLACK
-0.052	-5.142
0.066	-5.254
-0.272	-5.654
-0.108	-5.810
-0.018	-5.895
0.210	-5.853
0.309	-5.843
POLYLINE BLACK
-0.185	-5.594
-0.064	-5.599
-0.051	-5.609
0.052	-5.588
0.059	-5.587
0.064	-5.583
0.070	-5.579
0.099	-5.560
0.128	-5.541
0.157	-5.522
POLYLINE BLACK
-0.189	-5.243
0.223	-5.233
POLYLINE BLACK
0.619	-5.134
0.629	-5.254
0.635	-5.373
0.648	-5.492
0.651	-5.517
0.666	-5.595
0.699	-5.615
0.722	-5.629
0.747	-5.612
0.765	-5.598
0.880	-5.508
0.995	-5.416
1.110	-5.324
POLYLINE BLACK
0.827	-5.625
0.900	-5.714
0.934	-5.794
0.969	-5.897
POLYLINE BLACK
1.522	-5.049
1.548	-5.379
1.560	-5.449
1.660	-5.702
POLYLINE BLACK
2.352	-5.289
2.364	-5.976
POLYLINE BLACK
2.004	-4.975
2.081	-4.978
2.159	-4.973
2.236	-4.982
2.318	-4.992
2.558	-5.030
2.626	-5.116
2.645	-5.140
2.656	-5.171
2.657	-5.202
2.660	-5.306
2.595	-5.393
2.493	-5.420
2.450	-5.431
2.404	-5.414
2.362	-5.404
POLYLINE BLACK
3.031	-5.192
3.030	-5.268
3.039	-5.345
3.029	-5.420
3.016	-5.519
2.983	-5.613
2.963	-5.710
2.961	-5.721
2.962	-5.733
2.963	-5.744
2.974	-5.837
3.094	-5.871
3.172	-5.873
3.245	-5.875
3.319	-5.881
3.390	-5.869
3.466	-5.856
3.536	-5.823
3.609	-5.800
POLYLINE BLACK
2.881	-5.671
3.227	-5.639
3.152	-5.657
3.449	-5.526
POLYLINE BLACK
2.857	-5.173
3.436	-5.163
3.192	-5.194
3.594	-5.120
POLYLINE BLACK
3.479	-5.962
3.401	-5.965
3.219	-5.940
3.152	-6.022
3.137	-6.041
3.130	-6.066
3.129	-6.090
3.127	-6.205
3.202	-6.265
3.280	-6.337
POLYLINE BLACK
-5.581	-7.104
-5.463	-7.092
-5.344	-7.077
-5.226	-7.069
-5.178	-7.066
-5.198	-7.137
-5.208	-7.156
-5.233	-7.205
-5.257	-7.255
-5.286	-7.301
-5.324	-7.362
-5.371	-7.416
-5.409	-7.476
-5.432	-7.511
-5.394	-7.536
-5.364	-7.538
-5.271	-7.544
-5.178	-7.548
-5.085	-7.553
POLYLINE BLACK
-4.132	-6.910
-4.121	-7.090
-4.113	-7.271
-4.101	-7.452
-4.095	-7.541
-4.010	-7.513
-3.966	-7.473
-3.883	-7.397
-3.832	-7.291
-3.761	-7.207
-3.719	-7.157
-3.670	-7.112
-3.621	-7.069
-3.597	-7.048
-3.569	-7.033
-3.542	-7.016
POLYLINE BLACK
-3.965	-7.527
-3.932	-7.528
-3.900	-7.527
-3.867	-7.530
-3.813	-7.535
-3.665	-7.676
-3.642	-7.695
POLYLINE BLACK
-3.436	-7.200
-3.414	-7.294
-3.395	-7.390
-3.369	-7.483
-3.360	-7.515
-3.337	-7.555
-3.316	-7.581
-3.240	-7.673
-3.124	-7.638
-3.048	-7.565
-2.978	-7.498
-2.944	-7.409
-2.935	-7.313
-2.920	-7.164
-3.071	-7.083
-3.192	-7.167
-3.283	-7.230
-3.305	-7.331
-3.342	-7.430
POLYLINE BLACK
-2.675	-7.777
-2.655	-7.740
-2.629	-7.706
-2.615	-7.667
-2.571	-7.540
-2.544	-7.409
-2.502	-7.281
-2.491	-7.248
-2.441	-7.298
-2.437	-7.302
-2.367	-7.377
-2.302	-7.479
-2.192	-7.494
-2.065	-7.511
-1.912	-7.452
-1.898	-7.308
-1.887	-7.188
-1.910	-7.129
-1.944	-7.010
POLYLINE BLACK
-2.252	-7.004
-2.107	-6.823
POLYLINE BLACK
-1.282	-7.132
-1.331	-7.153
-1.382	-7.169
-1.428	-7.195
-1.533	-7.254
-1.772	-7.413
-1.684	-7.574
-1.646	-7.642
-1.537	-7.713
-1.464	-7.729
-1.380	-7.746
-1.295	-7.750
-1.210	-7.761
POLYLINE BLACK
-0.810	-7.287
-0.847	-7.406
-0.890	-7.524
-0.921	-7.645
-0.934	-7.695
-0.937	-7.747
-0.941	-7.798
-0.944	-7.828
-0.920	-7.835
-0.900	-7.815
-0.866	-7.780
-0.832	-7.746
-0.803	-7.707
-0.774	-7.668
-0.748	-7.625
-0.725	-7.582
-0.706	-7.547
-0.649	-7.369
-0.576	-7.300
-0.520	-7.249
-0.410	-7.274
-0.370	-7.334
-0.346	-7.370
-0.323	-7.476
-0.321	-7.484
-0.277	-7.782
-0.282	-7.750
-0.295	-7.964
POLYLINE BLACK
-0.690	-7.406
-0.242	-7.543
-0.460	-7.500
-0.036	-7.548
POLYLINE BLACK
1.549	-7.253
1.510	-7.235
1.471	-7.214
1.431	-7.199
1.340	-7.164
1.234	-7.208
1.155	-7.247
1.094	-7.276
1.043	-7.321
1.008	-7.379
0.929	-7.509
0.882	-7.787
1.092	-7.821
1.186	-7.836
1.269	-7.769
1.263	-7.669
1.263	-7.656
1.261	-7.643
1.258	-7.630
1.250	-7.601
1.215	-7.554
1.247	-7.526
1.293	-7.486
1.494	-7.512
1.508	-7.512
POLYLINE BLACK
1.963	-7.172
1.946	-7.294
1.924	-7.415
1.912	-7.537
1.911	-7.549
1.927	-7.519
1.931	-7.508
1.967	-7.414
1.994	-7.318
2.030	-7.224
2.032	-7.218
2.039	-7.214
2.045	-7.211
2.089	-7.191
2.145	-7.284
2.157	-7.302
2.176	-7.332
2.206	-7.394
2.210	-7.431
2.233	-7.654
2.231	-7.630
2.216	-7.776
POLYLINE BLACK
1.814	-7.334
1.903	-7.321
2.037	-7.287
2.139	-7.303
2.181	-7.310
2.222	-7.324
2.264	-7.334
POLYLINE BLACK
2.630	-6.974
2.606	-7.154
2.583	-7.333
2.559	-7.513
2.560	-7.528
2.560	-7.544
2.562	-7.559
2.567	-7.587
2.580	-7.624
2.604	-7.642
2.700	-7.716
2.770	-7.722
2.891	-7.748
POLYLINE BLACK
3.149	-7.002
3.144	-7.218
3.135	-7.434
3.133	-7.649
3.133	-7.665
3.138	-7.680
3.142	-7.694
3.175	-7.809
3.327	-7.810
3.417	-7.771
3.472	-7.747
3.507	-7.697
3.545	-7.652
POLYLINE BLACK
3.053	-7.503
3.187	-7.513
3.248	-7.530
3.369	-7.506
3.404	-7.499
3.436	-7.486
3.470	-7.475
POLYLINE BLACK
3.103	-6.952
3.467	-6.977
POLYLINE BLACK
3.719	-7.035
3.715	-7.217
3.718	-7.399
3.708	-7.581
3.706	-7.624
3.696	-7.667
3.685	-7.708
3.679	-7.732
3.666	-7.741
3.647	-7.724
3.587	-7.670
3.548	-7.478
3.541	-7.416
3.531	-7.330
3.489	-7.122
3.569	-7.022
3.618	-6.961
3.751	-6.909
3.797	-7.002
3.831	-7.071
3.806	-7.134
3.776	-7.200
3.754	-7.250
3.730	-7.298
3.710	-7.348
3.669	-7.448
3.729	-7.544
3.800	-7.613
3.851	-7.662
3.985	-7.729
4.011	-7.743
POLYLINE BLACK
4.276	-7.042
4.258	-7.795
POLYLINE BLACK
4.607	-6.979
4.500	-7.417
4.538	-7.175
4.517	-7.708
POLYLINE BLACK
-4.553	-8.297
-4.605	-8.333
-4.660	-8.365
-4.709	-8.404
-4.827	-8.497
-4.915	-8.640
-4.939	-8.788
-4.944	-8.817
-4.957	-8.924
-4.943	-8.966
-4.931	-9.004
-4.910	-9.039
-4.893	-9.075
POLYLINE BLACK
-4.182	-8.635
-4.184	-8.709
-4.211	-8.909
-4.146	-8.972
-4.107	-9.010
-3.984	-8.969
-3.964	-8.968
-3.924	-8.966
-3.884	-8.970
-3.844	-8.973
-3.777	-8.979
-3.739	-8.994
-3.677	-8.971
-3.638	-8.957
-3.610	-8.923
-3.596	-8.885
-3.564	-8.800
-3.550	-8.694
-3.583	-8.608
-3.596	-8.572
-3.613	-8.538
-3.628	-8.504
POLYLINE BLACK
-3.202	-8.501
-3.202	-8.676
-3.217	-8.765
-3.183	-8.916
-3.173	-8.960
-3.158	-9.002
-3.146	-9.046
POLYLINE BLACK
-2.748	-8.321
-2.693	-8.329
-2.918	-8.963
-2.677	-9.000
-2.571	-9.016
-2.412	-8.935
-2.314	-8.896
POLYLINE BLACK
-2.766	-8.753
-2.663	-8.726
-2.562	-8.710
-2.461	-8.680
POLYLINE BLACK
-2.760	-8.548
-2.181	-8.440
POLYLINE BLACK
-1.869	-8.429
-1.870	-8.522
-1.871	-8.615
-1.873	-8.709
-1.868	-8.754
-1.856	-8.799
-1.858	-8.845
-1.858	-8.858
-1.872	-8.821
-1.876	-8.808
-1.903	-8.720
-1.928	-8.631
-1.951	-8.541
-1.975	-8.446
-1.921	-8.394
-1.825	-8.402
-1.722	-8.411
-1.628	-8.487
-1.672	-8.597
-1.707	-8.685
-1.834	-8.770
-1.778	-8.878
-1.739	-8.952
-1.584	-8.975
-1.545	-8.990
POLYLINE BLACK
-0.911	-8.362
-0.975	-8.389
-1.042	-8.410
-1.104	-8.441
-1.214	-8.497
-1.394	-8.623
-1.384	-8.771
-1.380	-8.834
-1.307	-8.879
-1.259	-8.903
-1.128	-8.969
-1.021	-8.978
-0.882	-8.962
POLYLINE BLACK
-0.487	-8.479
-0.633	-8.601
-0.743	-8.730
-0.772	-8.921
-0.778	-8.960
-0.764	-9.006
-0.736	-9.034
-0.659	-9.112
-0.521	-9.115
-0.424	-9.114
-0.277	-9.112
-0.210	-9.091
-0.085	-9.034
POLYLINE BLACK
-0.528	-8.826
-0.179	-8.722
POLYLINE BLACK
-0.592	-8.465
0.057	-8.338
-0.190	-8.362
0.141	-8.337
POLYLINE BLACK
0.372	-9.114
0.673	-9.542
0.455	-8.429
0.589	-8.619
0.685	-8.755
0.656	-8.748
0.764	-8.848
0.874	-8.949
1.015	-8.984
1.059	-8.809
1.091	-8.684
1.113	-8.557
1.139	-8.430
POLYLINE BLACK
1.609	-8.421
1.596	-8.461
1.524	-8.630
1.531	-8.707
1.537	-8.766
1.557	-8.823
1.570	-8.881
POLYLINE BLACK
2.054	-8.361
2.032	-8.469
2.006	-8.576
1.987	-8.685
1.984	-8.705
1.985	-8.726
1.986	-8.746
1.996	-8.883
2.080	-8.891
2.209	-8.878
2.289	-8.870
2.367	-8.853
2.446	-8.841
POLYLINE BLACK
2.004	-8.704
2.152	-8.688
2.075	-8.713
2.224	-8.605
POLYLINE BLACK
2.156	-8.308
2.374	-8.248
2.242	-8.273
2.557	-8.264
POLYLINE BLACK
3.171	-8.194
3.199	-8.245
3.233	-8.294
3.255	-8.348
3.366	-8.622
3.471	-8.926
3.401	-9.225
3.386	-9.286
3.349	-9.386
3.277	-9.404
3.271	-9.406
3.264	-9.404
3.258	-9.403
3.230	-9.400
3.203	-9.396
3.175	-9.392
POLYLINE BLACK
-5.372	-10.239
-5.333	-10.357
-5.359	-10.297
-5.293	-10.417
POLYLINE BLACK
2.161	1.572
2.283	1.563
2.405	1.554
2.527	1.545
2.557	1.549
2.588	1.546
2.616	1.556
3.149	1.732
2.755	1.633
3.303	1.858
3.584	1.939
3.460	1.892
3.679	1.989
POLYLINE BLACK
0.888	0.142
1.018	0.146
1.390	0.184
1.573	0.130
1.740	0.081
1.902	0.018
2.064	-0.046
2.141	-0.077
2.211	-0.121
2.287	-0.155
2.353	-0.184
2.449	-0.184
2.512	-0.191
POLYLINE BLACK
2.251	1.521
2.079	1.546
1.936	1.640
1.797	1.737

ELEVATION
STATIONS
0.000	0.000	0
-0.260	0.643	1
1.480	4.771	2
2.294	7.574	3
2.298	8.347	4
SHOTS
0.000	0.000	-0.260	0.643
-0.260	0.643	1.229	0.674
-0.260	0.643	0.426	0.602
-0.260	0.643	-0.028	0.661
-0.260	0.643	2.341	6.742
-0.260	0.643	1.480	4.771
1.480	4.771	1.593	4.783
1.480	4.771	-0.740	4.395
1.480	4.771	-0.443	4.956
1.480	4.771	2.294	7.574
2.294	7.574	2.353	7.727
2.294	7.574	1.146	7.503
2.294	7.574	2.356	7.808
2.294	7.574	3.501	8.759
2.294	7.574	2.298	8.347
POLYLINE BLACK
-0.420	0.001
-0.433	0.044
-0.495	0.202
-0.491	0.278
-0.479	0.536
-0.459	0.553
-0.392	0.801
POLYLINE BLACK
1.734	4.528
1.586	3.589
1.543	3.472
1.504	2.423
1.488	1.991
1.522	1.557
1.502	1.126
1.497	1.005
1.458	0.634
1.377	0.444
1.336	0.346
1.174	0.134
1.145	0.099
1.127	0.077
1.098	0.067
1.074	0.051
POLYLINE BLACK
-0.156	-0.143
-0.180	-0.120
-0.204	-0.097
-0.228	-0.074
-0.236	-0.072
-0.243	-0.067
-0.250	-0.069
-0.268	-0.075
-0.273	-0.109
-0.275	-0.120
-0.283	-0.192
-0.263	-0.251
-0.220	-0.308
-0.145	-0.409
-0.047	-0.435
0.074	-0.455
0.143	-0.466
0.194	-0.463
0.261	-0.451
0.318	-0.440
0.381	-0.388
0.393	-0.329
0.399	-0.301
0.387	-0.273
0.368	-0.252
0.286	-0.164
0.134	-0.200
0.034	-0.191
-0.030	-0.185
-0.187	-0.127
-0.227	-0.114
POLYLINE BLACK
0.384	0.394
0.261	0.458
0.132	0.506
-0.007	0.476
-0.169	0.442
-0.139	0.199
-0.038	0.117
0.062	0.038
0.213	0.044
0.330	0.069
0.391	0.082
0.465	0.108
0.502	0.162
0.567	0.256
0.524	0.409
0.436	0.473
0.388	0.509
0.316	0.528
0.257	0.514
0.232	0.509
0.209	0.498
0.186	0.490
POLYLINE BLACK
0.918	0.381
0.871	0.351
0.822	0.323
0.777	0.291
0.649	0.199
0.653	-0.055
0.767	-0.153
0.788	-0.171
0.820	-0.190
0.850	-0.187
0.886	-0.184
0.907	-0.146
0.918	-0.116
0.966	0.023
0.977	0.185
0.898	0.315
0.863	0.372
0.800	0.380
0.739	0.409
POLYLINE BLACK
0.110	-1.319
0.143	-1.272
0.173	-1.223
0.208	-1.178
0.249	-1.127
0.352	-1.038
0.427	-1.054
0.509	-1.071
0.527	-1.243
0.510	-1.306
0.489	-1.383
0.427	-1.442
0.362	-1.483
0.328	-1.505
0.307	-1.505
0.285	-1.531
0.241	-1.584
0.269	-1.676
0.275	-1.732
POLYLINE BLACK
0.205	-2.082
0.205	-2.102
POLYLINE BLACK
-0.463	5.140
-0.533	4.998
-0.598	4.853
-0.672	4.713
-0.729	4.607
-0.786	4.580
-0.802	4.454
-0.822	4.292
-0.650	4.037
-0.633	3.961
-0.558	3.630
-0.513	3.293
-0.478	2.955
-0.453	2.702
-0.453	2.447
-0.452	2.193
-0.448	0.818
-0.396	1.194
-0.507	0.534
POLYLINE BLACK
2.417	7.534
2.439	7.494
2.464	7.456
2.483	7.415
2.585	7.186
2.518	6.862
2.445	6.634
2.338	6.300
2.230	5.966
2.118	5.633
2.087	5.539
2.043	5.450
2.015	5.356
1.786	4.576
2.078	5.330
1.736	4.447
1.718	4.400
1.686	4.363
1.651	4.327
1.647	4.322
1.642	4.318
1.636	4.315
1.593	4.294
1.550	4.275
1.507	4.256
POLYLINE BLACK
-0.410	5.313
-0.186	5.722
0.037	6.130
0.261	6.539
0.351	6.703
0.433	6.873
0.531	7.033
0.618	7.175
0.812	7.362
0.907	7.484
1.023	7.632
1.076	7.836
1.140	8.000
POLYLINE BLACK
1.055	8.014
1.173	8.153
1.331	8.256
1.505	8.312
1.596	8.342
1.692	8.354
1.781	8.391
1.933	8.453
2.125	8.534
2.256	8.656
2.285	8.683
2.313	8.712
2.337	8.744
2.363	8.779
2.385	8.817
2.404	8.856
2.538	9.134
2.656	9.420
2.797	9.694
3.476	11.016
2.798	9.563
3.166	10.364
POLYLINE BLACK
2.465	7.558
2.707	7.741
2.682	7.749
2.945	7.855
2.987	7.871
3.030	7.888
3.075	7.892
5.271	8.069
4.349	7.892
5.125	8.046
POLYLINE BLACK
1.753	8.544
1.490	8.472
1.242	8.369
1.032	8.193
0.962	8.135
0.900	8.068
0.832	8.008
0.822	7.999
0.802	7.991
0.788	7.989
0.700	7.973
0.586	8.084
0.552	8.155
0.529	8.205
0.507	8.256
0.491	8.309
0.389	8.639
0.192	9.113
0.463	9.430
0.516	9.492
0.584	9.543
0.664	9.566
0.853	9.620
0.979	9.583
1.155	9.505
1.448	9.375
1.742	9.244
2.033	9.109
2.048	9.102
2.060	9.090
2.072	9.079
2.223	8.935
2.135	8.688
1.961	8.607
1.806	8.536
1.633	8.556
1.468	8.535
1.425	8.530
1.384	8.516
1.342	8.506
POLYLINE BLACK
0.600	7.987
0.481	8.026
0.286	8.111
0.171	8.001
0.131	7.963
0.124	7.902
0.128	7.850
0.138	7.746
0.162	7.645
0.224	7.559
0.294	7.460
0.395	7.410
0.513	7.386
0.558	7.376
0.637	7.367
0.688	7.377
0.723	7.384
0.757	7.394
0.791	7.407
1.013	7.491
1.042	7.640
1.110	7.863
1.130	7.929
1.074	8.001
1.022	8.032
0.903	8.101
0.747	8.043
0.629	8.017
POLYLINE BLACK
2.460	9.362
2.471	9.422
2.488	9.468
2.479	9.526
2.454	9.712
2.278	9.833
2.095	9.820
1.933	9.808
1.805	9.715
1.805	9.546
1.805	9.506
1.811	9.438
1.828	9.398
1.883	9.277
1.923	9.202
2.006	9.103
2.067	9.031
2.178	9.001
2.268	8.995
2.423	8.985
2.540	9.131
2.547	9.277
2.550	9.357
2.529	9.434
2.489	9.504
2.422	9.622
2.355	9.651
2.235	9.695

