TRIP
DATE 2025-08-24
DECLINATION 0.0
DATA
0		155.04	10.26	4.484	>
0		208.27	5.31	6.570	>
0		330.36	4.29	8.912	>
0		352.03	4.07	14.193	>
0		10.83	3.82	1.287	>
0		12.84	7.87	9.628	>
0		9.39	2.30	6.884	>
0		332.62	-11.22	8.250	>
0		319.67	-25.29	8.696	>
0		319.66	-25.40	8.690	>
0		319.68	-25.36	8.691	>
0	1	319.67	-25.35	8.692	>
1		271.54	-43.51	7.528	>
1		271.34	-43.47	7.541	>
1		271.44	-43.36	7.525	>
1	2	271.44	-43.45	7.531	>
2		67.31	-67.68	0.331	>
2		93.83	36.02	2.942	>
2		50.88	-25.89	0.342	>
2		124.50	-14.56	0.447	>
2		113.85	-51.50	0.211	>
2		47.35	-33.59	0.353	>
2		300.28	-34.00	4.229	>
2		300.25	-33.79	4.225	>
2		300.48	-33.75	4.221	>
2	3	300.34	-33.85	4.225	>
3		156.41	-71.74	0.478	>
3		98.08	19.09	1.126	>
3		20.05	-8.79	0.498	>
3		202.62	-0.09	1.095	>
3		119.89	19.10	0.761	>
3		254.82	-15.34	2.392	>
3		254.42	-15.13	2.394	>
3		254.48	-15.29	2.395	>
3	4	254.57	-15.25	2.394	>
4		180.14	7.33	0.898	>
4		242.31	-2.66	1.003	>
4		315.55	-20.87	0.678	>
4		3.53	-15.95	1.423	>
4		4.63	-19.30	2.167	>
4		35.85	-9.41	2.070	>
4		62.89	4.11	2.283	>
4		105.24	16.35	1.924	>
4		147.15	12.09	1.098	>
4		254.58	-85.03	0.569	>
4		101.11	-5.72	1.292	>
4		87.76	24.71	0.877	>
4		3.94	-22.99	2.290	>
4		4.22	-23.04	2.291	>
4		4.17	-23.13	2.299	>
4	5	4.11	-23.05	2.293	>
5		135.79	17.03	0.793	>
5		159.33	13.67	0.731	>
5		183.27	12.32	0.852	>
5		208.08	66.79	0.382	>
5		230.27	22.75	0.366	>
5		181.09	-50.34	0.363	>
5		308.36	-20.32	1.142	>
5		289.81	-18.01	1.328	>
5		304.54	-5.97	1.268	>
5		305.54	-6.19	1.737	>
5		305.58	-6.23	1.739	>
5		305.51	-6.21	1.736	>
5	6	305.54	-6.21	1.737	>
6		80.24	2.93	0.243	>
6		44.74	-34.41	0.595	>
6		11.35	63.28	0.199	>
6		4.60	7.28	1.750	>
6		4.51	6.87	1.789	>
6		4.55	7.21	1.779	>
6	7	0.21	-0.13	2.516	>
7		149.16	-7.09	0.666	>
7		128.61	-14.89	0.561	>
7		64.77	-2.32	0.563	>
7		1.20	23.71	1.668	>
7		16.27	25.73	2.028	>
7		2.63	11.12	0.852	>
7		18.64	-34.54	0.518	>
7		154.57	-60.81	0.598	>
7		89.87	80.94	0.570	>
7		25.02	-80.03	1.521	>
7		343.26	-68.87	2.468	>
7		11.56	-31.33	0.469	>
7		349.27	-72.76	1.162	>
7		350.92	-72.85	1.163	>
7		351.71	-72.99	1.164	>
7	8	350.63	-72.87	1.163	>
8		10.80	86.00	0.797	>
8		43.01	-7.54	0.394	>
8		236.61	21.24	0.625	>
8		202.65	23.86	1.040	>
8		180.48	44.82	0.817	>
8		48.88	5.11	0.395	>
8		346.75	-34.97	1.089	>
8		318.06	-40.36	1.209	>
8		0.89	83.59	0.780	>
8		331.38	5.06	0.762	>
8		335.05	-17.63	2.234	>
8		334.87	-17.62	2.236	>
8		334.53	-17.74	2.235	>
8	9	334.82	-17.66	2.235	>
9		87.26	13.22	0.445	>
9		109.73	15.24	0.908	>
9		130.18	5.72	1.121	>
9		170.94	-1.77	1.346	>
9		198.35	-17.55	1.443	>
9		214.44	-24.91	1.690	>
9		222.60	-29.13	2.337	>
9		243.15	-35.50	4.337	>
9		253.67	-18.37	0.357	>
9		246.32	-32.84	1.300	>
9		148.12	23.54	1.365	>
9		147.49	26.26	1.308	>
9		101.98	36.33	0.856	>
9		56.74	65.64	0.901	>
9		98.06	43.43	1.335	>
9		99.56	43.42	3.678	>
9		99.44	43.56	3.667	>
9		99.44	43.60	3.677	>
9		237.14	-34.74	3.812	>
9		237.15	-34.41	3.807	>
9		237.17	-34.31	3.801	>
9	10	99.48	43.53	3.674	>
10		6.03	-74.12	1.697	>
10		359.38	-58.30	1.559	>
10		358.92	-50.88	1.537	>
10		296.24	-53.27	1.426	>
10		16.20	-61.02	7.708	>
10		25.23	-56.73	6.719	>
10		42.02	-41.51	4.103	>
10		23.48	-59.46	0.140	>
10		14.83	-59.85	7.596	>
10		59.22	-3.57	2.759	>
10		53.54	-29.68	3.993	>
10		45.73	-48.02	5.234	>
10		69.93	44.63	6.462	>
10		84.47	48.85	7.016	>
10		21.91	-70.19	11.215	>
9	9.1	237.15	-34.49	3.807	>
9.1		0.92	19.19	1.599	>
9.1		36.20	35.57	2.031	>
9.1		308.88	-16.05	1.528	>
9.1		296.21	-23.84	3.157	>
9.1		213.04	-13.03	0.298	>
9.1		291.43	-25.60	2.239	>
9.1		33.29	-55.00	0.271	>
9.1		303.47	-41.09	1.258	>
9.1		298.47	-39.41	3.510	>
9.1		37.82	-20.60	0.493	>
9.1		45.59	15.43	0.934	>
9.1		50.56	18.24	1.457	>
9.1		55.84	24.64	2.079	>
9.1		292.96	-28.05	3.484	>
9.1		293.19	-28.13	3.470	>
9.1		293.18	-28.34	3.471	>
9.1	9.2	293.11	-28.17	3.475	>
9.2		161.24	-7.16	0.491	>
9.2		253.45	-33.18	2.498	>
9.2		265.76	-29.01	2.411	>
9.2		173.28	48.56	0.504	>
9.2		140.07	-81.25	0.741	>
9.2		246.61	-48.83	2.245	>
9.2		257.29	-15.96	2.457	>
9.2		261.28	-31.11	4.153	>
9.2		260.96	-31.84	4.117	>
9.2		260.83	-31.73	4.117	>
9.2	9.3	261.02	-31.56	4.129	>
9.3		29.34	-1.47	1.109	>
9.3		337.19	-71.66	3.286	>
9.3		318.20	-60.24	3.663	>
9.3		309.45	-51.14	3.413	>
9.3		294.82	-54.67	5.460	>
9.3		19.67	-63.29	2.380	>
9.3		348.56	68.14	0.418	>
9.3		312.15	-46.16	3.496	>
9.3		311.89	-46.09	3.498	>
9.3		311.91	-46.27	3.494	>
9.3	9.4	311.98	-46.18	3.496	>
9.4		175.84	4.17	2.964	>
9.4		196.68	2.88	5.985	>
9.4		214.05	0.41	4.100	>
9.4		172.43	42.77	2.469	>
9.4		176.78	-79.35	16.900	>
9.4		239.50	-52.12	2.753	>
9.4		233.01	-29.71	3.404	>
9.4		232.94	-30.08	3.400	>
9.4		232.84	-29.69	3.393	>
9.4	9.5	232.93	-29.82	3.399	>
9.5		352.48	22.47	1.302	>
9.5		188.48	-21.43	2.994	>
9.5		144.53	78.41	8.904	>
9.5		221.19	55.81	1.323	>
9.5		248.98	-46.56	7.052	>
9.5		249.25	-46.46	7.030	>
9.5		249.12	-46.44	7.029	>
9.5	9.6	249.11	-46.48	7.037	>
9.6		151.83	5.23	1.175	>
9.6		44.96	35.04	6.025	>
9.6		43.56	42.86	6.508	>
9.6		356.88	14.24	5.405	>
9.6		317.76	-71.31	3.126	>
9.6		348.24	-60.58	4.364	>
9.6		339.30	-45.62	5.782	>
9.6		34.72	37.60	12.374	>
9.6		33.98	26.75	11.836	>
9.6		36.25	37.32	13.192	>
9.6		17.00	-61.81	3.479	>
9.6		323.72	-62.82	6.230	>
9.6		324.19	-62.88	6.226	>
9.6		324.04	-62.89	6.227	>
9.6	9.7	323.98	-62.86	6.228	>
9.7		174.14	16.39	1.749	>
9.7		204.83	2.53	3.407	>
9.7		220.74	-5.85	4.893	>
9.7		240.17	-5.13	5.093	>
9.7		263.06	-1.51	4.798	>
9.7		289.32	-11.82	5.091	>
9.7		341.98	3.19	2.075	>
9.7		353.13	22.05	1.339	>
9.7		334.81	8.84	3.198	>
9.7		324.91	5.02	3.885	>
9.7		259.01	44.03	2.675	>
9.7		263.66	72.60	3.403	>
9.7		76.79	82.75	5.759	>
9.7		239.65	-7.26	5.194	>
9.7		239.63	-7.20	5.175	>
9.7		239.59	-7.23	5.187	>
9.7	9.8	239.62	-7.23	5.185	>
9.8		185.70	19.68	3.379	>
9.8		163.58	21.38	2.400	>
9.8		128.92	22.40	1.623	>
9.8		199.88	6.19	3.018	>
9.8		122.82	-57.41	1.699	>
9.8		215.23	17.42	3.846	>
9.8		215.37	17.73	3.932	>
9.8		215.71	16.92	3.843	>
9.8		215.44	16.90	3.794	>
9.8		215.50	17.17	3.787	>
9.8		215.61	17.26	3.790	>
9.8		7.21	70.42	13.521	>
9.8		355.62	-13.99	2.763	>
9.8		355.63	-14.03	2.762	>
9.8		355.65	-14.02	2.760	>
9.8	9.9	215.52	17.11	3.790	>
9.9		337.44	82.02	8.535	>
9.9		94.31	16.75	1.925	>
9.9		124.76	16.16	2.546	>
9.9		149.52	19.90	2.614	>
9.9		173.81	18.78	2.564	>
9.9		182.52	28.59	1.873	>
9.9		237.91	48.08	1.320	>
9.9		3.61	39.48	1.067	>
9.9		110.04	83.31	9.025	>
9.9		16.56	51.25	15.134	>
9.9		2.77	58.20	11.579	>
9.8	9.8.1	355.63	-14.01	2.762	>
9.8.1		319.37	-53.50	3.721	>
9.8.1		319.61	-53.55	3.721	>
9.8.1		319.68	-53.55	3.721	>
9.8.1	9.8.2	319.55	-53.53	3.721	>
9.8.2		224.47	47.94	0.325	>
9.8.2		258.55	16.37	0.932	>
9.8.2		284.80	8.72	2.238	>
9.8.2		295.77	1.08	4.825	>
9.8.2		328.39	2.73	6.671	>
9.8.2		17.06	-5.11	4.346	>
9.8.2		76.31	-3.74	3.381	>
9.8.2		359.20	27.16	6.631	>
9.8.2		357.14	9.91	5.799	>
9.8.2		353.58	-17.19	5.802	>
9.8.2		83.37	82.70	4.487	>
9.8.2		116.32	67.68	3.171	>
9.8.2		285.63	73.19	23.187	>
9.8.2		278.50	74.71	28.639	>
9.8.2		285.17	76.93	29.210	>
9.8.2		282.61	75.92	28.189	>
9.8.2		277.78	-87.12	61.326	>

PLAN
STATIONS
0.000	0.000	0
-5.084	5.988	1
-10.550	6.126	2
-13.579	7.898	3
-15.805	7.284	4
-15.653	9.389	5
-17.059	10.393	6
-17.049	12.908	7
-17.105	13.246	8
-18.011	15.174	9
-15.384	14.735	10
-20.647	13.472	9.1
-23.465	14.674	9.2
-26.940	14.125	9.3
-28.739	15.745	9.4
-31.092	13.967	9.5
-35.619	12.240	9.6
-37.290	14.537	9.7
-41.727	11.936	9.8
-43.832	8.987	9.9
-41.931	14.608	9.8.1
-43.366	16.291	9.8.2
SHOTS
0.000	0.000	1.862	-4.000
0.000	0.000	-3.098	-5.762
0.000	0.000	-4.395	7.724
0.000	0.000	-1.963	14.020
0.000	0.000	0.241	1.261
0.000	0.000	2.120	9.299
0.000	0.000	1.122	6.786
0.000	0.000	-3.721	7.186
0.000	0.000	-5.084	5.988
-5.084	5.988	-10.550	6.126
-10.550	6.126	-10.434	6.174
-10.550	6.126	-8.176	5.967
-10.550	6.126	-10.311	6.320
-10.550	6.126	-10.194	5.881
-10.550	6.126	-10.430	6.073
-10.550	6.126	-10.334	6.325
-10.550	6.126	-13.579	7.898
-13.579	7.898	-13.519	7.761
-13.579	7.898	-12.525	7.749
-13.579	7.898	-13.410	8.361
-13.579	7.898	-14.000	6.888
-13.579	7.898	-12.955	7.540
-13.579	7.898	-15.805	7.284
-15.805	7.284	-15.807	6.393
-15.805	7.284	-16.692	6.818
-15.805	7.284	-16.248	7.736
-15.805	7.284	-15.720	8.650
-15.805	7.284	-15.640	9.322
-15.805	7.284	-14.609	8.939
-15.805	7.284	-13.778	8.322
-15.805	7.284	-14.023	6.799
-15.805	7.284	-15.222	6.382
-15.805	7.284	-15.852	7.271
-15.805	7.284	-14.543	7.036
-15.805	7.284	-15.009	7.315
-15.805	7.284	-15.653	9.389
-15.653	9.389	-15.125	8.845
-15.653	9.389	-15.403	8.724
-15.653	9.389	-15.701	8.558
-15.653	9.389	-15.724	9.256
-15.653	9.389	-15.913	9.173
-15.653	9.389	-15.658	9.157
-15.653	9.389	-16.493	10.053
-15.653	9.389	-16.842	9.817
-15.653	9.389	-16.692	10.104
-15.653	9.389	-17.059	10.393
-17.059	10.393	-16.820	10.434
-17.059	10.393	-16.713	10.741
-17.059	10.393	-17.041	10.480
-17.059	10.393	-16.920	12.123
-17.059	10.393	-16.919	12.163
-17.059	10.393	-16.919	12.152
-17.059	10.393	-17.049	12.908
-17.049	12.908	-16.711	12.341
-17.049	12.908	-16.626	12.570
-17.049	12.908	-16.541	13.148
-17.049	12.908	-17.017	14.435
-17.049	12.908	-16.538	14.662
-17.049	12.908	-17.011	13.743
-17.049	12.908	-16.913	13.313
-17.049	12.908	-16.924	12.645
-17.049	12.908	-16.960	12.909
-17.049	12.908	-16.938	13.147
-17.049	12.908	-17.306	13.760
-17.049	12.908	-16.969	13.301
-17.049	12.908	-17.105	13.246
-17.105	13.246	-17.095	13.301
-17.105	13.246	-16.839	13.532
-17.105	13.246	-17.592	12.926
-17.105	13.246	-17.471	12.369
-17.105	13.246	-17.110	12.667
-17.105	13.246	-16.809	13.505
-17.105	13.246	-17.310	14.115
-17.105	13.246	-17.721	13.932
-17.105	13.246	-17.104	13.333
-17.105	13.246	-17.469	13.913
-17.105	13.246	-18.011	15.174
-18.011	15.174	-17.579	15.194
-18.011	15.174	-17.187	14.878
-18.011	15.174	-17.159	14.454
-18.011	15.174	-17.799	13.845
-18.011	15.174	-18.444	13.868
-18.011	15.174	-18.878	13.910
-18.011	15.174	-19.393	13.671
-18.011	15.174	-21.162	13.579
-18.011	15.174	-18.336	15.078
-18.011	15.174	-19.012	14.735
-18.011	15.174	-17.350	14.111
-18.011	15.174	-17.381	14.184
-18.011	15.174	-17.337	15.031
-18.011	15.174	-17.701	15.377
-18.011	15.174	-17.051	15.038
-18.011	15.174	-15.384	14.735
-15.384	14.735	-15.335	15.197
-15.384	14.735	-15.393	15.554
-15.384	14.735	-15.402	15.705
-15.384	14.735	-16.149	15.112
-15.384	14.735	-14.342	18.321
-15.384	14.735	-13.813	18.069
-15.384	14.735	-13.327	17.017
-15.384	14.735	-15.356	14.800
-15.384	14.735	-14.407	18.423
-15.384	14.735	-13.018	16.144
-15.384	14.735	-12.594	16.797
-15.384	14.735	-12.877	17.179
-15.384	14.735	-11.065	16.313
-15.384	14.735	-10.788	15.180
-15.384	14.735	-13.966	18.261
-18.011	15.174	-20.647	13.472
-20.647	13.472	-20.623	14.982
-20.647	13.472	-19.672	14.805
-20.647	13.472	-21.790	14.393
-20.647	13.472	-23.238	14.747
-20.647	13.472	-20.806	13.228
-20.647	13.472	-22.527	14.210
-20.647	13.472	-20.562	13.602
-20.647	13.472	-21.438	13.995
-20.647	13.472	-23.031	14.764
-20.647	13.472	-20.364	13.836
-20.647	13.472	-20.004	14.102
-20.647	13.472	-19.579	14.351
-20.647	13.472	-19.084	14.533
-20.647	13.472	-23.465	14.674
-23.465	14.674	-23.308	14.213
-23.465	14.674	-25.469	14.079
-23.465	14.674	-25.568	14.518
-23.465	14.674	-23.426	14.343
-23.465	14.674	-23.392	14.588
-23.465	14.674	-24.821	14.088
-23.465	14.674	-25.769	14.155
-23.465	14.674	-26.940	14.125
-26.940	14.125	-26.397	15.092
-26.940	14.125	-27.341	15.078
-26.940	14.125	-28.152	15.481
-26.940	14.125	-28.593	15.486
-26.940	14.125	-29.806	15.450
-26.940	14.125	-26.580	15.133
-26.940	14.125	-26.971	14.278
-26.940	14.125	-28.739	15.745
-28.739	15.745	-28.525	12.796
-28.739	15.745	-30.455	10.019
-28.739	15.745	-31.035	12.348
-28.739	15.745	-28.501	13.948
-28.739	15.745	-28.564	12.626
-28.739	15.745	-30.196	14.887
-28.739	15.745	-31.092	13.967
-31.092	13.967	-31.250	15.160
-31.092	13.967	-31.503	11.211
-31.092	13.967	-30.054	12.510
-31.092	13.967	-31.582	13.408
-31.092	13.967	-35.619	12.240
-35.619	12.240	-35.067	11.208
-35.619	12.240	-32.134	15.731
-35.619	12.240	-32.332	15.697
-35.619	12.240	-35.904	17.471
-35.619	12.240	-36.293	12.982
-35.619	12.240	-36.056	14.339
-35.619	12.240	-37.049	16.023
-35.619	12.240	-30.035	20.299
-35.619	12.240	-29.712	21.004
-35.619	12.240	-29.415	20.700
-35.619	12.240	-35.139	13.811
-35.619	12.240	-37.290	14.537
-37.290	14.537	-37.118	12.868
-37.290	14.537	-38.719	11.448
-37.290	14.537	-40.466	10.850
-37.290	14.537	-41.690	12.014
-37.290	14.537	-42.051	13.958
-37.290	14.537	-41.992	16.186
-37.290	14.537	-37.931	16.508
-37.290	14.537	-37.438	15.770
-37.290	14.537	-38.634	17.397
-37.290	14.537	-39.514	17.704
-37.290	14.537	-39.178	14.171
-37.290	14.537	-38.301	14.425
-37.290	14.537	-36.582	14.703
-37.290	14.537	-41.727	11.936
-41.727	11.936	-42.043	8.770
-41.727	11.936	-41.096	9.792
-41.727	11.936	-40.560	10.993
-41.727	11.936	-42.748	9.114
-41.727	11.936	-40.958	11.440
-41.727	11.936	-43.844	8.938
-41.727	11.936	-43.895	8.882
-41.727	11.936	-43.873	8.951
-41.727	11.936	-41.159	16.431
-41.727	11.936	-43.832	8.987
-43.832	8.987	-44.286	10.081
-43.832	8.987	-41.994	8.849
-43.832	8.987	-41.823	7.593
-43.832	8.987	-42.585	6.869
-43.832	8.987	-43.570	6.574
-43.832	8.987	-43.904	7.344
-43.832	8.987	-44.579	8.519
-43.832	8.987	-43.780	9.809
-43.832	8.987	-42.845	8.627
-43.832	8.987	-41.132	18.068
-43.832	8.987	-43.537	15.082
-41.727	11.936	-41.931	14.608
-41.931	14.608	-43.366	16.291
-43.366	16.291	-43.519	16.135
-43.366	16.291	-44.243	16.113
-43.366	16.291	-45.505	16.856
-43.366	16.291	-47.711	18.388
-43.366	16.291	-46.859	21.965
-43.366	16.291	-42.096	20.429
-43.366	16.291	-40.088	17.090
-43.366	16.291	-43.448	22.190
-43.366	16.291	-43.651	21.996
-43.366	16.291	-43.985	21.799
-43.366	16.291	-42.800	16.357
-43.366	16.291	-42.287	15.757
-43.366	16.291	-49.825	18.098
-43.366	16.291	-50.837	17.408
-43.366	16.291	-49.743	18.020
-43.366	16.291	-50.060	17.789
-43.366	16.291	-46.417	16.708
POLYLINE BLACK
-3.847	-3.087
-3.847	-3.030
POLYLINE BLACK
-4.612	12.561
-4.590	12.165
-4.577	11.768
-4.544	11.374
-4.528	11.190
-4.491	11.008
-4.464	10.826
-4.401	9.563
-4.371	8.298
-4.274	7.037
-4.162	5.584
-3.879	4.144
-3.838	2.688
-3.795	1.138
-3.999	-0.410
-4.022	-1.961
-4.032	-2.635
-3.964	-4.145
-3.789	-4.949
-3.687	-5.414
-3.534	-5.865
-3.407	-6.323
POLYLINE BLACK
-2.961	-6.028
-2.859	-5.989
-2.756	-5.950
-2.654	-5.910
-2.469	-5.824
-2.289	-5.727
-2.100	-5.651
-1.940	-5.586
-1.771	-5.547
-1.609	-5.488
-1.546	-5.465
-1.489	-5.428
-1.427	-5.405
-1.333	-5.370
-1.214	-5.374
-1.120	-5.355
-1.076	-5.346
-1.035	-5.330
-0.993	-5.314
-0.624	-5.180
-0.263	-5.026
0.110	-4.905
0.228	-4.867
0.354	-4.861
0.476	-4.838
0.773	-4.738
1.074	-4.650
1.366	-4.538
1.601	-4.449
1.782	-4.226
1.949	-4.052
POLYLINE BLACK
-4.548	12.645
-4.530	12.703
-4.517	12.763
-4.495	12.820
-4.370	13.139
-3.689	13.601
-3.546	13.709
-3.486	13.753
-3.421	13.792
-3.352	13.820
-3.264	13.855
-2.735	14.090
-2.469	14.091
-2.304	14.092
-2.139	14.083
-1.975	14.072
-1.948	14.070
-1.920	14.065
-1.896	14.053
-1.819	14.014
-1.747	13.964
-1.673	13.919
POLYLINE BLACK
-1.436	13.436
-1.393	13.340
-1.354	13.242
-1.305	13.149
-1.283	13.106
-1.250	13.069
-1.222	13.030
-0.959	12.666
-0.705	12.295
-0.431	11.939
-0.263	11.721
0.095	11.310
0.342	11.131
0.650	10.908
0.994	10.735
1.297	10.504
1.587	10.282
1.669	10.084
1.868	9.803
1.932	9.714
2.007	9.633
2.067	9.541
2.173	9.375
2.223	9.197
2.290	9.012
POLYLINE BLACK
2.184	8.846
2.006	8.381
2.101	8.612
1.900	8.153
POLYLINE BLACK
2.081	8.909
2.055	8.721
2.055	8.571
1.972	8.402
1.810	8.070
1.768	8.046
1.534	7.777
1.359	7.576
1.179	7.400
1.110	7.133
0.982	6.637
0.966	5.287
0.965	5.278
0.945	5.019
0.911	4.761
0.876	4.504
0.841	4.247
0.776	4.109
0.806	3.864
0.869	3.354
0.964	3.245
0.917	2.828
0.870	2.418
0.825	2.007
0.753	1.600
0.719	1.410
0.650	1.202
0.548	1.030
0.514	0.973
0.461	0.926
0.437	0.863
0.335	0.598
0.261	0.323
0.172	0.053
POLYLINE BLACK
-1.119	0.786
-0.683	0.785
-0.561	0.753
-0.145	0.871
-0.068	0.893
-0.001	0.942
0.072	0.977
POLYLINE BLACK
0.001	-2.580
-0.184	-2.262
-0.328	-1.793
-0.651	-1.547
-0.752	-1.469
-0.966	-1.409
-1.048	-1.389
-1.511	-1.278
-1.982	-1.366
-2.450	-1.428
-2.578	-1.445
-2.701	-1.491
-2.824	-1.529
-2.985	-1.578
-3.070	-1.742
-3.153	-1.870
POLYLINE BLACK
-5.842	4.937
-4.943	4.363
-5.524	4.756
-4.936	4.323
-4.788	4.215
-4.626	4.124
-4.490	4.001
-4.302	3.830
-4.142	3.631
-3.968	3.445
POLYLINE BLACK
-5.866	4.897
-6.629	5.202
-6.351	5.137
-7.116	5.277
-7.625	5.371
-7.183	5.271
-7.435	5.330
POLYLINE BLACK
-5.563	6.786
-5.478	6.794
-5.392	6.795
-5.308	6.812
-5.225	6.830
-5.142	6.854
-5.065	6.891
-4.780	7.025
-4.559	7.133
-4.350	7.356
-4.190	7.528
-4.045	7.713
-3.893	7.891
POLYLINE BLACK
-5.677	6.733
-5.776	6.725
-5.876	6.725
-5.974	6.709
-6.168	6.676
-6.358	6.623
-6.551	6.586
-6.862	6.526
-6.931	6.528
-7.240	6.500
POLYLINE BLACK
-7.774	5.325
-7.995	5.328
-8.217	5.331
-8.438	5.335
-8.551	5.350
-8.663	5.375
-8.778	5.382
-8.864	5.387
-8.951	5.372
-9.038	5.368
POLYLINE BLACK
-7.576	6.554
-8.947	6.483
-8.178	6.549
-9.234	6.418
-9.244	6.417
-9.255	6.418
-9.266	6.418
-9.330	6.421
-9.394	6.426
-9.457	6.429
POLYLINE BLACK
-9.455	6.416
-9.469	6.407
-9.483	6.396
-9.499	6.388
-9.509	6.383
-9.519	6.379
-9.531	6.376
-9.586	6.365
-9.643	6.360
-9.699	6.349
-9.805	6.326
-9.821	6.297
-9.945	6.295
-10.150	6.291
-10.355	6.303
-10.561	6.307
POLYLINE BLACK
-9.014	5.353
-9.027	5.355
-9.039	5.356
-9.051	5.359
-9.077	5.364
-9.130	5.397
-9.136	5.401
-9.276	5.490
-9.413	5.585
-9.554	5.672
-9.572	5.683
-9.592	5.691
-9.612	5.696
-9.714	5.722
-9.819	5.738
-9.921	5.766
-9.956	5.775
-10.150	5.862
-10.171	5.873
-10.187	5.881
-10.200	5.893
-10.214	5.903
-10.290	5.954
-10.365	6.007
-10.442	6.056
-10.496	6.089
-10.569	6.102
-10.627	6.118
POLYLINE BLACK
-10.308	6.333
-10.333	6.330
-10.358	6.324
-10.383	6.324
-10.472	6.324
-10.610	6.371
-10.680	6.424
-11.392	6.957
-12.101	7.496
-12.805	8.040
-12.892	8.106
-12.965	8.191
-13.053	8.255
-13.153	8.328
-13.263	8.385
-13.367	8.450
POLYLINE BLACK
-10.494	6.038
-10.916	6.170
-10.733	6.106
-11.522	6.580
-11.691	6.681
-11.840	6.813
-12.006	6.917
-12.152	7.009
-12.649	7.356
-12.968	7.440
-13.154	7.489
-13.326	7.426
-13.504	7.371
-13.526	7.364
-13.546	7.353
-13.565	7.341
-13.611	7.311
-13.651	7.272
-13.691	7.236
POLYLINE BLACK
-15.932	6.331
-15.871	6.414
-15.799	6.464
-15.712	6.513
POLYLINE BLACK
-16.765	6.802
-16.785	6.778
-16.798	6.746
-16.825	6.728
-16.835	6.721
-16.822	6.754
-16.818	6.766
-16.809	6.790
-16.800	6.814
-16.788	6.836
-16.695	7.004
-16.686	6.959
-16.664	7.100
POLYLINE BLACK
-16.388	6.703
-16.724	6.427
-16.568	6.531
-16.840	6.368
POLYLINE BLACK
-16.937	6.330
-16.769	6.623
POLYLINE BLACK
-16.990	6.303
-16.588	6.330
-16.767	6.332
-16.453	6.313
POLYLINE BLACK
-16.771	7.132
-16.686	7.327
-16.652	7.423
-16.509	7.623
-16.450	7.706
-16.374	7.777
-16.303	7.850
-16.180	7.976
-16.148	7.960
-16.047	8.127
-15.829	8.492
-15.852	8.485
-15.745	8.849
POLYLINE BLACK
-15.802	8.628
-15.891	8.925
-15.833	8.782
-15.974	9.057
POLYLINE BLACK
-15.835	9.428
-15.589	9.280
-15.645	9.338
-15.736	9.346
-15.742	9.347
-15.726	9.341
-15.721	9.339
-15.646	9.317
-15.572	9.290
-15.495	9.274
-15.445	9.263
-15.394	9.263
-15.343	9.258
POLYLINE BLACK
-13.373	8.453
-13.590	8.421
-13.491	8.448
-13.708	8.363
-13.751	8.346
-13.788	8.326
-13.835	8.330
-13.915	8.337
-14.005	8.399
-14.061	8.444
-15.008	9.195
-13.792	8.248
-14.551	8.905
-14.679	9.015
-14.912	9.129
-15.059	9.180
-15.160	9.215
-15.266	9.230
-15.370	9.255
POLYLINE BLACK
-13.726	7.224
-13.754	7.222
-13.781	7.222
-13.809	7.218
-13.859	7.211
-13.919	7.160
-13.945	7.125
-14.055	6.978
-14.146	6.818
-14.259	6.674
-14.375	6.526
-14.535	6.419
-14.713	6.363
-14.755	6.350
-14.979	6.283
-15.085	6.286
-15.234	6.291
-15.471	6.388
-15.559	6.409
-15.669	6.436
-15.779	6.419
-15.888	6.402
POLYLINE BLACK
-15.839	8.636
-15.442	8.773
-15.476	8.736
-15.148	8.935
-15.130	8.946
-15.007	9.051
-14.988	9.064
-14.970	9.077
-14.949	9.087
-14.929	9.099
POLYLINE BLACK
-15.852	8.749
-15.852	8.877
-15.871	9.007
-15.934	9.120
-15.996	9.231
-16.212	9.403
-16.240	9.427
-16.402	9.561
-16.571	9.687
-16.740	9.813
-16.894	9.927
-17.045	9.978
-17.108	10.164
-17.142	10.265
-17.091	10.399
-17.071	10.489
POLYLINE BLACK
-15.816	9.341
-15.848	9.377
-15.878	9.415
-15.911	9.450
-16.256	9.814
-15.663	9.126
-16.291	9.899
-16.347	9.969
-16.411	10.034
-16.467	10.105
-16.478	10.119
-16.523	10.213
-16.529	10.226
POLYLINE BLACK
-16.475	10.135
-16.570	10.188
-16.538	10.164
-16.622	10.236
-16.637	10.249
-16.650	10.264
-16.666	10.277
-16.753	10.343
-16.700	10.284
-16.780	10.364
-16.795	10.380
-16.811	10.399
-16.816	10.421
-16.817	10.422
-16.817	10.424
-16.817	10.425
-16.816	10.437
-16.816	10.448
-16.815	10.460
POLYLINE BLACK
-17.100	10.477
-17.082	11.147
-17.051	12.322
-17.049	12.731
-17.049	12.817
-17.070	12.902
-17.080	12.987
POLYLINE BLACK
-16.844	10.437
-16.848	10.464
-16.856	10.491
-16.855	10.518
-16.853	10.600
-16.841	10.682
-16.835	10.764
-16.724	12.187
-16.730	11.670
-16.732	12.387
POLYLINE BLACK
-16.772	12.356
-16.681	12.573
-16.815	12.268
-16.613	12.624
-16.567	12.707
-16.536	12.832
-16.520	12.921
-16.511	12.971
-16.506	13.036
-16.516	13.088
-16.531	13.161
-16.582	13.250
-16.608	13.306
POLYLINE BLACK
-16.628	13.277
-16.697	13.781
-16.664	13.437
-16.552	14.460
-16.523	14.618
-16.532	14.545
-16.520	14.679
POLYLINE BLACK
-16.962	15.176
-16.940	15.198
-16.916	15.230
-16.882	15.233
-16.867	15.235
-16.850	15.230
-16.837	15.223
-16.789	15.198
-16.761	15.145
-16.766	15.091
-16.768	15.063
-16.774	15.050
-16.785	15.023
-16.797	14.994
-16.818	14.966
-16.822	14.935
-16.826	14.912
-16.813	14.889
-16.808	14.866
POLYLINE BLACK
-16.822	14.692
-16.821	14.695
POLYLINE BLACK
-17.030	14.445
-16.990	14.228
-16.955	14.002
-16.993	13.782
-16.997	13.758
-17.005	13.734
-17.011	13.710
POLYLINE BLACK
-16.965	13.291
-16.980	13.508
-16.956	13.263
-17.033	13.603
-17.049	13.671
-17.045	13.706
-17.043	13.769
POLYLINE BLACK
-16.531	14.859
-16.503	15.010
POLYLINE BLACK
-17.109	14.599
-17.058	14.716
-17.085	14.666
-17.031	14.752
POLYLINE BLACK
-16.719	15.254
-16.687	15.321
POLYLINE BLACK
-16.435	15.272
-16.275	15.340
POLYLINE BLACK
-17.091	12.637
-17.009	12.640
-16.926	12.643
-16.843	12.646
-16.835	12.648
-16.826	12.650
-16.818	12.653
-16.772	12.672
-16.734	12.706
-16.697	12.738
-16.669	12.762
-16.636	12.802
-16.628	12.840
-16.620	12.883
-16.613	12.927
-16.609	12.971
-16.607	13.003
-16.607	13.052
-16.619	13.087
-16.647	13.174
-16.720	13.216
-16.795	13.259
-16.812	13.269
-16.830	13.278
-16.848	13.284
-16.866	13.290
-16.884	13.293
-16.902	13.296
-16.939	13.301
-16.967	13.289
-17.005	13.282
POLYLINE BLACK
-17.064	12.897
-17.056	12.834
-17.058	12.789
-17.037	12.734
-17.025	12.703
-17.011	12.686
-16.993	12.659
POLYLINE BLACK
-16.999	13.300
-17.004	13.296
-17.011	13.293
-17.015	13.288
-17.050	13.252
-17.082	13.212
-17.095	13.163
-17.100	13.146
-17.103	13.128
-17.104	13.111
-17.107	13.073
-17.104	13.035
-17.104	12.997
POLYLINE BLACK
0.000	-0.000
0.000	-0.000
POLYLINE BLACK
-16.789	13.258
-16.796	13.275
POLYLINE BLACK
-17.089	12.588
-17.091	12.595
-17.092	12.602
-17.095	12.608
-17.107	12.625
-17.129	12.639
-17.149	12.644
-17.156	12.646
-17.163	12.647
-17.170	12.647
-17.215	12.651
-17.261	12.651
-17.306	12.657
-17.331	12.660
-17.355	12.666
-17.379	12.675
-17.440	12.698
-17.495	12.740
-17.534	12.792
-17.542	12.802
-17.548	12.812
-17.553	12.822
-17.584	12.887
-17.612	12.952
-17.641	13.017
POLYLINE BLACK
-16.819	13.297
-16.839	13.444
-16.817	13.269
-16.836	13.508
-16.837	13.516
-16.839	13.524
-16.842	13.533
-16.844	13.540
-16.848	13.548
-16.852	13.555
POLYLINE BLACK
-16.862	13.556
-16.880	13.586
-16.913	13.650
-16.946	13.680
-16.975	13.706
-17.026	13.746
-17.062	13.775
POLYLINE BLACK
-17.085	13.787
-17.091	13.794
-17.096	13.802
-17.102	13.809
-17.201	13.923
-17.064	13.751
-17.242	13.990
-17.317	14.090
-17.283	14.029
-17.329	14.129
POLYLINE BLACK
-17.654	13.011
-17.656	13.220
-17.657	13.430
-17.659	13.639
-17.662	13.657
-17.664	13.676
-17.669	13.693
-17.729	13.910
-17.703	13.855
-17.752	13.949
POLYLINE BLACK
-17.622	13.716
-17.431	13.453
-17.576	13.653
-17.194	13.110
POLYLINE BLACK
-17.066	13.331
-17.326	13.893
-17.262	13.682
-17.334	13.933
POLYLINE BLACK
-17.329	14.098
-17.338	14.156
-17.339	14.216
-17.312	14.269
-17.295	14.303
-17.253	14.336
-17.236	14.360
-17.220	14.384
-17.177	14.453
-17.169	14.494
-17.144	14.622
-17.123	14.758
-17.162	14.886
-17.180	14.946
-17.249	15.045
-17.272	15.078
-17.291	15.107
-17.321	15.134
-17.350	15.152
-17.398	15.181
-17.454	15.198
-17.508	15.210
-17.549	15.220
-17.595	15.216
-17.637	15.219
-17.650	15.220
-17.663	15.224
-17.676	15.226
POLYLINE BLACK
-17.799	13.927
-17.798	13.935
POLYLINE BLACK
-17.745	13.835
-17.751	13.849
-17.755	13.864
-17.761	13.879
-17.772	13.904
-17.798	13.915
-17.823	13.906
-17.842	13.900
-17.859	13.891
-17.878	13.885
-17.884	13.883
-17.891	13.881
-17.897	13.881
-17.985	13.888
-18.071	13.908
-18.159	13.906
-18.308	13.903
-18.455	13.876
-18.604	13.866
-18.624	13.864
-18.645	13.867
-18.666	13.870
-18.699	13.876
-18.731	13.888
-18.765	13.895
-18.797	13.901
-18.861	13.899
-18.886	13.890
-18.984	13.857
-19.076	13.807
-19.173	13.774
-19.422	13.710
-19.307	13.748
-19.520	13.667
POLYLINE BLACK
-17.346	14.130
-17.328	14.200
-17.335	14.192
-17.289	14.268
-17.279	14.286
-17.267	14.303
-17.252	14.318
-17.233	14.338
-17.211	14.356
-17.189	14.372
-17.154	14.398
-17.122	14.430
-17.082	14.446
-16.946	14.500
-16.806	14.543
-16.666	14.581
-16.587	14.603
-16.505	14.620
-16.423	14.628
-16.152	14.653
-15.880	14.665
-15.608	14.680
-15.421	14.691
-15.466	14.695
-15.351	14.672
POLYLINE BLACK
-14.537	18.488
-14.491	18.445
-14.443	18.404
-14.400	18.359
-14.336	18.290
-14.301	18.193
-14.288	18.101
-14.227	17.657
-14.291	17.927
-14.244	17.739
POLYLINE BLACK
-14.873	17.797
-15.162	16.937
-14.896	17.806
-15.173	16.366
-15.190	16.282
-15.228	16.203
-15.255	16.122
POLYLINE BLACK
-15.299	16.133
-15.315	16.115
-15.335	16.100
-15.349	16.080
-15.382	16.029
-15.414	15.978
-15.439	15.923
-15.510	15.770
-15.525	15.573
-15.534	15.415
-15.539	15.326
-15.532	15.135
-15.496	15.034
-15.404	14.770
-15.403	14.778
-15.307	14.608
POLYLINE BLACK
-15.317	14.645
-15.096	14.542
-15.103	14.528
-14.854	14.484
-14.789	14.473
-14.723	14.460
-14.657	14.466
-14.485	14.484
-14.316	14.527
-14.146	14.557
POLYLINE BLACK
-11.241	16.157
-11.255	16.218
-11.273	16.278
-11.281	16.340
-11.296	16.458
-11.283	16.612
-11.213	16.714
-11.140	16.821
-10.989	16.863
-10.866	16.867
-10.649	16.873
-10.422	16.787
-10.285	16.614
-10.163	16.460
-10.098	16.312
-10.033	16.120
-9.929	15.810
-9.904	15.397
-10.028	15.088
-10.118	14.865
-10.287	14.660
-10.520	14.580
-10.598	14.554
-10.683	14.541
-10.760	14.577
-10.962	14.670
-11.074	14.884
-11.185	15.063
-11.251	15.168
-11.358	15.382
-11.379	15.524
-11.419	15.798
-11.423	15.961
-11.386	16.224
-11.376	16.292
-11.356	16.358
-11.341	16.426
POLYLINE BLACK
-10.949	15.767
-10.949	15.768
POLYLINE BLACK
-10.949	15.775
-10.934	15.737
-10.642	15.882
-10.550	15.821
-10.529	15.808
-10.510	15.792
-10.490	15.777
POLYLINE BLACK
-10.743	16.108
-10.778	15.590
-10.791	15.791
-10.762	15.503
POLYLINE BLACK
-11.702	17.974
-11.347	17.351
-11.478	17.628
-11.278	17.159
POLYLINE BLACK
-11.675	17.338
-11.567	17.263
-11.459	17.190
-11.352	17.115
-11.334	17.102
-11.320	17.085
-11.301	17.074
-11.296	17.071
-11.288	17.071
-11.283	17.075
-11.270	17.085
-11.273	17.120
-11.273	17.130
-11.264	17.435
-11.283	17.321
-11.254	17.468
POLYLINE BLACK
-19.395	13.736
-19.935	13.493
-19.614	13.613
-20.612	13.439
-20.636	13.435
-20.661	13.434
-20.685	13.439
-20.804	13.464
-20.921	13.493
-21.037	13.528
-21.298	13.608
-21.113	13.587
-21.229	13.598
POLYLINE BLACK
-17.660	15.227
-17.697	15.238
-17.733	15.253
-17.770	15.261
-17.889	15.289
-17.998	15.266
-18.112	15.225
-18.256	15.173
-18.400	15.119
-18.539	15.053
-18.730	14.963
-18.911	14.853
-19.099	14.757
-19.115	14.748
-19.133	14.743
-19.152	14.740
-19.182	14.736
-19.212	14.733
-19.242	14.735
-19.602	14.767
-19.962	14.803
-20.321	14.844
-20.432	14.857
-20.556	14.910
-20.643	14.980
-20.657	14.991
-20.668	15.003
-20.681	15.014
POLYLINE BLACK
-21.283	13.570
-21.513	13.682
-22.139	14.077
-22.579	14.165
-22.624	14.174
-22.670	14.176
-22.716	14.181
POLYLINE BLACK
-23.271	14.794
-23.181	14.747
-23.096	14.689
-23.001	14.654
-22.635	14.518
-22.366	14.497
-21.967	14.474
-21.898	14.470
-21.828	14.476
-21.760	14.487
-21.415	14.544
-21.398	14.625
-21.000	14.784
-20.925	14.814
-20.845	14.834
-20.764	14.847
-20.662	14.863
-20.557	14.864
-20.454	14.872
-20.448	14.873
-20.441	14.872
-20.435	14.873
-20.401	14.878
-20.368	14.886
-20.334	14.893
POLYLINE BLACK
-22.668	14.175
-22.668	14.178
POLYLINE BLACK
-22.668	14.178
-23.396	14.165
POLYLINE BLACK
-23.348	14.131
-23.401	14.122
-23.510	14.092
-23.580	14.100
-23.987	14.150
-23.887	14.171
-24.294	14.152
-24.348	14.144
-24.401	14.136
-24.455	14.129
-24.490	14.118
-24.524	14.100
-24.561	14.097
-24.735	14.081
-24.910	14.070
-25.085	14.071
-25.162	14.071
-25.238	14.095
-25.315	14.100
-25.372	14.103
-25.446	14.089
-25.504	14.079
POLYLINE BLACK
-23.260	14.676
-23.454	14.685
-23.544	14.708
-23.711	14.673
-23.866	14.640
-23.995	14.538
-24.135	14.471
-24.174	14.453
-24.281	14.420
-24.331	14.422
-24.412	14.425
-24.493	14.429
-24.572	14.446
-24.573	14.446
-25.011	14.596
-25.201	14.603
-25.320	14.607
-25.456	14.514
-25.549	14.476
-25.588	14.460
-25.630	14.450
-25.671	14.437
POLYLINE BLACK
-25.486	14.073
-25.488	14.073
-25.650	14.130
-25.712	14.129
-25.730	14.129
-25.747	14.128
-25.763	14.123
-25.870	14.094
-25.974	14.057
-26.081	14.029
-26.104	14.023
-26.128	14.020
-26.151	14.022
-26.424	14.043
-26.251	14.045
-26.506	14.088
-26.606	14.105
-26.656	14.078
-26.765	14.074
-26.842	14.070
-26.899	14.099
-26.974	14.114
-27.010	14.122
-27.058	14.113
-27.091	14.110
POLYLINE BLACK
-25.707	14.429
-25.757	14.456
-25.816	14.459
-25.863	14.490
-25.903	14.517
-25.930	14.560
-25.949	14.603
-25.966	14.642
-25.984	14.726
-26.028	14.761
-26.086	14.807
-26.164	14.821
-26.229	14.849
-26.248	14.857
-26.277	14.876
-26.291	14.893
-26.342	14.952
-26.358	15.012
-26.402	15.084
-26.426	15.122
-26.456	15.147
-26.488	15.176
POLYLINE BLACK
-27.410	14.303
-27.392	14.342
-27.394	14.447
-27.346	14.486
-27.334	14.495
-27.315	14.501
-27.302	14.503
-27.267	14.506
-27.055	14.503
-26.957	14.538
-26.843	14.578
-26.614	14.847
-26.597	14.866
-26.569	14.897
-26.548	14.933
-26.524	14.967
-26.495	15.010
-26.502	15.051
-26.512	15.102
-26.516	15.118
-26.524	15.136
-26.534	15.151
-26.550	15.175
-26.581	15.190
-26.608	15.196
-26.772	15.235
-26.884	15.248
-27.047	15.204
-27.131	15.181
-27.212	15.147
-27.296	15.122
-27.310	15.118
-27.325	15.117
-27.340	15.117
-27.453	15.119
-27.612	15.159
-27.687	15.253
-27.721	15.296
-27.750	15.344
-27.784	15.387
-27.816	15.428
-27.899	15.475
-27.948	15.486
-28.200	15.543
-28.168	15.515
-28.448	15.526
-28.478	15.527
-28.496	15.539
-28.523	15.535
-28.552	15.529
-28.575	15.510
-28.602	15.500
-28.634	15.488
-28.675	15.482
-28.707	15.485
-28.801	15.495
-28.895	15.507
-28.987	15.526
-29.088	15.547
-29.186	15.586
-29.288	15.605
-29.382	15.622
-29.538	15.624
-29.639	15.606
-29.708	15.594
-29.853	15.567
-29.895	15.486
-29.920	15.437
-29.920	15.378
-29.924	15.325
POLYLINE BLACK
-30.008	15.049
-30.189	14.710
-30.371	14.370
-30.552	14.031
-30.627	13.871
-30.694	13.707
-30.775	13.550
-30.990	13.135
-30.957	13.332
-31.070	12.949
-31.172	12.606
-30.966	12.275
-30.896	11.944
-30.819	11.572
-30.879	10.722
-30.880	10.524
-30.880	10.485
-30.870	10.446
-30.862	10.407
-30.858	10.387
-30.851	10.368
-30.842	10.350
-30.793	10.246
-30.742	10.142
-30.687	10.041
-30.646	9.967
-30.586	9.904
-30.503	9.879
-30.370	9.839
-30.226	9.876
-30.102	9.929
-30.078	9.939
-30.054	9.951
-30.034	9.967
-29.910	10.066
-29.784	10.219
-29.708	10.348
-29.633	10.478
-29.572	10.615
-29.516	10.754
-29.034	11.971
-29.419	11.298
-28.712	12.539
-28.683	12.590
-28.643	12.635
-28.601	12.675
-28.458	12.811
-28.218	12.966
-28.098	13.155
-27.955	13.381
-27.965	13.523
-27.865	13.815
-27.825	13.935
-27.676	14.088
-27.610	14.158
-27.589	14.180
-27.464	14.302
-27.399	14.315
-27.368	14.322
-27.336	14.325
-27.304	14.329
POLYLINE BLACK
-29.949	15.417
-29.962	15.255
-29.950	15.345
-29.994	15.149
POLYLINE BLACK
-29.952	15.561
-30.411	15.375
-30.942	15.065
-31.462	15.188
-31.507	15.199
-31.644	15.240
-31.660	15.298
-31.684	15.381
-31.553	15.532
-31.540	15.553
POLYLINE BLACK
-30.941	10.751
-31.001	10.893
-31.100	10.994
-31.223	11.085
-31.447	11.252
-31.441	11.277
-31.662	11.293
POLYLINE BLACK
-31.618	11.384
-32.377	11.509
-31.950	11.459
-32.902	11.503
POLYLINE BLACK
-32.691	14.264
-32.573	14.331
-32.282	14.528
-32.107	14.523
-31.974	14.519
-31.841	14.507
-31.710	14.486
-31.582	14.466
-31.302	14.364
-31.190	14.334
-31.095	14.310
-31.000	14.330
-30.906	14.346
POLYLINE BLACK
-30.583	12.922
-30.575	12.960
-30.573	12.999
-30.558	13.035
-30.503	13.166
-30.424	13.334
-30.286	13.403
-30.188	13.452
-30.061	13.450
-29.957	13.440
-29.840	13.429
-29.715	13.395
-29.620	13.322
-29.370	13.131
-29.303	12.815
-29.296	12.516
-29.294	12.402
-29.312	12.277
-29.350	12.169
-29.421	11.971
-29.574	11.807
-29.755	11.706
-29.990	11.575
-30.335	11.613
-30.554	11.760
-30.696	11.855
-30.786	12.012
-30.855	12.163
-30.895	12.250
-30.932	12.354
-30.937	12.452
-30.948	12.664
-30.843	12.902
-30.744	13.081
POLYLINE BLACK
-30.475	12.531
-29.844	12.496
POLYLINE BLACK
-30.212	12.854
-30.207	12.230
POLYLINE BLACK
-32.881	11.474
-33.771	11.558
-33.519	11.579
-34.793	11.300
-34.967	11.262
-35.126	11.176
-35.292	11.113
POLYLINE BLACK
-32.227	17.040
-32.225	17.041
POLYLINE BLACK
-31.728	15.305
-31.729	15.305
POLYLINE BLACK
0.000	-0.000
0.000	-0.000
POLYLINE BLACK
-31.781	15.360
-31.973	15.464
-32.145	15.570
-32.262	15.757
-32.284	15.793
-32.305	15.830
-32.320	15.870
-32.340	15.925
-32.355	15.982
-32.365	16.040
-32.416	16.315
-32.369	16.471
-32.272	16.749
-32.248	16.817
-32.214	16.881
-32.179	16.944
-32.133	17.025
-31.974	17.331
-31.847	17.445
-31.781	17.504
-31.707	17.555
-31.637	17.610
POLYLINE BLACK
-33.258	19.403
-33.258	19.407
POLYLINE BLACK
-33.274	19.396
-34.143	18.456
-33.412	19.205
-35.843	17.615
-35.922	17.563
-36.006	17.518
-36.079	17.459
-36.273	17.302
-36.455	17.132
-36.644	16.968
POLYLINE BLACK
-36.267	12.215
-36.297	12.284
-36.333	12.352
-36.357	12.424
-36.392	12.529
-36.416	12.724
-36.399	12.824
-36.323	13.280
-36.199	13.728
-36.127	14.185
-36.077	14.502
-36.154	14.867
-36.218	15.169
-36.244	15.294
-36.314	15.446
-36.386	15.549
-36.450	15.640
-36.518	15.730
-36.598	15.808
-36.750	15.955
-37.125	16.211
-37.298	16.457
-37.378	16.570
-37.381	16.645
-37.425	16.794
POLYLINE BLACK
-35.363	11.112
-35.858	11.552
-35.777	11.424
-36.130	11.938
-36.194	12.030
-36.247	12.129
-36.305	12.225
POLYLINE BLACK
-31.371	21.508
-31.332	21.936
-31.325	22.429
-30.932	22.697
-30.736	22.830
-30.491	22.895
-30.256	22.898
-29.890	22.904
-29.525	22.847
-29.201	22.671
-28.990	22.555
-28.835	22.416
-28.676	22.233
-28.340	21.847
-28.220	21.447
-28.318	20.941
-28.419	20.426
-28.746	20.106
-29.205	19.877
-29.374	19.792
-29.601	19.716
-29.797	19.741
-30.176	19.790
-30.517	20.013
-30.764	20.297
-31.225	20.824
-31.230	21.189
-31.400	21.895
POLYLINE BLACK
-30.468	21.624
-29.701	21.496
-30.016	21.519
-29.529	21.500
POLYLINE BLACK
-30.126	22.200
-30.145	21.970
-30.215	21.584
-30.167	21.307
-30.152	21.224
-30.125	21.143
-30.105	21.062
POLYLINE BLACK
-33.407	19.437
-32.148	22.236
-32.471	21.086
-32.074	22.763
POLYLINE BLACK
-31.551	17.589
-29.176	19.049
POLYLINE BLACK
-35.464	11.141
-35.755	11.511
-36.030	11.893
-36.336	12.250
-36.425	12.354
-36.535	12.439
-36.644	12.522
-36.949	12.752
-37.142	12.904
-37.509	12.816
-37.607	12.793
-37.749	12.739
-37.825	12.672
-37.988	12.530
-38.139	12.376
-38.288	12.220
-38.465	12.036
-38.557	11.856
-38.779	11.733
-40.377	10.851
-38.187	12.185
-40.333	11.048
-40.470	10.976
-40.580	10.861
-40.691	10.754
-41.044	10.415
-41.025	10.418
-41.229	10.104
POLYLINE BLACK
-41.670	12.636
-41.799	12.018
-41.818	12.073
-42.257	11.587
POLYLINE BLACK
-41.707	12.694
-41.898	13.060
-42.064	13.404
-42.060	13.820
-42.058	13.970
-42.019	14.108
-41.986	14.253
POLYLINE BLACK
-42.004	14.072
-42.159	14.827
-42.204	14.810
-42.175	15.563
-42.170	15.694
-42.120	15.950
-42.062	16.091
-41.976	16.297
-41.828	16.413
-41.667	16.565
POLYLINE BLACK
-36.576	17.374
-36.727	17.301
-36.878	17.228
-37.030	17.155
-37.172	17.073
-37.305	16.973
-37.457	16.910
-37.680	16.817
-37.917	16.763
-38.148	16.689
POLYLINE BLACK
-38.148	16.915
-38.496	17.309
-38.452	17.308
-38.942	17.621
-39.047	17.688
-39.158	17.752
-39.278	17.788
-39.543	17.869
-39.938	17.958
-40.247	17.941
-40.538	17.924
-40.822	17.806
-41.063	17.647
-41.166	17.579
-41.244	17.489
-41.328	17.401
POLYLINE BLACK
-41.906	16.615
-41.198	17.595
POLYLINE BLACK
-42.042	13.799
-41.935	13.776
-41.830	13.744
-41.723	13.730
-41.437	13.692
-41.042	13.831
-40.828	13.899
-40.210	14.095
-39.649	14.539
-39.444	15.174
-39.402	15.303
-39.252	15.776
-39.252	16.031
-39.252	16.084
-39.253	16.138
-39.269	16.189
-39.392	16.576
-39.535	16.956
-39.669	17.340
POLYLINE BLACK
-40.496	11.052
-41.096	10.414
-41.498	9.599
-41.846	8.803
-41.887	8.708
-41.914	8.608
-41.949	8.510
POLYLINE BLACK
-44.224	8.300
-44.338	8.372
-44.456	8.426
-44.543	8.530
-44.647	8.655
-44.768	8.835
-44.765	9.006
-44.760	9.244
-44.534	9.416
-44.361	9.539
-44.189	9.662
-43.943	9.754
-43.742	9.643
-43.613	9.572
-43.521	9.446
-43.449	9.323
-43.343	9.144
-43.278	8.903
-43.356	8.701
-43.384	8.628
-43.423	8.572
-43.475	8.512
-43.519	8.464
-43.575	8.421
-43.633	8.390
-43.884	8.261
-44.143	8.361
-44.402	8.414
POLYLINE BLACK
-44.390	9.040
-44.028	9.100
POLYLINE BLACK
-44.202	9.266
-44.217	8.596
POLYLINE BLACK
-42.105	11.914
-42.158	11.844
-42.224	11.783
-42.264	11.705
-42.405	11.434
-42.505	11.142
-42.647	10.871
-42.792	10.594
-43.132	10.249
-43.290	10.017
-43.403	9.850
-43.478	9.660
-43.587	9.489
-43.695	9.321
-43.854	9.201
-44.000	9.071
POLYLINE BLACK
-41.978	8.709
-41.924	8.465
-41.857	8.224
-41.814	7.977
-41.801	7.904
-41.807	7.829
-41.813	7.755
-41.839	7.444
-41.868	7.384
-42.003	7.080
-42.022	7.037
-42.046	6.996
-42.075	6.958
-42.161	6.848
-42.279	6.762
-42.392	6.684
-42.419	6.666
-42.447	6.650
-42.477	6.640
-42.714	6.566
-42.954	6.502
-43.192	6.433
POLYLINE BLACK
-43.403	6.510
-43.818	6.767
-43.822	6.740
-44.061	7.200
-44.082	7.240
-44.533	8.004
-44.586	8.369
-44.599	8.460
-44.600	8.552
-44.607	8.643
POLYLINE BLACK
-44.678	8.516
-44.617	8.665
-44.545	8.820
-44.414	8.921
-44.286	9.020
-44.127	9.061
-43.980	9.121
POLYLINE BLACK
-41.833	17.242
-41.879	17.246
-41.926	17.245
-41.971	17.253
-42.094	17.274
-42.234	17.349
-42.320	17.438
-42.443	17.565
-42.499	17.744
-42.535	17.912
-42.595	18.195
-42.571	18.528
-42.376	18.756
-42.096	19.083
-41.606	19.189
-41.205	19.244
-40.912	19.285
-40.606	19.259
-40.361	19.079
-40.173	18.941
-39.825	18.670
-39.760	18.409
-39.647	17.961
-40.018	17.507
-40.423	17.365
-40.778	17.241
-41.169	17.228
-41.538	17.286
-41.721	17.315
-41.828	17.410
-41.980	17.516
POLYLINE BLACK
-44.353	14.296
-44.697	14.626
-44.777	14.756
-44.930	15.208
-45.009	15.438
-44.980	15.699
-44.797	15.871
-44.648	16.011
-44.444	16.104
-44.246	16.149
-43.753	16.259
-43.281	16.110
-42.898	15.795
-42.689	15.623
-42.518	15.409
-42.422	15.155
-42.308	14.853
-42.309	14.468
-42.535	14.217
-42.858	13.858
-43.432	13.771
-43.881	13.879
-44.232	13.964
-44.414	14.174
-44.693	14.410
POLYLINE BLACK
-44.131	15.006
-43.582	15.037
POLYLINE BLACK
-43.905	15.356
-43.771	14.698
-43.802	14.961
-43.767	14.574
POLYLINE BLACK
-41.579	18.300
-41.000	18.278
POLYLINE BLACK
-41.353	18.769
-41.302	18.026
-41.348	18.292
-41.286	17.963
POLYLINE BLACK
-44.272	16.111
-44.083	15.979
-44.022	15.909
-43.835	15.840
-43.666	15.778
-43.487	15.740
-43.323	15.664
-43.149	15.583
-42.987	15.475
-42.826	15.370
-42.769	15.332
-42.716	15.288
-42.672	15.237
-42.456	14.987
-42.340	14.802
-42.204	14.503
-42.110	14.297
-42.011	13.643
-42.004	13.609
POLYLINE BLACK
-45.517	16.839
-45.289	16.532
-44.970	16.370
-44.632	16.214
-44.604	16.201
-44.574	16.192
-44.545	16.184
-44.437	16.156
-44.328	16.131
-44.220	16.105
POLYLINE BLACK
-47.681	18.371
-47.472	18.153
-47.294	17.901
-47.054	17.718
-46.610	17.379
-45.994	17.039
-45.466	16.742
POLYLINE BLACK
-46.867	21.928
-47.296	20.741
-47.604	20.268
-47.701	19.194
-47.711	19.089
-47.735	18.666
-47.674	18.461
-47.654	18.394
-47.624	18.330
-47.599	18.264
POLYLINE BLACK
-42.219	20.546
-42.332	20.637
-42.431	20.748
-42.558	20.817
-43.731	21.459
-44.306	21.624
-45.685	21.967
-45.885	22.017
-46.312	22.066
-46.572	22.034
-46.698	22.019
-46.781	21.984
-46.896	21.943
POLYLINE BLACK
-39.834	17.296
-40.154	17.673
-40.139	17.698
-40.565	17.898
-40.747	17.983
-40.951	18.019
-41.085	18.183
-41.225	18.354
-41.564	18.760
-41.651	19.030
-41.815	19.539
-41.940	20.058
-42.085	20.572
POLYLINE BLACK
-50.178	18.959
-50.034	18.960
-49.816	18.989
-49.654	18.940
-49.346	18.848
-49.088	18.524
-48.980	18.234
-48.853	17.894
-48.821	17.479
-48.946	17.133
-49.042	16.867
-49.224	16.666
-49.440	16.488
-49.598	16.357
-49.788	16.253
-49.992	16.217
-50.343	16.156
-50.739	16.326
-50.999	16.554
-51.217	16.747
-51.343	16.990
-51.431	17.266
-51.497	17.475
-51.531	17.718
-51.480	17.935
-51.425	18.167
-51.300	18.380
-51.139	18.554
-50.943	18.765
-50.651	18.873
-50.370	18.902
-50.254	18.914
-50.136	18.914
-50.019	18.913
-49.949	18.913
-49.863	18.887
-49.797	18.871
POLYLINE BLACK
-50.870	17.707
-49.866	17.787
POLYLINE BLACK
-50.477	18.031
-50.383	16.972

ELEVATION
STATIONS
0.000	0.000	0
-5.084	-3.721	1
-10.550	-8.900	2
-13.579	-11.254	3
-15.805	-11.884	4
-15.653	-12.782	5
-17.059	-12.970	6
-17.049	-12.975	7
-17.105	-14.086	8
-18.011	-14.765	9
-15.384	-12.234	10
-20.647	-16.920	9.1
-23.465	-18.561	9.2
-26.940	-20.722	9.3
-28.739	-23.244	9.4
-31.092	-24.935	9.5
-35.619	-30.038	9.6
-37.290	-35.580	9.7
-41.727	-36.232	9.8
-43.832	-35.117	9.9
-41.931	-36.901	9.8.1
-43.366	-39.894	9.8.2
SHOTS
0.000	0.000	1.862	0.798
0.000	0.000	-3.098	0.608
0.000	0.000	-4.395	0.667
0.000	0.000	-1.963	1.007
0.000	0.000	0.241	0.086
0.000	0.000	2.120	1.318
0.000	0.000	1.122	0.276
0.000	0.000	-3.721	-1.605
0.000	0.000	-5.084	-3.721
-5.084	-3.721	-10.550	-8.900
-10.550	-8.900	-10.434	-9.207
-10.550	-8.900	-8.176	-7.170
-10.550	-8.900	-10.311	-9.050
-10.550	-8.900	-10.194	-9.013
-10.550	-8.900	-10.430	-9.066
-10.550	-8.900	-10.334	-9.096
-10.550	-8.900	-13.579	-11.254
-13.579	-11.254	-13.519	-11.708
-13.579	-11.254	-12.525	-10.885
-13.579	-11.254	-13.410	-11.330
-13.579	-11.254	-14.000	-11.255
-13.579	-11.254	-12.955	-11.005
-13.579	-11.254	-15.805	-11.884
-15.805	-11.884	-15.807	-11.769
-15.805	-11.884	-16.692	-11.930
-15.805	-11.884	-16.248	-12.125
-15.805	-11.884	-15.720	-12.274
-15.805	-11.884	-15.640	-12.600
-15.805	-11.884	-14.609	-12.222
-15.805	-11.884	-13.778	-11.720
-15.805	-11.884	-14.023	-11.342
-15.805	-11.884	-15.222	-11.654
-15.805	-11.884	-15.852	-12.450
-15.805	-11.884	-14.543	-12.012
-15.805	-11.884	-15.009	-11.517
-15.805	-11.884	-15.653	-12.782
-15.653	-12.782	-15.125	-12.549
-15.653	-12.782	-15.403	-12.609
-15.653	-12.782	-15.701	-12.600
-15.653	-12.782	-15.724	-12.430
-15.653	-12.782	-15.913	-12.640
-15.653	-12.782	-15.658	-13.061
-15.653	-12.782	-16.493	-13.178
-15.653	-12.782	-16.842	-13.192
-15.653	-12.782	-16.692	-12.913
-15.653	-12.782	-17.059	-12.970
-17.059	-12.970	-16.820	-12.957
-17.059	-12.970	-16.713	-13.306
-17.059	-12.970	-17.041	-12.792
-17.059	-12.970	-16.920	-12.748
-17.059	-12.970	-16.919	-12.756
-17.059	-12.970	-16.919	-12.746
-17.059	-12.970	-17.049	-12.975
-17.049	-12.975	-16.711	-13.057
-17.049	-12.975	-16.626	-13.119
-17.049	-12.975	-16.541	-12.998
-17.049	-12.975	-17.017	-12.304
-17.049	-12.975	-16.538	-12.095
-17.049	-12.975	-17.011	-12.811
-17.049	-12.975	-16.913	-13.269
-17.049	-12.975	-16.924	-13.497
-17.049	-12.975	-16.960	-12.412
-17.049	-12.975	-16.938	-14.473
-17.049	-12.975	-17.306	-15.277
-17.049	-12.975	-16.969	-13.219
-17.049	-12.975	-17.105	-14.086
-17.105	-14.086	-17.095	-13.291
-17.105	-14.086	-16.839	-14.138
-17.105	-14.086	-17.592	-13.860
-17.105	-14.086	-17.471	-13.666
-17.105	-14.086	-17.110	-13.511
-17.105	-14.086	-16.809	-14.051
-17.105	-14.086	-17.310	-14.711
-17.105	-14.086	-17.721	-14.869
-17.105	-14.086	-17.104	-13.311
-17.105	-14.086	-17.469	-14.019
-17.105	-14.086	-18.011	-14.765
-18.011	-14.765	-17.579	-14.663
-18.011	-14.765	-17.187	-14.526
-18.011	-14.765	-17.159	-14.653
-18.011	-14.765	-17.799	-14.806
-18.011	-14.765	-18.444	-15.200
-18.011	-14.765	-18.878	-15.476
-18.011	-14.765	-19.393	-15.902
-18.011	-14.765	-21.162	-17.283
-18.011	-14.765	-18.336	-14.877
-18.011	-14.765	-19.012	-15.470
-18.011	-14.765	-17.350	-14.219
-18.011	-14.765	-17.381	-14.186
-18.011	-14.765	-17.337	-14.258
-18.011	-14.765	-17.701	-13.944
-18.011	-14.765	-17.051	-13.847
-18.011	-14.765	-15.384	-12.234
-15.384	-12.234	-15.335	-13.867
-15.384	-12.234	-15.393	-13.561
-15.384	-12.234	-15.402	-13.427
-15.384	-12.234	-16.149	-13.377
-15.384	-12.234	-14.342	-18.977
-15.384	-12.234	-13.813	-17.852
-15.384	-12.234	-13.327	-14.954
-15.384	-12.234	-15.356	-12.355
-15.384	-12.234	-14.407	-18.803
-15.384	-12.234	-13.018	-12.406
-15.384	-12.234	-12.594	-14.211
-15.384	-12.234	-12.877	-16.125
-15.384	-12.234	-11.065	-7.694
-15.384	-12.234	-10.788	-6.952
-15.384	-12.234	-13.966	-22.786
-18.011	-14.765	-20.647	-16.920
-20.647	-16.920	-20.623	-16.394
-20.647	-16.920	-19.672	-15.739
-20.647	-16.920	-21.790	-17.343
-20.647	-16.920	-23.238	-18.196
-20.647	-16.920	-20.806	-16.987
-20.647	-16.920	-22.527	-17.888
-20.647	-16.920	-20.562	-17.142
-20.647	-16.920	-21.438	-17.747
-20.647	-16.920	-23.031	-19.149
-20.647	-16.920	-20.364	-17.094
-20.647	-16.920	-20.004	-16.672
-20.647	-16.920	-19.579	-16.464
-20.647	-16.920	-19.084	-16.053
-20.647	-16.920	-23.465	-18.561
-23.465	-18.561	-23.308	-18.622
-23.465	-18.561	-25.469	-19.928
-23.465	-18.561	-25.568	-19.730
-23.465	-18.561	-23.426	-18.183
-23.465	-18.561	-23.392	-19.293
-23.465	-18.561	-24.821	-20.251
-23.465	-18.561	-25.769	-19.236
-23.465	-18.561	-26.940	-20.722
-26.940	-20.722	-26.397	-20.750
-26.940	-20.722	-27.341	-23.841
-26.940	-20.722	-28.152	-23.902
-26.940	-20.722	-28.593	-23.380
-26.940	-20.722	-29.806	-25.176
-26.940	-20.722	-26.580	-22.848
-26.940	-20.722	-26.971	-20.334
-26.940	-20.722	-28.739	-23.244
-28.739	-23.244	-28.525	-23.029
-28.739	-23.244	-30.455	-22.944
-28.739	-23.244	-31.035	-23.215
-28.739	-23.244	-28.501	-21.567
-28.739	-23.244	-28.564	-39.853
-28.739	-23.244	-30.196	-25.417
-28.739	-23.244	-31.092	-24.935
-31.092	-24.935	-31.250	-24.437
-31.092	-24.935	-31.503	-26.028
-31.092	-24.935	-30.054	-16.212
-31.092	-24.935	-31.582	-23.840
-31.092	-24.935	-35.619	-30.038
-35.619	-30.038	-35.067	-29.931
-35.619	-30.038	-32.134	-26.579
-35.619	-30.038	-32.332	-25.611
-35.619	-30.038	-35.904	-28.708
-35.619	-30.038	-36.293	-32.999
-35.619	-30.038	-36.056	-33.839
-35.619	-30.038	-37.049	-34.170
-35.619	-30.038	-30.035	-22.489
-35.619	-30.038	-29.712	-24.710
-35.619	-30.038	-29.415	-22.040
-35.619	-30.038	-35.139	-33.104
-35.619	-30.038	-37.290	-35.580
-37.290	-35.580	-37.118	-35.086
-37.290	-35.580	-38.719	-35.430
-37.290	-35.580	-40.466	-36.079
-37.290	-35.580	-41.690	-36.035
-37.290	-35.580	-42.051	-35.706
-37.290	-35.580	-41.992	-36.622
-37.290	-35.580	-37.931	-35.464
-37.290	-35.580	-37.438	-35.077
-37.290	-35.580	-38.634	-35.088
-37.290	-35.580	-39.514	-35.240
-37.290	-35.580	-39.178	-33.721
-37.290	-35.580	-38.301	-32.333
-37.290	-35.580	-36.582	-29.867
-37.290	-35.580	-41.727	-36.232
-41.727	-36.232	-42.043	-35.095
-41.727	-36.232	-41.096	-35.357
-41.727	-36.232	-40.560	-35.614
-41.727	-36.232	-42.748	-35.907
-41.727	-36.232	-40.958	-37.664
-41.727	-36.232	-43.844	-35.081
-41.727	-36.232	-43.895	-35.035
-41.727	-36.232	-43.873	-35.114
-41.727	-36.232	-41.159	-23.493
-41.727	-36.232	-43.832	-35.117
-43.832	-35.117	-44.286	-26.665
-43.832	-35.117	-41.994	-34.562
-43.832	-35.117	-41.823	-34.409
-43.832	-35.117	-42.585	-34.228
-43.832	-35.117	-43.570	-34.292
-43.832	-35.117	-43.904	-34.221
-43.832	-35.117	-44.579	-34.135
-43.832	-35.117	-43.780	-34.439
-43.832	-35.117	-42.845	-26.154
-43.832	-35.117	-41.132	-23.315
-43.832	-35.117	-43.537	-25.276
-41.727	-36.232	-41.931	-36.901
-41.931	-36.901	-43.366	-39.894
-43.366	-39.894	-43.519	-39.652
-43.366	-39.894	-44.243	-39.631
-43.366	-39.894	-45.505	-39.554
-43.366	-39.894	-47.711	-39.803
-43.366	-39.894	-46.859	-39.576
-43.366	-39.894	-42.096	-40.281
-43.366	-39.894	-40.088	-40.114
-43.366	-39.894	-43.448	-36.867
-43.366	-39.894	-43.651	-38.896
-43.366	-39.894	-43.985	-41.609
-43.366	-39.894	-42.800	-35.443
-43.366	-39.894	-42.287	-36.960
-43.366	-39.894	-49.825	-17.698
-43.366	-39.894	-50.837	-12.269
-43.366	-39.894	-49.743	-11.441
-43.366	-39.894	-50.060	-12.552
-43.366	-39.894	-46.417	-101.142

