TRIP
DATE 2025-08-27
DECLINATION 0.0
DATA
0		110.78	0.40	3.837	>
0		110.07	0.07	0.180	>
0		109.97	-0.41	0.177	>
0		109.69	-0.64	3.906	>
0		109.79	-1.24	0.178	>
0		109.84	-0.93	0.179	>
0		111.28	-2.58	3.757	>
0		111.18	-2.41	3.751	>
0		111.17	-2.42	3.750	>
0	1	111.21	-2.47	3.753	>
1		8.50	33.76	3.245	>
1		8.25	33.62	3.242	>
1		8.03	33.56	3.237	>
1	2	8.26	33.65	3.241	>
2		271.85	-3.87	0.505	>
2		274.31	52.29	0.731	>
2		77.74	-24.88	1.208	>
2		287.18	-86.16	1.298	>
2		335.25	11.99	7.754	>
2		346.03	36.96	4.897	>
2		347.92	-9.62	5.860	>
2		347.95	-9.59	5.862	>
2		348.05	-9.57	5.856	>
2		338.74	-5.07	7.374	>
2		340.04	-14.57	7.927	>
2		339.44	-11.91	7.700	>
2		328.84	3.85	9.493	>
2		333.67	4.95	8.029	>
2		343.11	3.53	7.602	>
2		349.66	4.65	5.772	>
2		346.93	8.58	8.198	>
2		345.39	-4.03	7.659	>
2		349.66	3.10	9.026	>
2		349.62	3.14	9.025	>
2		349.79	3.15	9.079	>
2	3	347.97	-9.59	5.859	>
3		223.28	61.24	8.173	>
3		213.22	27.17	2.661	>
3		87.31	-74.98	12.148	>
3		139.69	-2.52	2.289	>
3		292.51	12.89	4.209	>
3		271.87	48.45	10.225	>
3		234.34	62.76	8.666	>
3		130.21	-41.86	4.910	>
3		38.43	-80.25	3.708	>
3		126.87	-62.39	5.793	>
3		94.66	-56.62	4.045	>
3		122.94	-47.95	5.280	>
3		122.83	-47.97	5.284	>
3		123.15	-47.81	5.296	>
3	4	122.97	-47.91	5.287	>
4		286.06	52.53	14.113	>
4		326.50	-4.02	2.567	>
4		299.08	72.34	2.028	>
4		347.87	-85.75	8.667	>
4		260.73	-13.39	1.371	>
4		59.49	-26.27	1.279	>
4		26.21	-12.38	1.176	>
4		38.39	-74.58	7.786	>
4		37.67	-74.59	7.789	>
4		38.11	-74.58	7.794	>
4	5	38.06	-74.58	7.790	>
5		18.70	-55.29	7.680	>
5		20.52	-54.56	7.575	>
5		352.89	-7.26	2.675	>
5		319.36	5.27	3.056	>
5		24.38	2.46	3.763	>
5		63.74	6.27	1.127	>
5		248.01	0.03	2.662	>
5		351.97	-53.73	2.806	>
5		7.31	-51.60	7.545	>
5		3.93	-52.95	4.238	>
5		238.00	-9.05	3.439	>
5		226.69	-10.71	2.342	>
5		226.33	-0.79	2.720	>
5		235.19	-17.33	2.730	>
5		230.73	-2.73	2.809	>
5		230.48	-2.93	2.817	>
5		230.63	-2.86	2.828	>
5	6	230.61	-2.84	2.818	>
6		120.11	-25.98	0.523	>
6		50.02	-84.59	0.727	>
6		279.78	-29.54	1.044	>
6		175.82	-6.78	6.708	>
6		175.61	-6.66	6.745	>
6		175.75	-6.70	6.738	>
6	7	175.73	-6.71	6.730	>
7		295.06	3.75	1.803	>
7		297.32	55.23	0.600	>
7		293.60	-55.32	0.783	>
7		353.44	8.03	2.910	>
7		340.44	0.96	3.231	>
7		9.10	3.88	6.176	>
7		230.99	0.20	8.804	>
7		265.58	14.14	1.825	>
7		247.53	-5.61	6.706	>
7		247.26	-5.91	6.739	>
7		247.50	-5.69	6.705	>
7	8	247.43	-5.74	6.717	>
8		132.99	74.04	1.543	>
8		174.73	10.95	2.432	>
8		180.01	3.32	6.790	>
8		191.69	-57.26	1.567	>
8		22.57	-8.54	2.774	>
8		20.04	21.54	0.839	>
8		243.34	49.34	14.320	>
8		254.56	48.75	13.766	>
8		227.57	65.54	7.282	>
8		256.65	52.18	16.536	>
8		185.91	5.07	4.824	>
8		175.61	6.81	4.367	>
8		181.69	2.99	3.592	>
8		178.57	4.41	7.087	>
8		224.52	-39.27	3.185	>
8		175.35	13.82	2.524	>
8		175.36	13.61	2.522	>
8		175.40	13.49	2.529	>
8	9	175.37	13.64	2.525	>
9		292.88	-47.02	2.800	>
9		242.61	-8.21	1.104	>
9		153.72	-59.57	0.757	>
9		91.23	-7.82	0.902	>
9		298.96	-51.05	5.500	>
9		296.07	-51.07	4.034	>
9		302.81	-51.14	4.367	>
9		266.73	46.95	0.260	>
9		277.70	49.95	15.976	>
9		288.01	44.13	9.817	>
9		277.13	36.71	8.149	>
9		180.19	-6.82	5.749	>
9		180.39	-6.77	4.446	>
9		180.43	-6.70	4.404	>
9		180.44	-6.85	4.437	>
9	10	180.42	-6.77	4.429	>
10		96.05	4.72	1.778	>
10		137.33	8.46	3.621	>
10		89.42	50.30	0.869	>
10		4.99	-26.28	1.476	>
10		305.40	-47.23	2.460	>
10		241.87	78.35	0.911	>
10		330.07	-49.16	1.543	>
10		338.26	-40.52	1.628	>
2	2.1	349.69	3.13	9.043	>
2.1		349.61	3.24	9.042	>
2.1		114.42	1.20	0.994	>
2.1		167.68	1.86	3.087	>
2.1		206.35	8.03	1.803	>
2.1		169.79	-74.98	0.919	>
2.1		125.30	-28.10	1.352	>
2.1		68.41	-12.13	2.255	>
2.1		59.64	-10.40	2.000	>
2.1		59.57	-10.35	1.972	>
2.1		59.45	-10.28	1.978	>
2.1		59.63	-10.55	1.990	>
2.1	2.2	59.55	-10.39	1.980	>
2.2		325.79	-2.06	3.954	>
2.2		284.64	66.20	3.744	>
2.2		264.06	5.94	1.783	>
2.2		160.26	9.09	3.074	>
2.2		117.92	-74.08	0.658	>
2.2		319.02	-12.23	3.348	>
2.2		327.05	-4.45	3.318	>
2.2		54.83	-74.15	2.506	>
2.2		30.59	-80.10	2.974	>
2.2		57.19	-77.02	7.608	>
2.2		106.13	-77.14	5.234	>
2.2		105.52	-77.29	5.230	>
2.2		105.94	-77.11	5.238	>
2.2	2.3	105.87	-77.18	5.234	>
2.3		79.21	-0.13	1.323	>
2.3		21.62	6.28	1.498	>
2.3		335.72	16.99	2.503	>
2.3		42.47	-54.46	2.450	>
2.3		15.16	-58.67	2.609	>
2.3		114.30	-0.70	0.937	>
2.3		71.42	-69.32	1.568	>
2.3		79.48	-20.63	3.085	>
2.3		94.61	-29.73	2.336	>
2.3		80.93	-41.85	3.712	>
2.3		88.72	-41.79	3.032	>
2.3		94.09	-20.37	2.966	>
2.3		104.08	-31.60	6.044	>
2.3		103.94	-32.01	6.015	>
2.3		102.33	-31.45	5.997	>
2.3	2.4	103.45	-31.69	6.019	>
2.4		102.41	-32.23	0.636	>
2.4		196.46	-12.59	1.890	>
2.4		185.52	51.57	2.510	>
2.4		157.68	35.04	4.933	>
2.4		155.65	-9.87	3.918	>
2.4		149.40	-69.58	5.500	>
2.4		111.54	-26.29	3.470	>
2.4		327.26	80.36	3.953	>
2.4		279.11	-5.34	2.726	>
2.4		228.76	29.78	2.875	>
2.4		131.17	-74.30	4.045	>
2.4		131.68	-74.15	4.059	>
2.4		130.73	-73.92	4.057	>
2.4	2.5	131.19	-74.12	4.054	>
2.5		343.40	-2.64	0.976	>
2.5		250.72	75.93	5.729	>
2.5		181.46	74.99	12.093	>
2.5		167.03	22.42	3.135	>
2.5		198.64	19.37	1.180	>
2.5		100.87	-31.74	2.294	>
2.5		86.46	8.88	1.818	>
2.5		49.81	20.70	2.300	>
2.5		54.14	36.08	3.580	>
2.5		71.89	34.40	4.371	>
2.5		72.54	41.90	5.368	>
2.5		59.13	44.58	5.346	>
2.5		70.93	37.14	6.427	>
2.5		71.07	37.01	6.357	>
2.5		70.98	36.99	6.367	>
2.5	2.6	70.99	37.05	6.384	>
2.6		71.13	37.01	6.347	>
2.6		351.14	3.21	2.150	>
2.6		4.38	43.28	2.104	>
2.6		73.88	71.02	1.949	>
2.6		70.48	12.95	3.663	>
2.6		25.98	-21.71	2.922	>
2.6		331.39	0.91	1.941	>
2.6		350.88	-57.65	1.542	>
2.6		52.53	41.40	4.054	>
2.6		58.52	43.48	8.569	>

PLAN
STATIONS
0.000	0.000	0
3.495	-1.356	1
3.883	1.314	2
2.679	6.965	3
5.652	5.036	4
6.928	6.666	5
4.753	4.880	6
5.251	-1.785	7
-0.920	-4.350	8
-0.722	-6.796	9
-0.754	-11.194	10
2.267	10.198	2.1
3.946	11.185	2.2
5.063	10.867	2.3
10.044	9.676	2.4
10.879	8.946	2.5
15.696	10.605	2.6
SHOTS
0.000	0.000	3.587	-1.361
0.000	0.000	0.169	-0.062
0.000	0.000	0.166	-0.060
0.000	0.000	3.677	-1.316
0.000	0.000	0.167	-0.060
0.000	0.000	0.168	-0.061
0.000	0.000	3.495	-1.356
3.495	-1.356	3.883	1.314
3.883	1.314	3.379	1.330
3.883	1.314	3.437	1.348
3.883	1.314	4.954	1.547
3.883	1.314	3.800	1.340
3.883	1.314	0.708	8.202
3.883	1.314	2.938	5.111
3.883	1.314	1.220	8.159
3.883	1.314	1.264	8.525
3.883	1.314	1.237	8.368
3.883	1.314	-1.018	9.419
3.883	1.314	0.335	8.483
3.883	1.314	1.679	8.574
3.883	1.314	2.850	6.974
3.883	1.314	2.050	9.210
3.883	1.314	1.956	8.707
3.883	1.314	2.679	6.965
2.679	6.965	-0.017	4.102
2.679	6.965	1.382	4.984
2.679	6.965	5.824	7.112
2.679	6.965	4.159	5.221
2.679	6.965	-1.111	8.535
2.679	6.965	-4.099	7.186
2.679	6.965	-0.543	4.652
2.679	6.965	5.472	4.604
2.679	6.965	3.069	7.457
2.679	6.965	4.827	5.353
2.679	6.965	4.897	6.784
2.679	6.965	5.652	5.036
5.652	5.036	-2.600	7.411
5.652	5.036	4.239	7.171
5.652	5.036	5.114	5.335
5.652	5.036	5.517	5.664
5.652	5.036	4.336	4.821
5.652	5.036	6.640	5.618
5.652	5.036	6.159	6.066
5.652	5.036	6.928	6.666
6.928	6.666	8.330	10.809
6.928	6.666	8.468	10.780
6.928	6.666	6.600	9.299
6.928	6.666	4.946	8.975
6.928	6.666	8.480	10.091
6.928	6.666	7.933	7.162
6.928	6.666	4.460	5.670
6.928	6.666	6.697	8.310
6.928	6.666	7.524	11.315
6.928	6.666	7.104	9.214
6.928	6.666	4.048	4.867
6.928	6.666	5.254	5.088
6.928	6.666	4.961	4.789
6.928	6.666	4.789	5.179
6.928	6.666	4.753	4.880
4.753	4.880	5.160	4.645
4.753	4.880	4.806	4.924
4.753	4.880	3.858	5.035
4.753	4.880	5.251	-1.785
5.251	-1.785	3.621	-1.023
5.251	-1.785	4.947	-1.628
5.251	-1.785	4.843	-1.607
5.251	-1.785	4.922	1.077
5.251	-1.785	4.170	1.259
5.251	-1.785	6.226	4.299
5.251	-1.785	-1.590	-7.327
5.251	-1.785	3.487	-1.921
5.251	-1.785	-0.920	-4.350
-0.920	-4.350	-0.610	-4.639
-0.920	-4.350	-0.701	-6.728
-0.920	-4.350	-0.921	-11.129
-0.920	-4.350	-1.092	-5.180
-0.920	-4.350	0.133	-1.817
-0.920	-4.350	-0.653	-3.617
-0.920	-4.350	-9.259	-8.536
-0.920	-4.350	-9.670	-6.766
-0.920	-4.350	-3.145	-6.384
-0.920	-4.350	-10.786	-6.691
-0.920	-4.350	-1.415	-9.130
-0.920	-4.350	-0.588	-8.674
-0.920	-4.350	-1.026	-7.936
-0.920	-4.350	-0.743	-11.414
-0.920	-4.350	-2.649	-6.108
-0.920	-4.350	-0.722	-6.796
-0.722	-6.796	-2.481	-6.054
-0.722	-6.796	-1.692	-7.299
-0.722	-6.796	-0.552	-7.140
-0.722	-6.796	0.171	-6.815
-0.722	-6.796	-3.747	-5.122
-0.722	-6.796	-2.999	-5.682
-0.722	-6.796	-3.025	-5.312
-0.722	-6.796	-0.899	-6.806
-0.722	-6.796	-10.908	-5.419
-0.722	-6.796	-7.423	-4.617
-0.722	-6.796	-7.205	-5.985
-0.722	-6.796	-0.741	-12.504
-0.722	-6.796	-0.754	-11.194
-0.754	-11.194	1.008	-11.381
-0.754	-11.194	1.673	-13.828
-0.754	-11.194	-0.199	-11.188
-0.754	-11.194	-0.639	-9.875
-0.754	-11.194	-2.116	-10.226
-0.754	-11.194	-0.916	-11.281
-0.754	-11.194	-1.258	-10.319
-0.754	-11.194	-1.213	-10.044
3.883	1.314	2.267	10.198
2.267	10.198	0.639	19.078
2.267	10.198	3.172	9.787
2.267	10.198	2.925	7.184
2.267	10.198	1.475	8.598
2.267	10.198	2.309	9.964
2.267	10.198	3.240	9.509
2.267	10.198	4.317	11.009
2.267	10.198	3.964	11.192
2.267	10.198	3.946	11.185
3.946	11.185	1.724	14.453
3.946	11.185	2.484	11.567
3.946	11.185	2.182	11.001
3.946	11.185	4.971	8.328
3.946	11.185	4.105	11.101
3.946	11.185	1.800	13.655
3.946	11.185	2.146	13.961
3.946	11.185	4.505	11.579
3.946	11.185	4.206	11.625
3.946	11.185	5.382	12.111
3.946	11.185	5.063	10.867
5.063	10.867	6.363	11.115
5.063	10.867	5.612	12.252
5.063	10.867	4.079	13.050
5.063	10.867	6.025	11.918
5.063	10.867	5.418	12.177
5.063	10.867	5.917	10.482
5.063	10.867	5.588	11.044
5.063	10.867	7.902	11.395
5.063	10.867	7.085	10.704
5.063	10.867	7.794	11.304
5.063	10.867	7.323	10.918
5.063	10.867	7.836	10.669
5.063	10.867	10.044	9.676
10.044	9.676	10.570	9.561
10.044	9.676	9.522	7.907
10.044	9.676	9.894	8.123
10.044	9.676	11.578	5.940
10.044	9.676	11.636	6.160
10.044	9.676	11.021	8.024
10.044	9.676	12.938	8.534
10.044	9.676	9.686	10.233
10.044	9.676	7.364	10.106
10.044	9.676	8.168	8.032
10.044	9.676	10.879	8.946
10.879	8.946	10.600	9.880
10.879	8.946	9.564	8.486
10.879	8.946	10.799	5.814
10.879	8.946	11.529	6.122
10.879	8.946	10.523	7.891
10.879	8.946	12.795	8.578
10.879	8.946	12.672	9.057
10.879	8.946	12.522	10.334
10.879	8.946	13.223	10.641
10.879	8.946	14.307	10.067
10.879	8.946	14.690	10.144
10.879	8.946	14.147	10.900
10.879	8.946	15.696	10.605
15.696	10.605	20.491	12.245
15.696	10.605	15.365	12.726
15.696	10.605	15.813	12.133
15.696	10.605	16.305	10.781
15.696	10.605	19.061	11.798
15.696	10.605	16.885	13.046
15.696	10.605	14.766	12.309
15.696	10.605	15.565	11.420
15.696	10.605	18.109	12.456
15.696	10.605	20.998	13.852
POLYLINE BLACK
8.844	11.459
8.798	11.423
POLYLINE BLACK
4.993	1.005
4.999	1.195
5.020	1.385
5.012	1.575
5.008	1.665
4.977	1.751
4.956	1.838
4.842	2.304
4.739	2.773
4.606	3.234
4.214	4.597
4.295	3.808
4.156	4.978
4.150	5.028
4.157	5.113
4.176	5.168
4.220	5.296
4.439	5.534
4.446	5.543
POLYLINE BLACK
1.168	4.953
1.254	4.914
1.342	4.882
1.424	4.836
1.502	4.793
1.577	4.744
1.646	4.687
1.999	4.396
2.151	4.228
2.399	3.815
2.633	3.425
2.717	3.065
2.878	2.637
2.902	2.572
2.944	2.513
2.965	2.445
3.378	1.107
2.987	2.176
3.301	1.345
POLYLINE BLACK
0.211	6.641
0.560	6.637
0.910	6.633
1.260	6.629
1.549	6.610
1.839	6.573
2.129	6.572
2.323	6.570
2.517	6.604
2.710	6.620
POLYLINE BLACK
4.128	5.248
4.302	5.179
4.351	4.967
4.508	4.883
4.674	4.793
4.680	4.835
4.906	4.748
5.353	4.574
5.018	4.623
5.527	4.531
5.532	4.531
5.750	4.496
5.818	4.520
6.061	4.604
6.300	4.717
6.471	4.916
6.713	5.199
6.829	5.556
6.946	5.907
7.035	6.175
7.209	6.752
7.070	7.082
7.013	7.219
6.909	7.327
6.807	7.433
6.763	7.479
6.712	7.516
6.661	7.553
6.477	7.683
6.343	7.766
6.127	7.837
5.976	7.886
5.824	7.939
5.667	7.958
5.589	7.968
4.544	7.968
4.139	8.112
3.571	8.313
3.007	8.524
2.445	8.740
2.059	8.889
2.006	9.006
1.526	9.032
0.886	9.067
0.243	9.078
-0.396	9.032
-0.515	9.023
-2.378	8.861
-3.015	8.580
-3.262	8.471
-3.493	8.328
-3.727	8.192
-3.903	8.088
-4.025	7.955
-4.161	7.799
-4.195	7.760
-4.226	7.717
-4.252	7.671
-4.382	7.439
-4.450	7.043
-4.325	6.794
-4.189	6.524
-4.084	6.231
-3.897	5.993
-3.558	5.563
-3.153	5.189
-2.760	4.808
-2.617	4.669
-2.460	4.543
-2.293	4.435
-1.764	4.091
-1.379	3.927
-0.765	3.870
-0.666	3.861
-0.564	3.860
-0.465	3.873
0.013	3.933
0.155	3.985
0.591	4.201
0.751	4.280
0.905	4.370
1.057	4.465
1.163	4.531
1.275	4.622
1.333	4.738
1.370	4.812
1.364	4.867
1.368	4.952
POLYLINE BLACK
5.594	3.988
5.523	4.015
5.457	4.048
5.452	4.132
5.447	4.219
5.437	4.306
5.441	4.393
5.451	4.584
5.500	4.757
5.629	4.900
5.658	4.932
5.711	4.974
5.752	4.989
5.839	5.021
5.927	5.049
6.017	5.073
6.132	5.103
6.330	5.056
6.407	5.041
6.486	5.026
6.584	4.988
6.652	4.941
6.813	4.830
6.910	4.699
7.031	4.534
7.128	4.402
7.211	4.232
7.223	4.066
7.237	3.887
7.212	3.757
7.110	3.609
7.076	3.561
7.027	3.509
6.977	3.476
6.884	3.416
6.771	3.374
6.664	3.353
6.575	3.335
6.202	3.262
6.034	3.290
5.927	3.308
5.823	3.339
5.718	3.368
5.686	3.377
5.655	3.390
5.625	3.405
5.585	3.424
5.542	3.464
5.515	3.496
5.405	3.625
5.392	3.753
5.468	3.906
5.511	3.991
5.563	4.035
5.630	4.110
POLYLINE BLACK
5.954	4.019
6.786	4.208
POLYLINE BLACK
6.331	4.462
6.283	4.211
6.328	4.184
6.380	3.920
6.388	3.879
6.389	3.838
6.394	3.796
POLYLINE BLACK
6.838	3.364
7.138	3.017
7.575	2.869
7.925	2.595
POLYLINE BLACK
7.941	2.900
7.998	2.823
8.050	2.743
8.111	2.670
8.136	2.639
8.254	2.557
8.267	2.482
8.281	2.408
8.206	2.356
8.145	2.337
8.105	2.325
8.064	2.320
8.024	2.306
7.916	2.268
7.849	2.205
7.751	2.136
POLYLINE BLACK
8.455	2.809
8.414	2.743
8.389	2.717
8.373	2.646
8.364	2.605
8.350	2.545
8.371	2.502
8.386	2.473
8.418	2.452
8.449	2.448
8.576	2.430
8.704	2.414
8.831	2.401
8.845	2.400
8.864	2.407
8.871	2.420
8.896	2.465
8.822	2.562
8.805	2.602
8.784	2.652
8.769	2.705
8.751	2.756
POLYLINE BLACK
9.209	2.897
9.194	2.899
9.124	2.919
9.091	2.905
9.038	2.882
9.061	2.801
9.090	2.769
9.119	2.737
9.174	2.708
9.202	2.688
9.271	2.634
9.298	2.560
9.214	2.506
9.163	2.473
9.126	2.453
9.068	2.439
8.997	2.421
8.952	2.479
8.885	2.514
POLYLINE BLACK
9.524	2.949
9.660	2.280
9.624	2.582
9.654	1.811
9.654	1.806
9.653	1.775
9.638	1.774
9.623	1.773
9.599	1.803
9.595	1.808
9.565	1.853
9.534	1.897
9.509	1.945
9.374	2.201
9.384	2.579
9.551	2.820
9.592	2.880
9.676	2.980
9.761	2.936
9.832	2.899
9.910	2.812
9.903	2.727
9.902	2.714
9.878	2.653
9.862	2.657
9.813	2.668
9.768	2.690
9.720	2.707
POLYLINE BLACK
10.052	3.073
10.082	2.967
10.117	2.863
10.142	2.756
10.163	2.664
10.175	2.673
10.139	2.655
POLYLINE BLACK
10.129	3.301
10.067	3.310
POLYLINE BLACK
10.288	3.003
10.325	2.904
10.356	2.802
10.398	2.705
10.400	2.700
10.411	2.699
10.415	2.704
10.424	2.712
10.425	2.726
10.429	2.738
10.445	2.786
10.461	2.963
10.555	2.985
10.591	2.993
10.632	2.982
10.660	2.958
10.692	2.930
10.711	2.886
10.727	2.849
10.771	2.744
10.768	2.669
10.784	2.546
POLYLINE BLACK
7.482	2.010
7.567	1.306
7.470	1.562
7.633	1.203
POLYLINE BLACK
7.873	1.843
7.760	1.729
7.652	1.610
7.535	1.499
7.507	1.473
7.472	1.454
7.439	1.434
7.430	1.428
7.343	1.370
7.348	1.429
7.359	1.543
7.486	1.444
7.518	1.409
7.585	1.336
7.641	1.254
7.706	1.178
7.775	1.099
7.877	1.193
7.905	1.262
7.930	1.325
7.945	1.391
7.975	1.451
7.978	1.457
7.987	1.444
7.993	1.440
8.001	1.407
8.007	1.373
8.017	1.340
8.074	1.157
8.291	1.260
8.364	1.373
8.433	1.481
8.420	1.629
8.287	1.673
8.242	1.688
8.195	1.695
8.149	1.682
8.071	1.658
8.000	1.571
7.970	1.500
7.942	1.434
7.927	1.364
7.905	1.296
POLYLINE BLACK
8.650	1.825
8.668	1.648
8.682	1.469
8.705	1.292
8.706	1.284
8.713	1.305
8.717	1.312
8.733	1.394
8.745	1.477
8.764	1.558
8.770	1.581
8.781	1.602
8.792	1.623
8.825	1.685
8.867	1.728
8.928	1.668
8.963	1.634
8.984	1.611
9.005	1.568
9.013	1.553
9.016	1.538
9.022	1.523
9.027	1.511
9.027	1.496
9.038	1.489
9.044	1.484
9.053	1.492
9.057	1.498
9.066	1.511
9.069	1.526
9.075	1.540
9.093	1.579
9.109	1.619
9.129	1.657
9.150	1.697
9.173	1.732
9.207	1.760
9.268	1.810
9.393	1.798
9.413	1.709
9.425	1.656
9.432	1.603
9.440	1.550
9.443	1.532
9.443	1.514
9.445	1.496
9.451	1.461
9.458	1.425
9.465	1.390
POLYLINE BLACK
9.693	1.715
9.698	1.469
POLYLINE BLACK
9.775	1.915
9.732	1.934
POLYLINE BLACK
9.936	1.889
9.958	1.788
9.972	1.685
10.004	1.586
10.010	1.568
10.011	1.623
10.015	1.642
10.028	1.704
10.040	1.766
10.057	1.827
10.085	1.934
10.177	1.896
10.220	1.824
10.259	1.759
10.258	1.630
10.234	1.562
10.222	1.527
10.201	1.496
10.184	1.463
POLYLINE BLACK
10.480	1.843
10.514	1.823
10.547	1.802
10.582	1.783
10.653	1.746
10.729	1.874
10.650	1.941
10.633	1.954
10.613	1.960
10.592	1.955
10.570	1.950
10.548	1.935
10.532	1.921
10.517	1.908
10.503	1.894
10.490	1.879
10.466	1.850
10.447	1.814
10.436	1.778
10.428	1.753
10.426	1.724
10.430	1.698
10.446	1.590
10.557	1.529
10.658	1.567
10.723	1.592
10.801	1.658
10.838	1.717
10.920	1.849
10.971	1.998
10.976	2.154
10.978	2.202
10.974	2.250
10.968	2.298
10.966	2.311
10.964	2.326
10.954	2.335
10.948	2.340
10.938	2.332
10.933	2.327
10.925	2.319
10.920	2.307
10.916	2.296
10.908	2.280
10.902	2.263
10.898	2.245
10.893	2.222
10.889	2.199
10.889	2.176
10.889	2.102
10.905	1.939
10.951	1.874
10.984	1.829
11.023	1.788
11.059	1.745
POLYLINE BLACK
11.241	2.120
11.152	2.088
10.925	1.987
11.027	1.853
11.048	1.826
11.070	1.804
11.101	1.787
11.199	1.730
11.308	1.733
11.418	1.735
POLYLINE BLACK
12.127	1.915
12.142	1.740
12.172	1.377
12.198	1.240
12.225	1.107
12.158	1.511
12.152	1.647
12.148	1.747
12.169	1.884
12.202	1.985
12.210	2.010
12.221	2.033
12.233	2.056
12.353	2.280
12.506	1.968
12.451	1.847
12.444	1.832
12.417	1.787
12.396	1.787
12.346	1.787
12.296	1.796
12.245	1.800
POLYLINE BLACK
12.580	2.144
12.586	2.050
12.594	1.957
12.598	1.864
12.600	1.808
12.586	1.974
12.584	2.030
12.583	2.089
12.596	2.168
12.667	2.177
12.749	2.187
12.796	2.129
12.821	2.057
12.829	2.035
12.834	2.002
12.831	1.979
12.828	1.956
12.824	1.933
12.817	1.911
12.813	1.901
12.760	1.803
12.773	1.786
12.784	1.772
12.811	1.776
12.824	1.776
12.997	1.776
13.081	1.745
13.157	1.912
13.174	1.949
13.178	1.992
13.202	2.026
13.207	2.034
13.216	2.011
13.220	2.002
13.227	1.989
13.228	1.973
13.234	1.960
13.243	1.941
13.263	1.929
13.282	1.925
13.327	1.916
13.383	1.934
13.419	1.960
13.434	1.971
13.449	1.987
13.457	2.003
13.463	2.015
13.467	2.027
13.471	2.039
13.473	2.044
13.477	2.058
13.476	2.053
13.366	1.613
13.422	1.953
13.432	1.152
POLYLINE BLACK
7.570	0.443
7.626	0.192
7.689	-0.057
7.740	-0.309
7.749	-0.353
7.749	-0.399
7.750	-0.444
7.750	-0.460
7.742	-0.465
7.731	-0.454
7.722	-0.446
7.715	-0.437
7.710	-0.427
7.579	-0.166
7.527	-0.100
7.474	0.143
7.467	0.175
7.450	0.264
7.462	0.314
7.478	0.379
7.498	0.424
7.533	0.484
7.590	0.582
7.712	0.590
7.773	0.489
7.810	0.426
7.827	0.350
7.814	0.278
7.807	0.237
7.775	0.208
7.732	0.222
7.725	0.224
7.719	0.229
7.713	0.233
7.688	0.251
7.662	0.269
7.636	0.287
POLYLINE BLACK
7.859	0.633
8.190	-0.103
7.992	0.242
8.015	0.441
8.027	0.548
8.088	0.559
8.162	0.493
8.225	0.438
8.229	0.361
8.223	0.282
8.222	0.260
8.207	0.226
8.224	0.204
8.247	0.174
8.322	0.189
8.343	0.188
8.363	0.186
8.383	0.182
8.402	0.177
8.456	0.163
8.479	0.144
8.529	0.144
8.763	0.144
8.772	0.396
8.832	0.568
8.841	0.596
8.862	0.619
8.867	0.648
8.869	0.654
8.856	0.656
8.849	0.654
8.807	0.642
8.765	0.605
8.740	0.570
8.707	0.523
8.703	0.451
8.727	0.400
8.791	0.266
9.034	0.286
9.132	0.366
9.171	0.397
9.173	0.410
9.204	0.453
9.212	0.465
9.218	0.479
9.230	0.488
9.235	0.492
9.246	0.491
9.250	0.486
9.258	0.475
9.260	0.459
9.262	0.445
9.313	0.157
9.364	-0.132
9.410	-0.422
9.411	-0.429
9.410	-0.464
9.392	-0.466
9.375	-0.467
9.349	-0.441
9.342	-0.433
9.269	-0.352
9.231	-0.228
9.214	-0.126
9.200	-0.049
9.192	0.029
9.192	0.106
9.192	0.191
9.200	0.275
9.214	0.358
9.226	0.431
9.249	0.502
9.271	0.572
9.287	0.624
9.343	0.733
9.404	0.751
9.491	0.775
9.558	0.578
9.548	0.515
9.547	0.509
9.544	0.503
9.540	0.498
9.503	0.464
9.463	0.433
9.424	0.400
POLYLINE BLACK
9.737	0.760
9.759	0.692
9.781	0.624
9.803	0.556
9.806	0.537
9.811	0.519
9.812	0.501
9.813	0.482
9.808	0.463
9.806	0.445
POLYLINE BLACK
9.698	1.160
9.737	1.067
POLYLINE BLACK
9.936	0.837
9.944	0.773
9.950	0.709
9.961	0.646
9.966	0.619
9.973	0.593
9.985	0.569
9.988	0.563
9.999	0.557
10.004	0.562
10.015	0.572
10.017	0.589
10.023	0.604
10.040	0.650
10.053	0.697
10.071	0.743
10.125	0.876
10.233	0.739
10.276	0.671
10.288	0.651
10.300	0.631
10.306	0.609
10.349	0.474
10.348	0.453
10.364	0.341
POLYLINE BLACK
10.805	0.806
10.796	0.819
10.766	0.888
10.729	0.900
10.690	0.914
10.649	0.874
10.626	0.850
10.597	0.820
10.575	0.788
10.558	0.750
10.528	0.679
10.504	0.533
10.592	0.487
10.667	0.447
10.766	0.526
10.807	0.583
10.839	0.627
10.854	0.673
10.907	0.693
10.947	0.709
10.984	0.697
11.025	0.697
11.082	0.698
11.152	0.729
11.175	0.785
11.205	0.855
11.094	0.923
11.031	0.866
10.951	0.794
10.882	0.669
10.906	0.558
10.928	0.462
11.050	0.407
11.136	0.391
11.181	0.383
11.225	0.384
11.269	0.394
11.350	0.411
11.394	0.467
11.449	0.525
POLYLINE BLACK
11.447	3.672
11.442	3.719
11.434	3.767
11.431	3.814
11.425	3.905
11.483	3.999
11.567	4.032
11.669	4.073
11.779	3.959
11.822	3.879
11.848	3.830
11.865	3.775
11.861	3.719
11.854	3.614
11.775	3.508
11.711	3.438
11.600	3.316
11.472	3.211
11.357	3.093
11.319	3.055
11.292	2.988
11.300	2.934
11.306	2.888
11.328	2.847
11.360	2.813
11.454	2.708
11.589	2.694
11.709	2.764
11.781	2.807
11.817	2.863
11.863	2.931
POLYLINE BLACK
11.632	2.533
11.674	2.474
11.710	2.422
11.700	2.349
11.697	2.331
11.692	2.306
11.677	2.293
11.629	2.254
11.542	2.337
11.554	2.396
11.564	2.445
11.591	2.472
11.620	2.518
POLYLINE BLACK
6.754	4.003
6.781	4.022
6.805	4.045
6.835	4.061
6.856	4.073
6.859	4.036
6.858	4.030
6.852	3.960
6.840	3.918
6.814	3.856
6.803	3.830
6.784	3.807
6.778	3.780
6.776	3.773
6.786	3.767
6.793	3.767
6.805	3.765
6.818	3.767
6.828	3.773
6.876	3.802
6.920	3.838
6.966	3.871
POLYLINE BLACK
6.816	3.621
6.815	3.618
POLYLINE BLACK
5.288	7.197
5.362	7.057
5.371	6.990
5.392	6.842
POLYLINE BLACK
5.255	7.237
5.291	7.289
5.373	7.432
5.458	7.424
5.568	7.413
5.689	7.143
5.710	7.103
5.733	7.057
5.752	6.984
5.741	6.932
5.715	6.816
5.461	6.723
5.431	6.706
5.404	6.691
5.374	6.695
5.355	6.719
5.296	6.794
5.297	6.945
5.288	7.029
POLYLINE BLACK
5.596	6.719
5.635	6.632
5.647	6.527
5.713	6.457
5.709	6.471
5.653	6.614
5.657	6.683
5.662	6.765
5.741	6.827
5.793	6.878
5.818	6.904
5.854	6.927
5.889	6.904
5.896	6.899
5.903	6.894
5.907	6.887
5.970	6.793
6.031	6.698
6.090	6.602
6.143	6.518
5.967	6.446
5.921	6.433
5.852	6.412
5.781	6.401
5.713	6.379
5.650	6.359
5.572	6.290
5.527	6.256
POLYLINE BLACK
5.814	7.059
5.839	7.107
5.861	7.158
5.889	7.204
5.916	7.250
5.986	7.344
6.042	7.271
6.147	7.134
6.251	6.997
6.353	6.857
6.360	6.847
6.360	6.828
6.357	6.817
6.324	6.692
6.010	6.679
5.953	6.807
5.947	6.821
5.943	6.835
5.938	6.850
5.927	6.889
5.918	6.930
5.905	6.969
5.872	7.063
5.804	7.118
5.738	7.199
POLYLINE BLACK
4.967	6.163
5.003	6.065
5.043	5.968
5.076	5.869
5.078	5.864
5.068	5.874
5.064	5.876
5.013	5.965
4.959	6.054
4.910	6.144
4.861	6.233
4.908	6.326
4.984	6.379
5.042	6.421
5.094	6.402
5.138	6.350
5.217	6.256
5.364	6.139
5.258	6.009
5.221	5.964
5.072	5.937
5.052	5.931
POLYLINE BLACK
4.432	6.954
4.467	6.908
4.508	6.865
4.538	6.816
4.567	6.755
4.595	6.694
4.624	6.634
4.621	6.626
4.624	6.606
4.616	6.609
4.596	6.616
4.584	6.636
4.570	6.652
4.520	6.710
4.474	6.761
4.442	6.830
4.396	6.929
4.482	7.090
4.587	7.114
4.679	7.134
4.760	6.991
4.795	6.945
4.826	6.904
4.930	6.817
4.896	6.741
4.853	6.648
4.717	6.590
4.636	6.548
POLYLINE RED
4.018	5.175
3.954	5.155
3.919	5.152
3.870	5.117
3.768	5.043
3.723	4.893
3.792	4.782
3.829	4.725
3.882	4.709
3.935	4.673
3.993	4.635
4.028	4.580
4.070	4.525
POLYLINE RED
3.990	4.515
3.990	4.514
POLYLINE RED
3.947	4.550
4.002	4.452
4.070	4.359
4.113	4.254
4.287	3.831
4.315	3.414
4.309	2.947
4.305	2.611
4.238	2.279
4.219	1.943
4.170	1.073
4.300	1.098
4.016	0.171
3.923	-0.131
3.755	-0.404
3.638	-0.697
3.553	-0.912
3.539	-1.161
3.510	-1.385
POLYLINE RED
3.944	4.589
3.944	4.589
POLYLINE RED
3.996	4.440
3.958	4.552
3.914	4.662
3.883	4.776
3.865	4.840
3.857	4.907
3.850	4.973
3.843	5.032
3.850	5.224
3.952	5.221
4.669	5.201
4.374	5.176
4.672	5.204
POLYLINE RED
5.122	5.163
5.176	5.136
5.233	5.114
5.284	5.082
5.404	5.007
5.533	4.894
5.595	4.763
5.616	4.718
5.631	4.670
5.648	4.623
5.661	4.584
5.664	4.554
5.695	4.525
5.785	4.443
6.053	4.411
6.118	4.398
6.160	4.390
6.205	4.402
6.234	4.366
6.271	4.320
6.264	4.236
6.254	4.183
6.227	4.049
6.186	3.918
6.167	3.782
6.153	3.687
6.152	3.591
6.155	3.495
6.182	2.718
6.248	1.941
6.256	1.164
6.265	0.267
6.117	-0.130
5.802	-1.029
5.731	-1.233
5.592	-1.553
5.428	-1.747
5.397	-1.783
5.357	-1.812
5.321	-1.844
POLYLINE RED
1.557	-4.334
1.532	-4.342
POLYLINE RED
8.248	-3.246
8.365	-3.348
8.478	-3.453
8.599	-3.550
8.631	-3.576
8.668	-3.594
8.704	-3.614
8.818	-3.674
8.874	-3.580
8.905	-3.476
9.006	-3.140
8.979	-3.144
9.020	-2.714
POLYLINE RED
8.917	-3.880
8.874	-3.891
8.830	-3.899
8.788	-3.913
8.759	-3.923
8.775	-3.960
8.790	-3.973
8.822	-4.002
8.856	-4.028
8.892	-4.052
8.922	-4.071
8.955	-4.086
8.987	-4.102
9.006	-4.111
9.026	-4.117
9.045	-4.127
9.090	-4.149
9.101	-4.202
9.094	-4.247
9.079	-4.349
8.974	-4.398
8.881	-4.403
8.872	-4.404
8.831	-4.406
8.824	-4.388
8.808	-4.352
8.802	-4.313
8.791	-4.275
POLYLINE RED
9.195	-3.758
9.363	-3.964
9.279	-3.851
9.442	-4.097
POLYLINE RED
9.164	-3.506
9.198	-3.538
POLYLINE RED
9.473	-2.960
9.699	-3.421
9.676	-3.488
9.916	-3.767
9.950	-3.807
9.988	-3.842
10.024	-3.880
POLYLINE RED
10.082	-3.260
10.044	-3.344
10.010	-3.429
9.969	-3.511
9.938	-3.573
9.886	-3.618
9.836	-3.663
9.817	-3.681
9.794	-3.695
9.774	-3.713
9.772	-3.716
9.771	-3.721
9.772	-3.725
9.775	-3.745
9.825	-3.755
9.834	-3.756
9.955	-3.768
10.076	-3.777
10.198	-3.783
10.259	-3.786
10.327	-3.768
10.360	-3.711
10.418	-3.611
10.405	-3.491
10.400	-3.380
POLYLINE RED
10.391	-3.171
10.619	-3.480
10.537	-3.331
10.660	-3.605
POLYLINE RED
10.345	-2.615
10.374	-2.612
POLYLINE RED
8.346	-4.941
8.929	-5.763
8.624	-5.587
8.988	-5.779
POLYLINE RED
8.965	-4.562
8.955	-4.785
8.970	-4.851
8.893	-5.059
8.826	-5.242
8.765	-5.371
8.654	-5.519
8.621	-5.562
8.577	-5.599
8.531	-5.627
8.513	-5.638
8.478	-5.660
8.451	-5.658
8.387	-5.656
8.380	-5.543
8.398	-5.501
8.422	-5.446
8.493	-5.426
8.546	-5.419
8.714	-5.399
8.780	-5.394
8.933	-5.447
9.011	-5.474
9.333	-5.669
9.395	-5.468
9.415	-5.405
9.406	-5.359
9.407	-5.286
POLYLINE RED
9.443	-4.831
9.495	-4.983
9.567	-5.133
9.680	-5.249
9.756	-5.328
9.884	-5.374
9.886	-5.219
9.888	-5.098
9.852	-4.983
9.802	-4.875
9.796	-4.861
9.786	-4.849
9.780	-4.835
9.751	-4.770
9.724	-4.704
9.696	-4.639
POLYLINE RED
9.815	-3.954
9.919	-4.138
10.020	-4.324
10.127	-4.506
10.142	-4.532
10.152	-4.520
10.150	-4.499
10.145	-4.448
10.132	-4.397
10.128	-4.345
10.123	-4.289
10.134	-4.146
10.229	-4.175
10.287	-4.192
10.333	-4.210
10.382	-4.245
10.403	-4.261
10.425	-4.278
10.442	-4.299
10.462	-4.322
10.533	-4.404
10.553	-4.458
10.588	-4.551
10.503	-4.656
10.406	-4.651
10.323	-4.646
10.191	-4.557
10.146	-4.534
POLYLINE RED
10.451	-4.114
10.522	-4.215
10.590	-4.318
10.663	-4.417
10.680	-4.440
10.718	-4.464
10.743	-4.476
10.826	-4.515
10.864	-4.480
10.884	-4.392
10.901	-4.323
10.909	-4.273
10.903	-4.205
10.893	-4.093
10.819	-4.014
10.756	-3.927
POLYLINE RED
11.372	-3.496
11.344	-3.501
11.129	-3.502
11.096	-3.560
11.058	-3.626
11.224	-3.765
11.266	-3.785
11.344	-3.824
11.426	-3.853
11.506	-3.886
11.525	-3.894
11.565	-3.900
11.580	-3.923
11.594	-3.945
11.575	-3.975
11.559	-3.989
11.524	-4.019
11.488	-4.048
11.451	-4.074
11.424	-4.091
11.396	-4.105
11.367	-4.119
11.360	-4.123
11.352	-4.128
11.343	-4.128
11.302	-4.124
11.261	-4.114
11.219	-4.107
POLYLINE RED
11.839	-3.475
11.998	-3.698
11.900	-3.610
12.129	-3.744
POLYLINE RED
11.768	-3.029
11.894	-3.190
POLYLINE RED
12.325	-3.116
12.318	-3.116
12.249	-3.115
12.221	-3.127
12.134	-3.169
12.090	-3.298
12.113	-3.387
12.161	-3.576
12.380	-3.528
12.475	-3.404
12.530	-3.332
12.552	-3.241
12.561	-3.151
12.573	-3.026
12.549	-2.907
12.458	-2.817
12.436	-2.796
12.408	-2.782
12.378	-2.777
12.346	-2.773
12.309	-2.790
12.283	-2.803
12.209	-2.840
12.182	-2.903
12.197	-2.984
12.204	-3.022
12.208	-3.064
12.227	-3.098
12.274	-3.182
12.337	-3.254
12.392	-3.333
POLYLINE RED
12.557	-3.124
12.626	-3.206
12.728	-3.391
12.867	-3.343
12.932	-3.321
12.994	-3.250
13.039	-3.212
POLYLINE RED
3.458	-0.910
3.469	-0.964
3.484	-1.017
3.493	-1.072
3.507	-1.157
3.471	-1.291
3.455	-1.352
3.429	-1.453
3.365	-1.548
3.274	-1.600
3.161	-1.666
2.833	-1.683
2.796	-1.685
2.475	-1.706
1.696	-1.519
1.627	-1.509
1.433	-1.480
0.805	-1.582
0.794	-1.584
-0.066	-1.779
0.063	-1.723
-0.374	-1.980
POLYLINE RED
5.431	-1.653
5.424	-1.707
5.420	-1.761
5.410	-1.814
5.405	-1.840
5.400	-1.868
5.385	-1.890
5.249	-2.087
5.106	-2.279
4.959	-2.467
4.756	-2.728
4.534	-2.973
4.336	-3.237
4.002	-3.682
4.019	-3.813
3.619	-4.196
2.245	-5.508
3.442	-4.243
2.998	-4.716
POLYLINE RED
2.837	-4.872
2.881	-4.868
POLYLINE RED
2.909	-4.817
2.138	-6.002
2.349	-5.810
1.563	-6.652
1.513	-6.706
1.443	-6.740
1.399	-6.799
1.204	-7.061
1.059	-7.358
0.851	-7.609
0.709	-7.781
0.520	-7.908
0.356	-8.059
-0.222	-8.592
-0.048	-8.402
-0.314	-8.704
POLYLINE RED
-0.190	-8.620
-0.226	-8.655
-0.267	-8.685
-0.296	-8.726
-0.451	-8.941
-0.576	-9.170
-0.602	-9.437
-0.612	-9.531
-0.606	-9.626
-0.608	-9.721
POLYLINE RED
-1.506	-9.012
-1.503	-9.018
POLYLINE RED
-1.445	-9.164
-1.330	-9.631
-1.347	-9.438
-1.338	-9.734
POLYLINE RED
-0.914	-5.406
-0.922	-5.352
-0.944	-5.270
-0.930	-5.210
-0.889	-5.023
-0.848	-4.994
-0.774	-4.789
-0.739	-4.689
-0.738	-4.556
-0.646	-4.483
-0.602	-4.447
-0.556	-4.412
-0.506	-4.384
-0.491	-4.376
0.120	-4.057
0.253	-4.022
0.419	-3.979
0.590	-3.963
0.760	-3.936
0.765	-3.935
0.770	-3.937
0.775	-3.939
0.810	-3.951
0.837	-3.995
0.847	-4.027
0.924	-4.275
0.952	-4.428
0.936	-4.714
0.918	-5.052
0.854	-5.386
0.829	-5.723
0.821	-5.836
0.891	-6.218
0.763	-6.375
0.691	-6.463
0.561	-6.508
0.450	-6.506
0.139	-6.503
-0.171	-6.487
-0.481	-6.468
-0.534	-6.464
-0.613	-6.439
-0.657	-6.403
-0.765	-6.312
-0.848	-6.003
-0.858	-5.965
-0.909	-5.769
-0.995	-5.412
-0.987	-5.152
-0.985	-5.084
-0.963	-5.023
-0.945	-4.957
POLYLINE RED
0.966	-5.214
0.955	-5.201
0.817	-5.179
0.857	-5.240
0.865	-5.253
0.874	-5.265
0.885	-5.274
1.059	-5.420
1.222	-5.581
1.412	-5.705
1.978	-6.074
2.588	-6.373
3.149	-6.749
3.344	-6.880
3.507	-7.055
3.672	-7.222
3.902	-7.455
4.102	-7.714
4.330	-7.947
4.550	-8.125
4.687	-8.238
4.591	-8.159
POLYLINE RED
5.052	-7.639
5.065	-7.896
5.071	-8.153
5.090	-8.410
5.091	-8.415
5.123	-8.571
5.147	-8.592
5.160	-8.604
5.140	-8.558
5.136	-8.541
5.105	-8.428
5.068	-8.316
5.043	-8.201
5.016	-8.085
5.032	-7.948
5.076	-7.839
5.095	-7.791
5.135	-7.746
5.169	-7.711
5.299	-7.579
5.451	-7.582
5.564	-7.737
5.611	-7.800
5.611	-7.882
5.655	-7.947
5.685	-7.992
5.730	-8.031
5.773	-8.062
5.818	-8.095
5.847	-8.096
5.876	-8.133
5.907	-8.171
5.918	-8.225
5.912	-8.273
5.905	-8.344
5.844	-8.397
5.791	-8.436
5.637	-8.551
5.419	-8.572
5.237	-8.596
5.133	-8.610
4.976	-8.585
4.934	-8.470
4.916	-8.418
4.931	-8.371
4.937	-8.316
POLYLINE RED
5.043	-8.139
5.262	-8.132
5.389	-8.100
5.557	-7.958
5.615	-7.908
5.669	-7.833
5.658	-7.752
5.641	-7.621
5.345	-7.571
5.251	-7.599
5.181	-7.619
5.115	-7.654
5.047	-7.682
POLYLINE RED
5.064	-8.189
5.200	-8.134
5.335	-8.055
5.485	-8.045
5.528	-8.043
5.682	-8.023
5.766	-8.050
5.827	-8.070
5.841	-8.144
5.853	-8.196
5.875	-8.285
5.865	-8.364
5.819	-8.443
5.767	-8.531
5.696	-8.583
5.603	-8.628
5.448	-8.702
5.234	-8.781
5.057	-8.736
4.984	-8.717
4.932	-8.663
4.875	-8.617
POLYLINE RED
6.123	-7.540
6.124	-7.791
6.119	-8.042
6.126	-8.293
6.132	-8.498
6.102	-8.510
6.170	-8.461
POLYLINE RED
6.941	-7.508
6.892	-7.486
6.842	-7.455
6.786	-7.467
6.666	-7.494
6.579	-7.676
6.547	-7.775
6.519	-7.861
6.497	-7.972
6.496	-8.065
6.494	-8.239
6.605	-8.378
6.783	-8.382
6.833	-8.383
6.885	-8.372
6.927	-8.345
7.049	-8.266
7.048	-8.100
6.924	-8.025
6.897	-8.009
6.784	-7.990
6.866	-7.952
7.024	-7.878
7.128	-7.872
7.320	-7.829
POLYLINE RED
4.437	-9.228
4.386	-9.508
4.334	-9.788
4.284	-10.069
4.283	-10.077
4.288	-10.053
4.292	-10.046
4.299	-10.033
4.309	-10.024
4.322	-10.020
4.335	-10.015
4.357	-10.014
4.370	-10.018
4.421	-10.031
4.471	-10.047
4.521	-10.063
4.600	-10.087
4.648	-10.108
4.731	-10.098
4.781	-10.092
4.805	-10.036
4.807	-9.992
4.818	-9.814
4.719	-9.684
4.656	-9.515
4.621	-9.419
4.625	-9.295
4.654	-9.199
4.675	-9.132
4.704	-9.068
4.729	-9.003
POLYLINE RED
5.076	-9.085
5.069	-9.362
5.116	-9.646
5.056	-9.917
5.026	-10.048
4.999	-9.654
4.978	-9.521
4.970	-9.475
4.976	-9.401
4.989	-9.354
5.004	-9.298
5.025	-9.258
5.059	-9.211
5.106	-9.144
5.204	-9.083
5.277	-9.147
5.313	-9.180
5.340	-9.234
5.357	-9.273
5.460	-9.499
5.416	-9.777
5.410	-10.009
POLYLINE RED
5.036	-9.562
5.716	-9.410
POLYLINE RED
5.856	-9.170
5.933	-9.477
5.945	-9.502
5.991	-9.929
5.993	-9.952
5.967	-9.890
5.958	-9.869
5.938	-9.816
5.917	-9.763
5.904	-9.708
5.882	-9.617
5.872	-9.529
5.879	-9.437
5.882	-9.398
5.900	-9.356
5.927	-9.327
5.982	-9.265
6.050	-9.274
6.114	-9.319
6.162	-9.353
6.209	-9.399
6.240	-9.448
6.290	-9.524
6.303	-9.738
6.377	-9.685
6.388	-9.677
6.230	-9.319
6.291	-9.228
6.321	-9.182
6.357	-9.140
6.390	-9.097
POLYLINE RED
6.724	-9.098
6.766	-9.355
6.777	-9.366
6.782	-9.634
6.783	-9.692
6.777	-9.750
6.774	-9.807
POLYLINE RED
6.467	-8.788
6.809	-8.771
6.582	-8.792
7.137	-8.661
POLYLINE RED
7.259	-8.774
7.260	-9.060
7.279	-9.347
7.263	-9.633
7.261	-9.675
7.227	-9.556
7.219	-9.515
7.196	-9.402
7.181	-9.288
7.170	-9.174
7.155	-9.031
7.201	-8.730
7.391	-8.712
7.436	-8.708
7.484	-8.717
7.520	-8.746
7.641	-8.846
7.677	-9.198
7.684	-9.290
7.694	-9.426
7.682	-9.563
7.681	-9.700
POLYLINE RED
7.271	-9.393
7.448	-9.379
7.345	-9.391
7.579	-9.345
POLYLINE RED
-0.617	-9.578
-0.457	-10.303
-0.555	-9.791
-0.444	-11.132
POLYLINE RED
4.363	-7.467
4.429	-7.665
4.490	-7.864
4.560	-8.060
4.585	-8.127
4.621	-8.190
4.648	-8.256
4.650	-8.262
4.649	-8.269
4.648	-8.275
4.641	-8.311
4.592	-8.322
4.564	-8.328
4.488	-8.345
4.409	-8.352
4.335	-8.375
3.718	-8.564
3.862	-8.432
3.645	-8.674
POLYLINE RED
-1.511	-9.087
-1.708	-8.198
-1.653	-8.606
-1.669	-7.323
-1.670	-7.232
-1.653	-7.142
-1.651	-7.051
-1.647	-6.922
-1.719	-6.804
-1.808	-6.715
-2.121	-6.403
-2.719	-6.277
-3.048	-6.132
-3.766	-5.817
-3.690	-5.859
-4.056	-5.630
POLYLINE RED
-1.166	-6.163
-1.311	-6.179
-1.448	-6.210
-1.583	-6.150
-1.610	-6.138
-1.639	-6.126
-1.662	-6.107
-1.816	-5.979
-1.951	-5.828
-2.113	-5.712
-2.273	-5.598
-2.451	-5.511
-2.623	-5.418
-2.656	-5.400
-2.692	-5.392
-2.727	-5.381
-3.456	-5.159
-3.127	-5.286
-3.525	-5.124
POLYLINE RED
-3.944	-5.707
-4.063	-5.609
-4.096	-5.527
-4.157	-5.386
-4.183	-5.325
-4.202	-5.259
-4.234	-5.201
-4.290	-5.102
-4.359	-5.011
-4.421	-4.916
POLYLINE RED
-3.376	-5.212
-3.595	-5.045
-3.867	-4.980
-4.134	-4.933
POLYLINE RED
-4.775	-4.024
-4.763	-3.979
-4.754	-3.933
-4.739	-3.889
-4.716	-3.821
-4.596	-3.715
-4.518	-3.740
-4.468	-3.756
-4.442	-3.833
-4.439	-3.879
-4.436	-3.912
-4.436	-3.946
-4.439	-3.979
-4.446	-4.067
-4.495	-4.220
-4.452	-4.323
-4.389	-4.478
-4.268	-4.373
-4.181	-4.299
-4.165	-4.285
-4.148	-4.272
-4.139	-4.254
-4.120	-4.219
-4.111	-4.180
-4.097	-4.143
POLYLINE RED
-4.337	-4.797
-4.349	-4.723
-4.358	-4.647
-4.279	-4.610
-4.269	-4.606
-4.254	-4.596
-4.246	-4.603
-4.227	-4.621
-4.253	-4.648
-4.269	-4.643
-4.299	-4.635
-4.326	-4.619
-4.354	-4.607
POLYLINE RED
-2.311	-6.227
-2.301	-6.188
-2.294	-6.118
-2.266	-6.076
-2.224	-6.015
-2.120	-6.002
-2.079	-6.070
-2.068	-6.089
-2.061	-6.111
-2.065	-6.133
-2.078	-6.197
-2.212	-6.325
-2.238	-6.302
-2.263	-6.280
-2.241	-6.175
-2.239	-6.163
POLYLINE RED
-2.587	-6.056
-2.453	-5.840
-2.511	-5.950
-2.518	-6.042
-2.520	-6.070
-2.516	-6.094
-2.509	-6.121
-2.502	-6.144
-2.476	-6.185
-2.512	-6.200
-2.602	-6.240
-2.729	-6.141
-2.684	-6.044
-2.661	-5.995
-2.580	-5.977
-2.543	-5.961
POLYLINE RED
-1.909	-6.429
-1.891	-6.403
-1.875	-6.376
-1.855	-6.351
-1.813	-6.298
-1.735	-6.380
-1.713	-6.403
-1.687	-6.430
-1.627	-6.487
-1.670	-6.528
-1.708	-6.564
-1.903	-6.612
-1.911	-6.519
-1.911	-6.511
-1.911	-6.503
-1.908	-6.495
-1.896	-6.453
-1.880	-6.413
-1.866	-6.371
POLYLINE RED
-4.053	-5.334
-4.024	-5.320
-3.995	-5.305
-3.966	-5.293
-3.897	-5.267
-3.880	-5.397
-3.926	-5.429
-3.989	-5.473
-4.056	-5.422
-4.000	-5.356
-3.964	-5.314
-3.927	-5.273
-3.891	-5.231
POLYLINE RED
-3.748	-5.218
-3.662	-5.203
-3.587	-5.194
-3.542	-5.281
-3.535	-5.294
-3.534	-5.311
-3.543	-5.323
-3.577	-5.366
-3.659	-5.354
-3.680	-5.305
-3.683	-5.299
-3.684	-5.292
-3.684	-5.285
-3.686	-5.254
-3.685	-5.223
-3.686	-5.193
POLYLINE RED
-2.936	-5.521
-2.907	-5.509
-2.878	-5.495
-2.848	-5.485
-2.781	-5.463
-2.742	-5.600
-2.808	-5.615
-2.834	-5.620
-2.889	-5.607
-2.904	-5.603
-3.126	-5.542
-2.957	-5.441
-2.850	-5.352
POLYLINE RED
-1.593	-6.908
-1.590	-6.908
POLYLINE RED
-1.593	-6.911
-1.575	-6.761
-1.552	-6.618
-1.466	-6.492
-1.445	-6.461
-1.411	-6.430
-1.379	-6.411
-1.298	-6.363
-1.210	-6.285
-1.118	-6.345
-1.093	-6.361
-1.072	-6.385
-1.061	-6.414
-1.037	-6.472
-1.043	-6.580
-1.045	-6.616
-1.050	-6.743
-1.066	-6.873
-1.134	-6.983
-1.158	-7.022
-1.192	-7.058
-1.228	-7.086
-1.338	-7.171
-1.522	-7.182
-1.584	-7.035
-1.629	-6.928
-1.586	-6.828
-1.548	-6.728
POLYLINE RED
-1.432	-6.859
-1.545	-6.981
-1.646	-7.113
-1.769	-7.224
-2.063	-7.486
-3.238	-8.150
-3.257	-8.161
-3.372	-8.232
-3.464	-8.323
-3.564	-8.412
POLYLINE RED
-4.763	-8.585
-4.805	-8.650
-4.842	-8.692
-4.862	-8.762
-4.877	-8.816
-4.885	-8.899
-4.810	-8.907
-4.778	-8.910
-4.745	-8.907
-4.717	-8.891
-4.669	-8.865
-4.639	-8.824
-4.614	-8.776
-4.593	-8.734
-4.577	-8.685
-4.583	-8.637
-4.592	-8.554
-4.670	-8.492
-4.752	-8.537
-4.832	-8.580
-4.882	-8.677
-4.930	-8.744
POLYLINE RED
-4.436	-7.898
-4.493	-8.383
-4.465	-8.072
-4.481	-8.833
POLYLINE RED
-4.212	-8.221
-4.284	-8.379
-4.347	-8.542
-4.428	-8.695
-4.465	-8.765
-4.514	-8.826
-4.563	-8.887
-4.572	-8.898
-4.556	-8.860
-4.549	-8.847
-4.542	-8.835
-4.526	-8.821
-4.513	-8.814
-4.490	-8.801
-4.457	-8.796
-4.431	-8.801
-4.366	-8.813
-4.265	-8.837
-4.225	-8.899
-4.198	-8.942
-4.175	-8.987
-4.149	-9.031
POLYLINE RED
-4.057	-8.580
-4.017	-8.787
-4.030	-8.671
-4.032	-8.931
POLYLINE RED
-4.073	-8.255
-4.073	-8.360
POLYLINE RED
-3.877	-8.698
-3.852	-8.715
-3.827	-8.733
-3.801	-8.749
-3.708	-8.804
-3.583	-8.547
-3.683	-8.493
-3.704	-8.481
-3.732	-8.488
-3.753	-8.498
-3.899	-8.567
-3.906	-8.684
-3.847	-8.822
-3.837	-8.847
-3.816	-8.876
-3.788	-8.881
-3.764	-8.885
-3.737	-8.871
-3.721	-8.855
-3.677	-8.813
-3.647	-8.784
-3.620	-8.732
-3.613	-8.719
-3.610	-8.705
-3.605	-8.692
-3.600	-8.678
-3.599	-8.663
-3.592	-8.650
-3.584	-8.636
-3.565	-8.642
-3.555	-8.648
-3.522	-8.666
-3.467	-8.759
-3.424	-8.708
-3.396	-8.676
-3.405	-8.602
-3.356	-8.591
-3.332	-8.585
-3.302	-8.606
-3.287	-8.622
-3.227	-8.686
-3.164	-8.757
-3.143	-8.845
-3.137	-8.872
-3.136	-8.961
-3.136	-8.971
POLYLINE RED
-3.101	-7.951
-2.984	-8.616
-3.109	-8.383
-2.884	-8.715
POLYLINE RED
-2.798	-8.197
-2.869	-8.271
-3.092	-8.403
-3.057	-8.551
-3.049	-8.588
-3.032	-8.620
-3.012	-8.652
-2.926	-8.787
-2.801	-8.768
-2.700	-8.656
-2.676	-8.629
-2.660	-8.583
-2.622	-8.571
-2.565	-8.554
-2.514	-8.604
-2.459	-8.609
-2.353	-8.618
-2.228	-8.510
-2.206	-8.409
-2.176	-8.278
-2.309	-8.215
-2.418	-8.265
-2.577	-8.338
-2.618	-8.564
-2.642	-8.718
POLYLINE RED
-4.775	-9.248
-4.635	-9.591
-4.672	-9.447
-4.613	-9.769
-4.609	-9.791
-4.625	-9.723
-4.628	-9.700
-4.631	-9.667
-4.631	-9.634
-4.629	-9.601
-4.626	-9.551
-4.621	-9.511
-4.602	-9.468
-4.571	-9.400
-4.491	-9.411
-4.448	-9.459
-4.385	-9.529
-4.347	-9.629
-4.329	-9.720
-4.323	-9.753
-4.322	-9.787
-4.319	-9.820
POLYLINE RED
-4.274	-9.401
-4.260	-9.445
-4.244	-9.647
-4.156	-9.644
-4.112	-9.642
-4.074	-9.605
-4.059	-9.566
-4.031	-9.493
-4.017	-9.359
-4.113	-9.330
-4.135	-9.324
-4.159	-9.320
-4.181	-9.329
-4.242	-9.355
-4.242	-9.448
-4.229	-9.500
-4.216	-9.554
-4.195	-9.604
-4.162	-9.649
-4.096	-9.743
-3.944	-9.894
-3.815	-9.813
-3.693	-9.736
-3.660	-9.578
-3.620	-9.451
POLYLINE RED
-4.533	-10.352
-4.512	-10.457
-4.492	-10.563
-4.472	-10.668
-4.467	-10.687
-4.476	-10.727
-4.456	-10.724
-4.436	-10.721
-4.452	-10.684
-4.447	-10.664
-4.438	-10.626
-4.399	-10.609
-4.363	-10.612
-4.333	-10.615
-4.309	-10.620
-4.282	-10.633
-4.270	-10.639
-4.260	-10.647
-4.249	-10.655
-4.238	-10.664
-4.230	-10.676
-4.217	-10.683
-4.214	-10.684
-4.210	-10.679
-4.210	-10.675
-4.208	-10.666
-4.210	-10.657
-4.212	-10.648
-4.225	-10.588
-4.245	-10.530
-4.256	-10.470
-4.263	-10.431
-4.279	-10.309
-4.227	-10.281
-4.173	-10.253
-4.074	-10.367
-4.050	-10.401
-4.037	-10.420
-4.028	-10.442
-4.014	-10.460
-4.011	-10.463
-4.006	-10.464
-4.001	-10.464
-3.962	-10.460
-3.913	-10.302
-3.900	-10.275
-3.878	-10.232
-3.851	-10.257
-3.841	-10.290
-3.771	-10.522
-3.696	-10.753
-3.634	-10.987
-3.623	-11.029
-3.625	-11.074
-3.624	-11.118
-3.624	-11.119
-3.620	-11.181
-3.645	-11.184
-3.654	-11.185
-3.663	-11.179
-3.670	-11.173
-3.742	-11.123
-3.759	-10.989
-3.762	-10.919
-3.767	-10.787
-3.772	-10.654
-3.756	-10.523
-3.722	-10.243
-3.657	-9.967
-3.611	-9.688
-3.608	-9.672
-3.609	-9.625
-3.610	-9.641
-3.621	-9.818
-3.633	-9.976
-3.570	-10.146
-3.562	-10.167
-3.539	-10.219
-3.509	-10.225
-3.462	-10.236
-3.453	-10.095
-3.387	-10.076
-3.357	-10.067
-3.315	-10.084
-3.287	-10.086
-3.248	-10.089
-3.198	-10.088
-3.163	-10.066
-3.100	-10.026
-3.071	-9.928
-3.089	-9.858
-3.095	-9.834
-3.104	-9.808
-3.130	-9.800
-3.180	-9.784
-3.250	-9.835
-3.284	-9.859
-3.314	-9.881
-3.346	-9.913
-3.358	-9.950
-3.379	-10.013
-3.336	-10.076
-3.320	-10.136
POLYLINE RED
-3.085	-9.176
-3.069	-9.296
-3.053	-9.416
-3.036	-9.536
-3.019	-9.613
-2.996	-9.689
-2.984	-9.767
-2.975	-9.820
-2.976	-9.875
-2.972	-9.928
POLYLINE RED
-3.142	-9.621
-2.849	-9.387
POLYLINE RED
-0.195	-1.765
-0.238	-1.825
-0.280	-1.885
-0.323	-1.945
-0.340	-1.971
-0.353	-2.000
-0.373	-2.023
-0.526	-2.197
-0.694	-2.358
-0.842	-2.535
-1.542	-3.375
-0.405	-2.206
-1.521	-3.293
-1.686	-3.453
-1.711	-3.509
-1.946	-3.635
-2.090	-3.711
-2.250	-3.756
-2.397	-3.828
-2.725	-3.987
-2.438	-3.929
-2.873	-4.149
-3.909	-4.671
-3.400	-4.272
-3.796	-4.599
POLYLINE RED
-10.753	-9.914
-10.453	-9.902
-10.152	-9.900
-9.852	-9.877
-9.774	-9.871
-9.696	-9.854
-9.622	-9.826
-9.273	-9.695
-8.926	-9.554
-8.586	-9.401
-7.988	-9.132
-7.393	-8.857
-6.808	-8.561
-6.623	-8.467
-5.790	-7.866
-5.735	-7.834
-5.271	-7.565
-4.790	-7.326
-4.310	-7.086
-4.080	-6.971
-3.839	-6.880
-3.606	-6.771
-3.578	-6.758
-3.551	-6.741
-3.527	-6.721
-3.489	-6.689
-3.455	-6.651
-3.419	-6.616
POLYLINE RED
-3.475	-6.627
-3.414	-6.570
-3.353	-6.513
-3.292	-6.457
-3.272	-6.438
-3.254	-6.417
-3.232	-6.400
-3.202	-6.375
-3.042	-6.283
-3.037	-6.280
-3.014	-6.265
-2.991	-6.249
-2.968	-6.233
POLYLINE RED
-2.973	-6.145
-2.601	-5.793
POLYLINE RED
-1.622	-5.165
-1.128	-4.649
-1.358	-4.808
-1.006	-4.595
POLYLINE RED
-2.525	-5.726
-2.440	-5.642
-2.361	-5.551
-2.271	-5.473
-2.007	-5.247
-1.738	-5.029
-1.464	-4.815
-1.410	-4.773
-1.348	-4.742
-1.288	-4.708
-1.282	-4.705
-1.274	-4.705
-1.267	-4.705
-1.167	-4.704
-1.151	-4.916
-1.158	-4.981
-1.179	-5.167
-1.320	-5.321
-1.333	-5.509
-1.350	-5.757
-1.287	-6.003
-1.205	-6.236
POLYLINE RED
-10.837	-9.830
-10.688	-9.881
-10.433	-10.020
-10.244	-9.986
-10.125	-9.964
-10.008	-9.936
-9.893	-9.899
-9.440	-9.753
-9.644	-9.705
-9.442	-9.766
POLYLINE RED
-10.410	-9.834
-10.481	-9.850
-10.553	-9.862
-10.624	-9.880
-10.724	-9.907
-10.821	-9.948
-10.922	-9.970
-11.141	-10.016
-11.367	-9.996
-11.564	-9.889
-11.894	-9.709
-12.228	-9.142
-12.338	-8.994
-12.520	-8.748
-12.702	-8.220
-12.761	-7.994
-12.945	-7.296
-13.012	-6.403
-12.706	-5.723
-12.534	-5.342
-12.106	-4.859
-11.870	-4.620
-11.575	-4.322
-11.269	-4.031
-10.930	-3.785
-9.987	-3.101
-9.190	-2.603
-8.129	-2.215
-7.385	-1.944
-6.337	-1.896
-5.633	-1.860
-5.379	-1.847
-4.773	-1.839
-4.434	-1.951
-4.254	-2.010
-4.031	-2.097
-3.868	-2.216
-3.831	-2.243
-3.795	-2.272
-3.765	-2.308
-3.654	-2.444
-3.547	-2.585
-3.446	-2.730
-3.377	-2.831
-3.313	-3.083
-3.297	-3.160
-3.270	-3.295
-3.261	-3.430
-3.287	-3.565
-3.316	-3.714
-3.374	-3.892
-3.452	-4.020
-3.699	-4.431
-3.624	-4.248
-3.827	-4.514
-3.873	-4.574
-3.874	-4.600
-3.904	-4.665
-3.917	-4.692
-3.931	-4.717
-3.945	-4.743
POLYLINE RED
-4.260	-5.265
-4.467	-5.626
-4.663	-5.993
-4.881	-6.347
-4.975	-6.500
-5.238	-6.713
-5.356	-6.798
-6.264	-7.455
-7.182	-8.099
-8.098	-8.746
-8.262	-8.862
-8.424	-8.981
-8.594	-9.087
-8.721	-9.167
-8.866	-9.217
-8.988	-9.304
-9.189	-9.447
-9.362	-9.629
-9.562	-9.775
-9.778	-9.933
-10.086	-10.072
-10.358	-10.092
-10.520	-10.104
-10.584	-10.087
-10.744	-10.065
POLYLINE RED
-8.739	-5.577
-7.118	-5.054
POLYLINE RED
-8.027	-4.940
-7.668	-5.889
-7.838	-5.547
-7.599	-6.002
POLYLINE RED
-9.233	-0.519
-8.646	-1.564
-9.164	-0.599
-8.252	-3.198
-8.220	-3.291
-8.181	-3.335
-8.127	-3.407
POLYLINE RED
-8.427	-3.716
-8.313	-3.872
-8.202	-4.031
-8.083	-4.184
-8.053	-4.223
-7.988	-4.279
-7.936	-4.290
-7.817	-4.313
-7.629	-4.227
-7.597	-4.099
-7.424	-3.404
-7.441	-3.495
-7.396	-3.053
POLYLINE RED
-10.283	0.929
-10.507	0.840
-10.305	1.008
-10.384	0.977
-10.432	0.958
-10.425	0.848
-10.399	0.814
-10.342	0.739
-10.234	0.729
-10.165	0.795
-10.133	0.826
-10.102	0.858
-10.075	0.893
-10.030	0.950
-9.997	1.010
-9.974	1.079
-9.958	1.129
-9.955	1.185
-9.968	1.235
-10.015	1.410
-10.176	1.363
-10.296	1.292
-10.325	1.276
-10.372	1.245
-10.394	1.212
-10.468	1.099
-10.439	0.965
-10.429	0.840
POLYLINE RED
-10.349	2.255
-10.268	1.959
-10.201	1.659
-10.107	1.366
-10.080	1.282
-10.029	1.207
-9.987	1.129
-9.981	1.117
-9.962	1.096
-9.945	1.094
-9.905	1.089
-9.897	1.174
-9.836	1.180
-9.770	1.187
-9.715	1.134
-9.650	1.127
-9.477	1.110
-9.330	1.286
-9.313	1.447
-9.308	1.496
-9.313	1.546
-9.335	1.590
-9.396	1.709
-9.579	1.696
-9.668	1.622
-9.773	1.536
-9.776	1.330
-9.794	1.225
POLYLINE RED
-10.650	0.458
-10.683	0.436
-10.716	0.417
-10.747	0.393
-10.772	0.374
-10.801	0.334
-10.815	0.308
-10.826	0.286
-10.836	0.263
-10.845	0.239
-10.860	0.200
-10.851	0.147
-10.798	0.151
-10.742	0.155
-10.687	0.162
-10.631	0.170
-10.572	0.178
-10.519	0.197
-10.463	0.165
-10.391	0.122
-10.415	0.045
-10.459	-0.012
-10.468	-0.024
-10.522	-0.089
-10.550	-0.099
-10.616	-0.124
-10.685	-0.140
-10.753	-0.160
POLYLINE RED
-10.432	0.354
-10.304	0.096
-10.169	-0.159
-10.049	-0.421
-10.009	-0.508
-10.147	-0.256
-10.191	-0.171
-10.203	-0.148
-10.211	-0.124
-10.216	-0.098
-10.248	0.063
-10.252	0.201
-10.206	0.358
-10.178	0.457
-10.098	0.428
-10.038	0.379
-10.014	0.359
-9.988	0.332
-9.983	0.299
-9.968	0.214
-10.068	0.170
-10.136	0.199
-10.169	0.213
-10.193	0.241
-10.212	0.271
-10.230	0.301
-10.246	0.332
-10.262	0.363
POLYLINE RED
-9.922	0.653
-9.888	0.617
-9.854	0.581
-9.820	0.545
-9.796	0.510
-9.768	0.402
-9.748	0.440
-9.742	0.451
-9.855	0.646
-9.809	0.710
-9.794	0.730
-9.763	0.720
-9.747	0.711
-9.709	0.691
-9.675	0.667
-9.637	0.649
-9.542	0.604
-9.395	0.595
-9.312	0.670
-9.283	0.696
-9.265	0.736
-9.266	0.775
-9.267	0.844
-9.326	0.951
-9.408	0.943
-9.461	0.937
-9.566	0.904
-9.570	0.836
-9.573	0.765
-9.443	0.716
-9.390	0.708
-9.342	0.701
-9.299	0.701
-9.251	0.711
-9.168	0.728
-9.084	0.796
-9.056	0.878
-9.045	0.912
-9.038	0.947
-9.029	0.981
-9.023	1.008
-9.022	1.036
-9.012	1.061
-9.010	1.067
-9.000	1.073
-8.995	1.070
-8.985	1.063
-8.981	1.049
-8.975	1.038
-8.939	0.975
-8.906	0.911
-8.869	0.849
-8.862	0.837
-8.843	0.821
-8.830	0.815
-8.782	0.793
-8.751	0.846
-8.720	0.870
-8.689	0.894
-8.646	0.912
-8.607	0.912
-8.543	0.912
-8.358	0.849
-8.339	0.967
-8.321	1.078
-8.406	1.124
-8.462	1.203
-8.503	1.260
-8.510	1.324
-8.524	1.391
POLYLINE RED
-8.189	1.409
-8.185	1.361
-8.184	1.313
-8.178	1.265
-8.173	1.235
-8.157	1.199
-8.141	1.173
-8.081	1.081
-7.979	1.125
-7.909	1.185
-7.797	1.280
-7.722	1.456
-7.788	1.598
-7.854	1.742
-8.095	1.683
-8.172	1.580
-8.205	1.534
-8.247	1.469
-8.259	1.411
-8.265	1.378
-8.262	1.344
-8.263	1.310
POLYLINE RED
-8.054	2.426
-7.745	1.487
POLYLINE RED
-7.681	1.796
-7.659	1.845
-7.638	1.939
-7.567	1.948
-7.550	1.950
-7.529	1.948
-7.514	1.938
-7.467	1.907
-7.473	1.818
-7.476	1.774
-7.481	1.712
-7.488	1.653
-7.513	1.595
-7.517	1.585
-7.544	1.548
-7.546	1.532
-7.548	1.511
-7.523	1.507
-7.509	1.506
-7.456	1.499
-7.405	1.534
-7.367	1.568
-7.314	1.614
-7.274	1.687
-7.236	1.741
POLYLINE RED
-7.140	2.068
-7.108	2.046
-7.077	2.022
-7.045	2.001
-7.028	1.991
-7.002	1.990
-6.984	1.995
-6.859	2.035
-6.909	2.259
-7.046	2.205
-7.096	2.185
-7.138	2.155
-7.178	2.121
-7.232	2.075
-7.258	2.015
-7.264	1.945
-7.268	1.900
-7.266	1.842
-7.242	1.802
-7.192	1.714
-7.026	1.704
-6.944	1.741
-6.860	1.778
-6.813	1.872
-6.764	1.941
POLYLINE RED
-6.738	2.252
-6.710	2.172
-6.683	2.091
-6.652	2.012
-6.638	1.977
-6.606	1.960
-6.591	2.004
-6.580	2.034
-6.548	2.209
-6.492	2.281
-6.475	2.302
-6.446	2.314
-6.420	2.315
-6.333	2.317
-6.263	2.241
-6.239	2.162
-6.220	2.097
-6.210	2.031
-6.196	1.965
POLYLINE RED
-6.129	2.404
-6.063	2.234
-6.050	2.177
-6.047	2.026
POLYLINE RED
-6.200	2.683
-6.181	2.635
POLYLINE RED
-5.942	2.378
-5.955	2.291
-5.960	2.195
-5.905	2.117
-5.837	2.020
-5.708	2.147
-5.680	2.216
-5.654	2.281
-5.619	2.380
-5.647	2.452
-5.668	2.504
-5.725	2.530
-5.774	2.546
-5.864	2.577
-5.963	2.568
-6.012	2.476
-6.056	2.391
-6.040	2.263
-6.041	2.181
POLYLINE RED
-5.674	2.304
-5.643	2.266
-5.608	2.194
-5.551	2.176
-5.497	2.158
-5.438	2.197
-5.410	2.242
-5.339	2.356
-5.275	2.474
-5.208	2.589
POLYLINE RED
-10.732	-0.810
-10.660	-0.949
-10.702	-0.877
-10.604	-1.025
POLYLINE RED
-10.789	-0.609
-10.753	-0.725
POLYLINE RED
-10.514	-0.814
-10.489	-0.851
-10.466	-0.889
-10.439	-0.925
-10.425	-0.944
-10.397	-0.965
-10.375	-0.975
-10.283	-1.019
-10.210	-0.969
-10.160	-0.889
-10.118	-0.822
-10.078	-0.735
-10.133	-0.665
-10.222	-0.552
-10.470	-0.699
-10.493	-0.811
-10.501	-0.851
-10.479	-0.889
-10.468	-0.926
POLYLINE RED
-10.485	-0.141
-10.368	-0.365
-10.250	-0.588
-10.132	-0.812
-10.103	-0.849
-10.081	-0.892
-10.046	-0.923
-10.022	-0.945
-9.987	-0.952
-9.958	-0.966
POLYLINE RED
-9.827	-0.443
-9.821	-0.427
-9.808	-0.354
-9.777	-0.330
-9.759	-0.317
-9.734	-0.318
-9.714	-0.325
-9.632	-0.352
-9.579	-0.423
-9.576	-0.510
-9.574	-0.571
-9.598	-0.633
-9.632	-0.684
-9.658	-0.724
-9.724	-0.828
-9.789	-0.839
-9.826	-0.845
-9.849	-0.804
-9.853	-0.773
-9.863	-0.695
-9.783	-0.589
-9.706	-0.573
-9.645	-0.560
-9.579	-0.587
-9.523	-0.607
-9.470	-0.627
-9.425	-0.645
-9.386	-0.589
-9.367	-0.560
-9.349	-0.531
-9.331	-0.502
POLYLINE RED
-9.282	0.024
-9.180	-0.176
-9.223	-0.074
-9.152	-0.282
POLYLINE RED
-9.308	0.295
-9.265	0.262
-9.219	0.232
-9.177	0.197
-9.092	0.124
-9.146	0.153
-9.091	0.102
-9.054	0.066
-8.990	0.031
-8.936	0.049
-8.862	0.074
-8.803	0.155
-8.823	0.234
-8.826	0.247
-8.836	0.273
-8.849	0.281
-8.889	0.304
-8.925	0.202
-8.931	0.181
-8.948	0.116
-8.937	0.046
-8.918	-0.017
-8.879	-0.153
-8.769	-0.173
-8.657	-0.095
-8.618	-0.067
-8.520	0.015
-8.508	0.066
-8.491	0.138
-8.482	0.211
-8.469	0.284
POLYLINE RED
-7.713	0.772
-7.674	0.651
-7.636	0.529
-7.594	0.409
-7.590	0.397
-7.573	0.361
-7.552	0.358
-7.528	0.354
-7.517	0.384
-7.503	0.397
-7.475	0.422
-7.433	0.422
-7.399	0.417
-7.332	0.406
-7.240	0.365
-7.191	0.437
-7.128	0.528
-7.150	0.617
-7.159	0.717
-7.167	0.796
-7.172	0.874
-7.178	0.953
POLYLINE RED
-6.302	1.350
-6.250	1.004
-6.196	0.659
-6.148	0.313
-6.138	0.240
-6.231	0.315
-6.244	0.354
-6.374	0.763
-6.406	0.803
-6.434	1.134
-6.443	1.250
-6.274	1.623
-6.128	1.436
-6.044	1.330
-6.097	1.146
-6.128	1.036
-6.144	0.978
-6.180	0.894
-6.246	0.875
-6.326	0.852
-6.428	0.931
-6.483	0.959
POLYLINE RED
-6.145	1.519
-6.117	1.450
-6.088	1.382
-6.059	1.313
-6.056	1.317
-6.052	1.320
-6.051	1.325
-6.046	1.457
-6.065	1.397
-6.042	1.499
-6.041	1.507
-6.035	1.527
-6.023	1.529
-6.010	1.531
-5.993	1.511
-5.989	1.505
-5.956	1.457
-5.929	1.405
-5.895	1.358
-5.842	1.285
-5.729	1.188
-5.675	1.313
-5.628	1.423
-5.611	1.548
-5.669	1.657
-5.686	1.689
-5.714	1.719
-5.752	1.724
-5.777	1.728
-5.802	1.721
-5.824	1.710
-5.920	1.664
-5.909	1.543
-5.897	1.455
-5.893	1.426
-5.881	1.384
-5.864	1.357
-5.830	1.302
-5.768	1.265
-5.712	1.238
-5.665	1.215
-5.606	1.243
-5.572	1.276
-5.488	1.357
-5.443	1.454
-5.385	1.558
-5.374	1.577
-5.369	1.599
-5.361	1.619
-5.357	1.629
-5.355	1.641
-5.349	1.651
-5.335	1.672
-5.303	1.633
-5.298	1.627
-5.283	1.607
-5.236	1.513
-5.188	1.499
-5.166	1.493
-5.151	1.507
-5.139	1.523
-5.123	1.543
-5.050	1.701
-4.971	1.692
-4.941	1.688
-4.917	1.665
-4.889	1.656
-4.844	1.640
-4.731	1.608
-4.693	1.652
-4.677	1.671
-4.680	1.703
-4.688	1.724
-4.705	1.768
-4.723	1.812
-4.744	1.855
-4.765	1.898
-4.821	1.948
-4.790	2.001
-4.778	2.022
-4.734	2.066
-4.716	2.028
-4.707	2.010
-4.701	1.944
-4.698	1.935
-4.692	1.913
-4.685	1.891
-4.675	1.871
-4.635	1.795
-4.571	1.685
-4.473	1.675
-4.366	1.664
-4.262	1.778
-4.201	1.844
-4.165	1.882
-4.120	1.944
-4.127	2.001
-4.146	2.145
-4.305	2.268
-4.449	2.250
-4.536	2.238
-4.609	2.177
-4.663	2.112
-4.727	2.035
-4.719	1.948
-4.722	1.854
POLYLINE RED
-7.930	-0.533
-7.962	-0.519
-8.008	-0.488
-8.049	-0.485
-8.150	-0.479
-8.226	-0.594
-8.256	-0.675
-8.282	-0.745
-8.310	-0.830
-8.296	-0.907
-8.274	-1.027
-8.138	-1.093
-8.031	-1.036
-7.962	-0.999
-7.916	-0.946
-7.862	-0.887
-7.846	-0.871
-7.811	-0.823
-7.801	-0.793
-7.780	-0.722
-7.758	-0.650
-7.737	-0.579
-7.731	-0.575
-7.726	-0.566
-7.719	-0.566
-7.710	-0.566
-7.703	-0.572
-7.697	-0.578
-7.678	-0.598
-7.664	-0.623
-7.645	-0.643
-7.577	-0.717
-7.556	-0.695
-7.456	-0.673
POLYLINE RED
-7.706	-0.206
-7.679	-0.287
POLYLINE RED
-7.379	-0.514
-7.306	-0.587
-7.209	-0.696
-7.103	-0.612
-7.070	-0.587
-7.050	-0.567
-7.029	-0.533
-6.990	-0.469
-7.014	-0.356
-7.096	-0.339
-7.189	-0.319
-7.343	-0.371
-7.338	-0.487
-7.332	-0.657
-7.122	-0.709
-7.006	-0.769
-6.920	-0.813
-6.915	-0.956
-6.943	-1.033
-6.984	-1.144
-7.065	-1.186
-7.161	-1.257
POLYLINE RED
-6.767	-0.261
-6.758	-0.291
-6.759	-0.379
-6.717	-0.408
-6.626	-0.470
-6.340	-0.301
-6.412	-0.177
-6.429	-0.147
-6.469	-0.132
-6.502	-0.127
-6.593	-0.113
-6.689	-0.116
-6.741	-0.202
-6.780	-0.266
-6.764	-0.334
-6.756	-0.404
POLYLINE RED
-6.548	-0.249
-6.570	-0.446
-6.308	-0.628
-6.331	-0.841
-6.340	-0.923
-6.456	-1.079
-6.550	-1.065
-6.629	-1.053
-6.635	-0.881
-6.615	-0.828
-6.568	-0.696
-6.515	-0.566
-6.465	-0.435
POLYLINE RED
-0.520	-11.051
0.161	-11.047
-0.160	-11.030
0.945	-11.226
1.021	-11.239
1.163	-11.289
1.200	-11.373
1.347	-11.713
1.493	-12.053
1.640	-12.393
1.662	-12.462
1.679	-12.533
1.707	-12.601
1.778	-12.767
1.790	-12.728
1.875	-12.874
1.906	-12.928
1.929	-13.002
1.937	-13.063
1.959	-13.249
1.978	-13.435
1.994	-13.621
1.996	-13.643
1.986	-13.679
1.978	-13.699
1.898	-13.880
1.520	-14.020
1.421	-14.066
1.324	-14.110
1.163	-14.132
1.064	-14.133
0.926	-14.135
0.660	-14.152
0.485	-14.097
0.463	-14.090
0.442	-14.080
0.422	-14.068
0.309	-13.998
0.197	-13.926
0.086	-13.852
-0.285	-13.603
-0.657	-13.355
-1.023	-13.100
-1.061	-13.073
-1.110	-13.025
-1.125	-12.976
-1.140	-12.929
-1.110	-12.867
-1.145	-12.831
-1.185	-12.789
-1.319	-12.788
-1.337	-12.789
-1.481	-12.794
-1.623	-12.814
-1.766	-12.829
-1.842	-12.837
-1.918	-12.854
-1.995	-12.860
-2.136	-12.871
-2.311	-12.788
-2.412	-12.694
-2.465	-12.644
-2.537	-12.566
-2.574	-12.495
-2.663	-12.318
-2.653	-12.097
-2.646	-11.909
-2.645	-11.861
-2.625	-11.761
-2.599	-11.716
-2.421	-11.408
-2.230	-11.107
-2.050	-10.799
-2.036	-10.775
-2.022	-10.709
-2.023	-10.682
-2.036	-10.334
-2.205	-10.216
-2.439	-9.966
POLYLINE RED
-1.517	-9.614
-1.332	-9.737
-1.347	-9.707
-1.198	-9.896
-1.169	-9.932
-1.145	-9.972
-1.123	-10.014
-1.076	-10.104
-1.033	-10.197
-0.993	-10.290
-0.979	-10.324
-0.968	-10.381
-0.978	-10.420
-0.996	-10.486
-1.099	-10.510
-1.154	-10.479
-1.212	-10.446
-1.272	-10.414
-1.325	-10.374
-1.572	-10.184
-1.634	-10.088
-1.829	-9.817
-1.855	-9.782
-1.875	-9.742
-1.894	-9.703
-1.929	-9.629
-1.926	-9.588
-1.972	-9.534
-2.021	-9.475
-2.090	-9.458
-2.161	-9.426
POLYLINE RED
-2.370	-10.036
-2.393	-10.013
-2.440	-9.978
-2.458	-9.941
-2.519	-9.822
-2.448	-9.683
-2.412	-9.570
-2.409	-9.560
-2.408	-9.550
-2.407	-9.540
-2.403	-9.502
-2.401	-9.463
-2.399	-9.425
POLYLINE RED
-2.406	-8.903
-2.438	-8.863
-2.313	-8.662
-2.256	-8.722
-2.244	-8.734
-2.241	-8.760
-2.240	-8.775
-2.240	-8.835
-2.248	-8.871
-2.268	-8.930
-2.283	-8.973
-2.304	-9.013
-2.318	-9.056
-2.321	-9.064
-2.320	-9.073
-2.318	-9.081
-2.312	-9.107
-2.282	-9.111
-2.261	-9.108
-2.151	-9.094
-2.116	-9.074
-2.042	-8.998
POLYLINE RED
-2.199	-9.266
-2.193	-9.267
POLYLINE RED
-2.101	-9.903
-2.130	-10.029
-2.168	-10.122
-2.165	-10.243
-2.165	-10.258
-2.157	-10.302
-2.158	-10.287
-2.165	-10.222
-2.172	-10.158
-2.180	-10.093
-2.182	-10.079
-2.186	-10.066
-2.187	-10.053
-2.195	-9.953
-2.098	-9.875
-2.011	-9.853
-1.988	-9.847
-1.948	-9.840
-1.928	-9.860
-1.916	-9.872
-1.917	-9.888
-1.917	-9.903
-1.920	-9.960
-1.928	-10.016
-1.928	-10.072
-1.927	-10.105
-1.920	-10.138
-1.914	-10.171
-1.908	-10.206
-1.881	-10.263
-1.930	-10.283
-1.945	-10.289
-1.964	-10.292
-1.979	-10.283
-2.034	-10.252
-2.086	-10.216
-2.140	-10.183
POLYLINE RED
-1.939	-10.486
-1.928	-10.468
-1.911	-10.374
-1.864	-10.366
-1.815	-10.358
-1.763	-10.421
-1.738	-10.452
-1.709	-10.487
-1.668	-10.555
-1.693	-10.603
-1.726	-10.668
-1.917	-10.699
-1.954	-10.624
-1.978	-10.574
-1.952	-10.493
-1.933	-10.449
-1.904	-10.384
-1.869	-10.322
-1.837	-10.259
POLYLINE RED
-1.895	-10.079
-1.908	-10.000
-1.916	-9.935
-1.837	-9.896
-1.818	-9.887
-1.795	-9.885
-1.775	-9.895
-1.727	-9.919
-1.707	-9.989
-1.696	-10.036
-1.695	-10.038
-1.604	-10.264
-1.653	-10.342
-1.667	-10.365
-1.690	-10.378
-1.715	-10.387
-1.804	-10.417
-1.859	-10.354
-1.877	-10.270
-1.913	-10.100
-1.786	-9.942
-1.709	-9.807
POLYLINE YELLOW
5.146	3.599
5.146	3.584
5.132	3.571
5.125	3.557
5.132	3.571
5.146	3.615
5.146	3.599
POLYLINE YELLOW
5.134	3.690
5.134	3.681
5.119	3.683
5.111	3.679
5.119	3.683
5.134	3.698
5.134	3.690
POLYLINE YELLOW
5.068	3.651
5.068	3.647
5.069	3.644
5.069	3.640
5.069	3.644
5.068	3.655
5.068	3.651
POLYLINE YELLOW
5.192	3.440
5.192	3.383
5.056	3.323
5.105	3.294
5.153	3.265
5.192	3.497
5.192	3.440
POLYLINE RED
8.627	-2.900
8.562	-2.837
8.495	-2.777
8.433	-2.710
8.408	-2.682
8.385	-2.652
8.367	-2.618
7.976	-1.876
7.620	-1.113
7.207	-0.382
7.060	-0.123
6.865	0.107
6.688	0.347
6.637	0.415
6.563	0.467
6.523	0.543
6.061	1.428
5.612	2.321
5.184	3.225
5.096	3.409
5.038	3.607
4.980	3.803
4.855	4.221
5.007	4.107
4.880	4.197
POLYLINE RED
8.541	-2.863
8.568	-2.892
8.598	-2.919
8.623	-2.950
8.737	-3.088
8.766	-3.324
8.761	-3.498
8.759	-3.532
8.732	-3.623
8.729	-3.633
POLYLINE BLACK
1.336	4.791
1.394	4.823
1.451	4.858
1.510	4.887
1.561	4.912
1.640	4.924
1.693	4.924
2.420	4.921
3.148	4.905
3.875	4.904
3.914	4.904
3.974	4.916
4.012	4.935
4.115	4.986
4.293	5.163
4.318	5.185
POLYLINE GREEN
1.373	8.354
1.273	8.936
1.297	8.643
1.313	9.337
1.315	9.390
1.324	9.443
1.320	9.496
1.317	9.542
1.303	9.587
1.294	9.632
POLYLINE GREEN
2.980	8.450
2.984	8.566
2.958	9.049
3.039	9.275
3.104	9.458
3.183	9.637
3.255	9.818
POLYLINE GREEN
3.267	9.553
3.264	9.553
POLYLINE GREEN
1.245	9.498
1.240	9.538
1.233	9.577
1.231	9.618
1.229	9.643
1.239	9.706
1.251	9.726
1.382	9.939
1.510	10.155
1.658	10.357
1.790	10.536
1.965	10.682
2.088	10.867
2.334	11.238
2.374	11.360
2.489	11.663
POLYLINE GREEN
2.423	11.574
2.483	11.827
2.556	12.077
2.604	12.333
2.617	12.406
2.610	12.481
2.606	12.555
2.593	12.754
2.547	12.866
2.459	13.060
2.434	13.117
2.404	13.173
2.365	13.222
2.257	13.358
2.137	13.483
2.020	13.612
1.822	13.829
1.808	13.796
1.680	14.029
1.577	14.216
1.571	14.387
1.542	14.598
POLYLINE GREEN
1.488	14.609
1.515	14.639
1.540	14.671
1.569	14.699
1.659	14.786
1.801	14.798
1.918	14.801
1.954	14.802
1.992	14.796
2.025	14.782
2.104	14.750
2.173	14.677
2.218	14.607
2.334	14.424
2.454	14.074
2.533	13.939
2.624	13.784
2.734	13.639
2.854	13.505
3.441	12.849
3.138	13.342
3.546	12.771
3.580	12.722
3.613	12.671
3.632	12.615
3.697	12.433
3.737	12.243
3.797	12.059
3.808	12.028
3.824	11.998
3.843	11.971
4.005	11.741
4.230	11.518
4.341	11.247
4.356	11.209
4.366	11.170
4.379	11.131
POLYLINE GREEN
3.230	9.764
3.258	9.871
3.273	9.983
3.314	10.087
3.367	10.219
3.440	10.342
3.510	10.466
3.574	10.580
3.672	10.709
3.821	10.663
3.862	10.650
3.910	10.621
3.934	10.584
3.992	10.490
4.052	10.392
4.077	10.283
4.107	10.156
4.112	10.023
4.154	9.900
4.225	9.688
4.343	9.494
4.416	9.283
4.529	8.956
4.546	8.464
4.866	8.226
4.929	8.180
5.046	8.126
5.121	8.175
5.229	8.245
5.241	8.509
5.198	8.613
5.191	8.629
5.183	8.644
5.174	8.658
5.120	8.738
5.058	8.813
5.009	8.896
4.911	9.065
4.811	9.361
4.762	9.528
4.750	9.567
4.749	9.608
4.747	9.648
4.740	9.749
4.750	9.851
4.735	9.951
4.728	9.998
4.669	10.306
4.602	10.419
4.583	10.451
4.555	10.478
4.532	10.507
POLYLINE GREEN
3.892	10.650
3.892	10.649
POLYLINE GREEN
4.030	11.207
4.898	11.299
4.619	11.406
4.923	11.281
POLYLINE GREEN
3.791	10.834
3.805	10.849
3.832	10.858
3.833	10.878
3.833	10.895
3.804	10.860
3.791	10.849
3.766	10.827
3.744	10.800
3.729	10.770
3.709	10.731
3.699	10.697
3.695	10.654
3.686	10.554
3.755	10.484
3.840	10.441
3.931	10.396
4.000	10.404
4.112	10.393
4.444	10.361
4.780	10.353
5.110	10.300
5.460	10.244
5.795	10.100
6.149	10.066
6.691	10.013
7.244	10.075
7.766	10.220
8.251	10.354
8.411	10.527
8.881	10.862
8.958	10.917
9.025	10.995
9.057	11.085
9.091	11.180
9.084	11.275
9.061	11.373
9.001	11.622
8.882	11.772
8.689	11.950
8.593	12.038
8.491	12.122
8.380	12.191
8.010	12.419
7.565	12.500
7.134	12.499
6.659	12.498
5.581	12.487
4.958	12.222
4.771	12.143
4.589	12.050
4.417	11.943
4.313	11.877
4.224	11.790
4.134	11.706
4.018	11.597
3.881	11.368
3.818	11.253
3.779	11.183
3.748	11.108
3.721	11.033
3.649	10.836
3.625	10.676
3.694	10.475
3.709	10.431
3.742	10.388
3.767	10.351
POLYLINE GREEN
5.607	11.264
5.588	11.260
POLYLINE GREEN
6.016	11.094
6.265	11.071
6.513	11.040
6.762	11.026
7.054	11.009
6.997	10.987
7.121	11.045
POLYLINE GREEN
15.074	12.143
15.070	12.143
POLYLINE GREEN
15.396	13.757
15.316	13.743
15.308	13.757
15.358	13.727
POLYLINE GREEN
13.162	11.293
13.084	11.269
POLYLINE GREEN
12.334	11.614
12.334	11.630
POLYLINE GREEN
8.145	10.353
8.102	10.307
8.053	10.264
8.014	10.214
7.845	9.998
7.757	9.637
7.832	9.370
7.862	9.262
7.916	9.160
7.941	9.050
7.990	8.829
8.024	8.604
8.055	8.380
8.070	8.274
8.059	8.166
8.077	8.061
8.097	7.933
8.163	7.736
8.237	7.621
8.433	7.319
8.807	7.047
9.131	6.898
9.458	6.746
9.803	6.635
10.126	6.474
11.117	5.981
10.645	6.068
11.373	5.835
11.554	5.778
11.734	5.773
11.892	5.890
12.000	5.969
12.117	6.122
12.171	6.220
12.467	6.751
12.752	7.289
13.018	7.837
13.075	7.953
13.239	8.348
13.195	8.551
13.024	9.337
13.106	8.843
12.751	9.664
12.619	9.970
12.537	10.380
12.334	10.680
12.180	10.910
11.912	11.039
11.651	11.108
11.411	11.172
11.047	11.148
10.845	11.110
10.267	11.000
9.703	10.822
9.126	10.704
8.948	10.667
8.765	10.670
8.585	10.646
8.509	10.636
8.434	10.617
8.358	10.603
POLYLINE GREEN
10.020	8.910
10.452	8.889
10.885	8.867
11.318	8.848
11.427	8.843
11.298	8.867
11.463	8.824
POLYLINE GREEN
8.841	8.241
8.870	8.684
8.842	8.655
8.958	9.052
8.983	9.140
9.101	9.297
9.137	9.344
9.166	9.383
9.217	9.438
9.268	9.454
9.350	9.479
9.448	9.420
9.496	9.357
9.551	9.286
9.572	9.202
9.589	9.112
9.621	8.948
9.623	8.825
9.599	8.664
9.552	8.350
9.351	8.244
9.099	8.073
9.040	8.033
8.938	7.994
8.870	8.035
8.775	8.092
8.778	8.218
8.770	8.312
POLYLINE GREEN
8.215	9.491
8.246	9.272
8.277	9.054
8.308	8.835
8.302	8.838
8.293	8.838
8.289	8.844
8.217	8.984
8.134	9.127
8.133	9.289
8.132	9.325
8.147	9.377
8.175	9.401
8.355	9.562
8.538	9.719
8.722	9.876
8.745	9.896
8.780	9.893
8.802	9.873
8.913	9.770
8.901	9.349
8.899	9.309
8.892	9.142
8.858	8.978
8.834	8.813
8.833	8.806
8.829	8.800
8.826	8.794
8.814	8.778
8.792	8.764
8.772	8.763
8.618	8.758
8.469	8.744
8.320	8.782
8.275	8.794
8.232	8.815
8.189	8.831
POLYLINE GREEN
9.005	9.852
9.040	9.909
9.071	9.968
9.111	10.022
9.170	10.102
9.277	10.204
9.368	10.245
9.444	10.279
9.520	10.171
9.545	10.122
9.620	9.976
9.683	9.824
9.750	9.674
9.761	9.649
9.753	9.615
9.737	9.594
9.708	9.555
9.634	9.521
9.597	9.512
9.482	9.481
9.365	9.461
9.248	9.439
9.232	9.436
9.202	9.440
9.187	9.444
9.099	9.471
9.063	9.572
9.041	9.650
9.004	9.776
9.004	9.963
9.062	10.080
9.077	10.109
9.096	10.135
9.113	10.163
POLYLINE GREEN
9.369	7.971
9.368	8.137
9.356	8.303
9.487	8.420
9.566	8.490
9.675	8.359
9.708	8.303
9.716	8.290
9.720	8.275
9.727	8.261
9.792	8.131
9.860	8.002
9.924	7.872
9.933	7.855
9.931	7.829
9.924	7.812
9.894	7.729
9.693	7.673
9.614	7.665
9.547	7.658
9.478	7.656
9.411	7.657
9.356	7.657
9.277	7.688
9.266	7.749
9.259	7.786
9.262	7.831
9.272	7.867
9.413	8.383
9.370	8.269
9.488	8.550
POLYLINE GREEN
9.714	10.231
9.818	10.318
9.917	10.412
10.027	10.492
10.105	10.549
10.192	10.594
10.277	10.642
10.346	10.681
10.393	10.682
10.414	10.602
10.428	10.546
10.440	10.490
10.456	10.434
10.482	10.342
10.524	10.275
10.459	10.188
10.394	10.101
10.265	10.018
10.164	9.985
10.090	9.961
9.657	9.748
9.548	9.959
9.503	10.044
9.510	10.151
9.508	10.243
POLYLINE GREEN
9.766	7.531
9.821	7.574
9.879	7.615
9.931	7.662
9.972	7.698
10.184	7.956
10.318	7.968
10.355	7.971
10.393	7.937
10.405	7.903
10.484	7.668
10.560	7.431
10.633	7.194
10.646	7.152
10.632	7.092
10.605	7.058
10.425	6.834
10.050	6.803
9.781	6.792
9.716	6.789
9.558	6.797
9.516	6.870
9.477	6.937
9.538	7.098
9.545	7.125
9.785	8.011
9.700	7.532
9.783	8.072
POLYLINE GREEN
16.234	12.969
16.243	12.993
POLYLINE GREEN
12.337	10.451
12.412	10.478
12.485	10.512
12.563	10.532
14.035	10.906
12.333	10.376
14.062	11.004
14.704	11.237
14.006	10.930
14.511	11.161
POLYLINE GREEN
12.969	9.134
13.203	9.188
13.437	9.243
13.671	9.297
13.692	9.306
13.715	9.313
13.736	9.324
13.823	9.369
13.864	9.455
13.915	9.535
13.939	9.573
13.937	9.581
13.969	9.610
14.059	9.694
14.327	9.754
14.362	9.769
14.751	9.942
15.131	10.135
15.519	10.309
15.546	10.321
15.664	10.346
15.702	10.336
15.724	10.330
15.738	10.309
15.757	10.296
POLYLINE GREEN
14.459	11.167
14.495	11.215
14.536	11.259
14.567	11.310
14.662	11.461
14.795	11.882
14.816	11.942
15.035	12.565
14.989	12.381
15.054	12.649
POLYLINE GREEN
15.081	12.579
14.991	12.591
POLYLINE GREEN
14.967	12.623
15.010	12.718
15.067	12.814
15.180	12.831
15.286	12.847
15.391	12.783
15.466	12.715
15.529	12.656
15.597	12.602
15.656	12.540
15.744	12.446
15.791	12.368
15.857	12.266
POLYLINE GREEN
15.970	10.373
15.994	10.409
16.016	10.446
16.043	10.480
16.080	10.525
16.165	10.587
16.212	10.607
16.756	10.832
17.300	11.057
17.853	11.261
18.063	11.338
18.289	11.367
18.498	11.448
18.760	11.550
18.997	11.712
19.261	11.807
20.893	12.395
19.590	11.863
20.372	12.074
20.775	12.183
21.004	12.488
21.147	12.870
21.223	13.074
21.319	13.386
21.335	13.634
21.340	13.707
21.331	13.800
21.292	13.865
21.219	13.987
21.056	14.043
20.921	14.024
20.888	14.020
20.854	14.016
20.823	14.002
20.471	13.835
20.126	13.653
19.776	13.481
19.604	13.396
19.422	13.327
19.257	13.229
19.027	13.092
18.817	12.924
18.595	12.776
18.564	12.755
18.513	12.749
18.477	12.753
18.208	12.789
18.178	12.789
17.909	12.904
17.811	12.946
17.723	13.007
17.624	13.047
17.470	13.109
17.310	13.159
17.152	13.212
17.077	13.237
16.778	13.372
16.640	13.320
16.583	13.299
16.505	13.232
16.475	13.205
16.335	13.084
16.305	12.898
16.248	12.730
POLYLINE GREEN
17.381	11.375
17.756	11.579
17.406	11.398
18.089	11.676
18.133	11.694
18.181	11.743
18.191	11.791
18.212	11.888
18.111	12.074
18.093	12.102
17.998	12.262
17.883	12.410
17.768	12.556
17.731	12.603
17.599	12.771
17.492	12.741
17.283	12.682
17.214	12.628
16.966	12.541
16.850	12.500
16.729	12.473
16.613	12.436
16.603	12.432
16.595	12.425
16.587	12.418
16.572	12.405
16.553	12.376
16.552	12.356
16.543	12.165
16.537	11.974
16.532	11.782
16.531	11.704
16.627	11.647
16.681	11.616
16.764	11.569
17.007	11.518
17.021	11.515
17.164	11.482
17.309	11.456
17.453	11.427
POLYLINE GREEN
17.539	11.398
17.599	11.675
17.586	11.860
17.518	12.128
POLYLINE GREEN
17.597	12.177
17.857	12.349
17.742	12.259
17.948	12.442
POLYLINE GREEN
17.685	12.095
17.483	12.109
17.329	12.246
17.147	12.318
16.854	12.432
16.810	12.425
16.544	12.460
POLYLINE GREEN
16.467	11.448
16.432	11.513
16.393	11.575
16.364	11.642
16.275	11.845
16.248	12.237
16.230	12.374
16.225	12.416
16.272	12.428
16.303	12.418
16.313	12.414
16.331	12.410
16.328	12.400
16.325	12.387
16.304	12.387
16.292	12.381
16.269	12.368
16.261	12.366
16.242	12.347
16.207	12.311
16.194	12.256
16.177	12.212
POLYLINE GREEN
16.460	12.240
16.309	12.450
POLYLINE GREEN
15.646	13.160
15.675	13.256
15.749	13.448
15.883	13.368
15.909	13.352
15.930	13.328
15.942	13.300
15.982	13.208
15.941	13.107
15.919	13.017
POLYLINE GREEN
15.999	12.785
16.025	12.751

ELEVATION
STATIONS
0.000	0.000	0
3.495	-0.162	1
3.883	1.634	2
2.679	0.657	3
5.652	-3.266	4
6.928	-10.775	5
4.753	-10.915	6
5.251	-11.702	7
-0.920	-12.373	8
-0.722	-11.778	9
-0.754	-12.300	10
2.267	2.128	2.1
3.946	1.770	2.2
5.063	-3.333	2.3
10.044	-6.494	2.4
10.879	-10.393	2.5
15.696	-6.547	2.6
SHOTS
0.000	0.000	3.587	0.027
0.000	0.000	0.169	0.000
0.000	0.000	0.166	-0.001
0.000	0.000	3.677	-0.043
0.000	0.000	0.167	-0.004
0.000	0.000	0.168	-0.003
0.000	0.000	3.495	-0.162
3.495	-0.162	3.883	1.634
3.883	1.634	3.379	1.600
3.883	1.634	3.437	2.212
3.883	1.634	4.954	1.126
3.883	1.634	3.800	0.339
3.883	1.634	0.708	3.245
3.883	1.634	2.938	4.578
3.883	1.634	1.220	0.982
3.883	1.634	1.264	-0.360
3.883	1.634	1.237	0.044
3.883	1.634	-1.018	2.271
3.883	1.634	0.335	2.327
3.883	1.634	1.679	2.102
3.883	1.634	2.850	2.102
3.883	1.634	2.050	2.857
3.883	1.634	1.956	1.096
3.883	1.634	2.679	0.657
2.679	0.657	-0.017	7.822
2.679	0.657	1.382	1.873
2.679	0.657	5.824	-11.076
2.679	0.657	4.159	0.557
2.679	0.657	-1.111	1.597
2.679	0.657	-4.099	8.310
2.679	0.657	-0.543	8.363
2.679	0.657	5.472	-2.619
2.679	0.657	3.069	-2.997
2.679	0.657	4.827	-4.476
2.679	0.657	4.897	-2.720
2.679	0.657	5.652	-3.266
5.652	-3.266	-2.600	7.935
5.652	-3.266	4.239	-3.446
5.652	-3.266	5.114	-1.333
5.652	-3.266	5.517	-11.909
5.652	-3.266	4.336	-3.583
5.652	-3.266	6.640	-3.832
5.652	-3.266	6.159	-3.518
5.652	-3.266	6.928	-10.775
6.928	-10.775	8.330	-17.088
6.928	-10.775	8.468	-16.947
6.928	-10.775	6.600	-11.113
6.928	-10.775	4.946	-10.494
6.928	-10.775	8.480	-10.614
6.928	-10.775	7.933	-10.652
6.928	-10.775	4.460	-10.774
6.928	-10.775	6.697	-13.038
6.928	-10.775	7.524	-16.688
6.928	-10.775	7.104	-14.158
6.928	-10.775	4.048	-11.316
6.928	-10.775	5.254	-11.210
6.928	-10.775	4.961	-10.812
6.928	-10.775	4.789	-11.588
6.928	-10.775	4.753	-10.915
4.753	-10.915	5.160	-11.144
4.753	-10.915	4.806	-11.639
4.753	-10.915	3.858	-11.430
4.753	-10.915	5.251	-11.702
5.251	-11.702	3.621	-11.584
5.251	-11.702	4.947	-11.209
5.251	-11.702	4.843	-12.346
5.251	-11.702	4.922	-11.295
5.251	-11.702	4.170	-11.648
5.251	-11.702	6.226	-11.283
5.251	-11.702	-1.590	-11.671
5.251	-11.702	3.487	-11.256
5.251	-11.702	-0.920	-12.373
-0.920	-12.373	-0.610	-10.890
-0.920	-12.373	-0.701	-11.911
-0.920	-12.373	-0.921	-11.979
-0.920	-12.373	-1.092	-13.691
-0.920	-12.373	0.133	-12.785
-0.920	-12.373	-0.653	-12.065
-0.920	-12.373	-9.259	-1.510
-0.920	-12.373	-9.670	-2.024
-0.920	-12.373	-3.145	-5.744
-0.920	-12.373	-10.786	0.689
-0.920	-12.373	-1.415	-11.947
-0.920	-12.373	-0.588	-11.855
-0.920	-12.373	-1.026	-12.186
-0.920	-12.373	-0.743	-11.828
-0.920	-12.373	-2.649	-14.389
-0.920	-12.373	-0.722	-11.778
-0.722	-11.778	-2.481	-13.826
-0.722	-11.778	-1.692	-11.935
-0.722	-11.778	-0.552	-12.430
-0.722	-11.778	0.171	-11.900
-0.722	-11.778	-3.747	-16.055
-0.722	-11.778	-2.999	-14.916
-0.722	-11.778	-3.025	-15.178
-0.722	-11.778	-0.899	-11.588
-0.722	-11.778	-10.908	0.453
-0.722	-11.778	-7.423	-4.942
-0.722	-11.778	-7.205	-6.907
-0.722	-11.778	-0.741	-12.461
-0.722	-11.778	-0.754	-12.300
-0.754	-12.300	1.008	-12.154
-0.754	-12.300	1.673	-11.767
-0.754	-12.300	-0.199	-11.631
-0.754	-12.300	-0.639	-12.953
-0.754	-12.300	-2.116	-14.106
-0.754	-12.300	-0.916	-11.408
-0.754	-12.300	-1.258	-13.467
-0.754	-12.300	-1.213	-13.358
3.883	1.634	2.267	2.128
2.267	2.128	0.639	2.639
2.267	2.128	3.172	2.149
2.267	2.128	2.925	2.228
2.267	2.128	1.475	2.379
2.267	2.128	2.309	1.240
2.267	2.128	3.240	1.491
2.267	2.128	4.317	1.654
2.267	2.128	3.964	1.767
2.267	2.128	3.946	1.770
3.946	1.770	1.724	1.628
3.946	1.770	2.484	5.196
3.946	1.770	2.182	1.955
3.946	1.770	4.971	2.256
3.946	1.770	4.105	1.138
3.946	1.770	1.800	1.061
3.946	1.770	2.146	1.513
3.946	1.770	4.505	-0.640
3.946	1.770	4.206	-1.159
3.946	1.770	5.382	-5.643
3.946	1.770	5.063	-3.333
5.063	-3.333	6.363	-3.336
5.063	-3.333	5.612	-3.169
5.063	-3.333	4.079	-2.602
5.063	-3.333	6.025	-5.327
5.063	-3.333	5.418	-5.562
5.063	-3.333	5.917	-3.344
5.063	-3.333	5.588	-4.800
5.063	-3.333	7.902	-4.420
5.063	-3.333	7.085	-4.491
5.063	-3.333	7.794	-5.809
5.063	-3.333	7.323	-5.353
5.063	-3.333	7.836	-4.366
5.063	-3.333	10.044	-6.494
10.044	-6.494	10.570	-6.834
10.044	-6.494	9.522	-6.906
10.044	-6.494	9.894	-4.528
10.044	-6.494	11.578	-3.662
10.044	-6.494	11.636	-7.166
10.044	-6.494	11.021	-11.649
10.044	-6.494	12.938	-8.031
10.044	-6.494	9.686	-2.597
10.044	-6.494	7.364	-6.748
10.044	-6.494	8.168	-5.066
10.044	-6.494	10.879	-10.393
10.879	-10.393	10.600	-10.438
10.879	-10.393	9.564	-4.836
10.879	-10.393	10.799	1.287
10.879	-10.393	11.529	-9.198
10.879	-10.393	10.523	-10.002
10.879	-10.393	12.795	-11.600
10.879	-10.393	12.672	-10.113
10.879	-10.393	12.522	-9.580
10.879	-10.393	13.223	-8.285
10.879	-10.393	14.307	-7.924
10.879	-10.393	14.690	-6.808
10.879	-10.393	14.147	-6.641
10.879	-10.393	15.696	-6.547
15.696	-6.547	20.491	-2.727
15.696	-6.547	15.365	-6.427
15.696	-6.547	15.813	-5.105
15.696	-6.547	16.305	-4.704
15.696	-6.547	19.061	-5.727
15.696	-6.547	16.885	-7.628
15.696	-6.547	14.766	-6.516
15.696	-6.547	15.565	-7.850
15.696	-6.547	18.109	-3.867
15.696	-6.547	20.998	-0.651

