TRIP
DATE 2026-08-16
DECLINATION 0.0
DATA
0		294.42	14.84	3.478	>
0		294.35	15.27	3.470	>
0		294.27	14.89	3.453	>
0	1	294.35	15.00	3.467	>
1		116.07	-54.74	2.220	>
1		118.82	-32.70	4.546	>
1		124.15	-17.44	2.722	>
1		119.08	-21.65	4.228	>
1		158.40	-2.56	1.038	>
1		128.02	1.83	2.306	>
1		114.03	1.35	2.753	>
1		91.07	2.11	2.231	>
1		282.34	86.56	3.915	>
1		281.80	86.59	3.922	>
1		284.79	86.60	3.888	>
1	2	282.97	86.58	3.908	>
2		199.24	-37.39	0.490	>
2		270.81	-63.98	0.975	>
2		332.55	-68.41	0.860	>
2		37.46	-60.84	0.958	>
2		117.36	-80.80	5.690	>
2		263.81	8.76	0.939	>
2		263.93	8.89	0.940	>
2		264.00	8.89	0.938	>
2	3	263.91	8.84	0.939	>
3		32.49	5.94	0.550	>
3		69.32	-0.96	0.833	>
3		106.36	4.05	0.763	>
3		134.29	3.00	0.490	>
3		181.34	49.52	3.104	>
3		181.19	49.91	3.110	>
3		181.21	49.84	3.104	>
3	4	181.25	49.76	3.106	>
4		320.91	-52.29	1.979	>
4		260.22	-3.51	2.922	>
4		290.02	-4.07	3.165	>
4		314.73	-2.58	2.735	>
4		3.14	-1.35	2.595	>
4		43.86	2.15	2.146	>
4		13.43	-43.07	2.449	>
4		358.80	-42.12	2.336	>
4		327.31	1.70	3.303	>
4		333.72	-2.14	3.033	>
4		259.87	53.12	4.800	>
4		259.91	53.18	4.810	>
4		259.78	53.20	4.799	>
4	5	259.85	53.17	4.803	>
5		19.67	-0.22	1.019	>
5		42.45	-2.75	2.190	>
5		44.80	-1.67	3.938	>
5		57.35	-0.23	4.614	>
5		66.44	2.09	4.300	>
5		69.59	3.61	2.611	>
5		78.43	-0.82	1.800	>
5		98.30	-5.47	1.462	>
5		47.01	-69.17	5.723	>
5		255.65	81.41	17.837	>
5		114.03	86.84	19.105	>
5		229.83	53.30	2.907	>
5		229.83	53.07	2.904	>
5		229.98	53.14	2.907	>
5	6	229.88	53.17	2.906	>
6		15.33	2.06	2.213	>
6		45.76	4.73	3.590	>
6		46.38	3.06	5.315	>
6		62.48	3.88	4.852	>
6		68.92	2.71	3.755	>
6		87.58	0.32	3.770	>
6		112.92	-0.27	1.943	>
6		76.61	82.31	16.549	>
6		76.83	82.25	16.526	>
6		77.61	82.30	16.497	>
6	7	77.02	82.29	16.524	>
7		256.44	8.05	2.410	>
7		279.36	8.24	2.393	>
7		254.31	11.17	1.680	>
7		293.51	6.92	0.676	>
7		6.87	-1.38	0.741	>
7		61.41	7.44	0.864	>
7		104.32	0.26	2.148	>
7		111.94	2.81	4.589	>
7		245.51	-86.22	18.289	>
7		243.73	88.73	3.525	>
7		243.53	88.53	3.514	>
7		242.76	88.56	3.513	>
7	8	243.34	88.60	3.517	>
8		142.97	-6.02	0.448	>
8		337.77	-38.77	0.337	>
8		96.28	40.98	4.847	>
8		96.38	40.90	4.846	>
8		96.42	40.84	4.844	>
8	9	96.36	40.91	4.846	>
9		278.66	-35.92	3.600	>
9		272.45	-39.24	3.679	>
9		258.85	-39.96	1.892	>
9		250.96	-44.30	1.353	>
9		268.96	-46.90	2.915	>
9		282.48	-50.36	3.019	>
9		170.31	-4.27	1.848	>
9		170.26	-4.42	1.852	>
9		170.31	-4.45	1.852	>
9	10	170.29	-4.38	1.851	>
10		78.17	61.13	2.655	>
10		356.51	-85.53	5.470	>
10		48.86	1.62	0.565	>
10		358.91	37.34	2.215	>
10		73.08	60.55	2.617	>
10		137.24	-9.71	1.361	>
10		137.07	-9.71	1.364	>
10		137.13	-10.02	1.365	>
10	11	137.14	-9.81	1.363	>
11		95.62	73.31	2.967	>
11		168.63	-87.74	4.017	>
11		219.02	6.05	0.339	>
11		121.66	46.88	2.187	>
11		130.17	31.46	2.652	>
11		130.27	31.53	2.662	>
11		130.13	31.54	2.660	>
11	12	130.19	31.51	2.658	>
12		291.69	-70.97	4.534	>
12		342.94	82.79	1.331	>
12		336.81	-5.87	0.304	>
12		358.43	87.98	0.566	>
12		1.36	87.86	1.130	>
12		3.70	88.15	1.130	>
12		13.89	88.08	1.130	>
12		64.14	22.96	2.106	>
12		64.11	23.00	2.108	>
12		64.08	22.92	2.107	>
12	13	64.11	22.96	2.107	>
13		130.80	-20.31	2.363	>
13		130.75	-20.30	2.349	>
13	14	130.89	-20.22	2.361	>

PLAN
STATIONS
0.000	0.000	0
-3.051	1.381	1
-3.278	1.433	2
-4.201	1.335	3
-4.244	-0.671	4
-7.078	-1.179	5
-8.410	-2.301	6
-6.250	-1.803	7
-6.326	-1.841	8
-2.686	-2.247	9
-2.375	-4.066	10
-1.462	-5.051	11
0.270	-6.513	12
2.015	-5.666	13
3.690	-7.116	14
SHOTS
0.000	0.000	-3.051	1.381
-3.051	1.381	-1.900	0.817
-3.051	1.381	0.301	-0.463
-3.051	1.381	-0.902	-0.077
-3.051	1.381	0.383	-0.529
-3.051	1.381	-2.669	0.417
-3.051	1.381	-1.235	-0.039
-3.051	1.381	-0.537	0.260
-3.051	1.381	-0.822	1.339
-3.051	1.381	-3.278	1.433
-3.278	1.433	-3.406	1.065
-3.278	1.433	-3.706	1.439
-3.278	1.433	-3.424	1.714
-3.278	1.433	-2.994	1.804
-3.278	1.433	-2.470	1.015
-3.278	1.433	-4.201	1.335
-4.201	1.335	-3.907	1.796
-4.201	1.335	-3.421	1.629
-4.201	1.335	-3.470	1.120
-4.201	1.335	-3.850	0.993
-4.201	1.335	-4.244	-0.671
-4.244	-0.671	-5.007	0.268
-4.244	-0.671	-7.118	-1.167
-4.244	-0.671	-7.210	0.410
-4.244	-0.671	-6.185	1.251
-4.244	-0.671	-4.102	1.919
-4.244	-0.671	-2.758	0.875
-4.244	-0.671	-3.829	1.069
-4.244	-0.671	-4.281	1.061
-4.244	-0.671	-6.027	2.107
-4.244	-0.671	-5.586	2.046
-4.244	-0.671	-7.078	-1.179
-7.078	-1.179	-6.735	-0.219
-7.078	-1.179	-5.602	0.436
-7.078	-1.179	-4.305	1.614
-7.078	-1.179	-3.193	1.310
-7.078	-1.179	-3.139	0.539
-7.078	-1.179	-4.636	-0.270
-7.078	-1.179	-5.315	-0.818
-7.078	-1.179	-5.638	-1.389
-7.078	-1.179	-5.590	0.209
-7.078	-1.179	-9.660	-1.839
-7.078	-1.179	-6.115	-1.608
-7.078	-1.179	-8.410	-2.301
-8.410	-2.301	-7.826	-0.168
-8.410	-2.301	-5.847	0.195
-8.410	-2.301	-4.568	1.360
-8.410	-2.301	-4.117	-0.065
-8.410	-2.301	-4.911	-0.952
-8.410	-2.301	-4.644	-2.142
-8.410	-2.301	-6.621	-3.058
-8.410	-2.301	-6.250	-1.803
-6.250	-1.803	-8.569	-2.362
-6.250	-1.803	-8.586	-1.418
-6.250	-1.803	-7.836	-2.249
-6.250	-1.803	-6.865	-1.535
-6.250	-1.803	-6.161	-1.068
-6.250	-1.803	-5.497	-1.393
-6.250	-1.803	-4.168	-2.334
-6.250	-1.803	-1.998	-3.516
-6.250	-1.803	-7.348	-2.304
-6.250	-1.803	-6.326	-1.841
-6.326	-1.841	-6.058	-2.197
-6.326	-1.841	-6.426	-1.598
-6.326	-1.841	-2.686	-2.247
-2.686	-2.247	-5.569	-1.808
-2.686	-2.247	-5.533	-2.125
-2.686	-2.247	-4.109	-2.528
-2.686	-2.247	-3.602	-2.563
-2.686	-2.247	-4.678	-2.283
-2.686	-2.247	-4.567	-1.831
-2.686	-2.247	-2.375	-4.066
-2.375	-4.066	-1.121	-3.803
-2.375	-4.066	-2.401	-3.640
-2.375	-4.066	-1.950	-3.694
-2.375	-4.066	-2.409	-2.305
-2.375	-4.066	-1.144	-3.691
-2.375	-4.066	-1.462	-5.051
-1.462	-5.051	-0.614	-5.134
-1.462	-5.051	-1.430	-5.206
-1.462	-5.051	-1.674	-5.313
-1.462	-5.051	-0.189	-5.835
-1.462	-5.051	0.270	-6.513
0.270	-6.513	-1.104	-5.967
0.270	-6.513	0.221	-6.353
0.270	-6.513	0.151	-6.235
0.270	-6.513	0.269	-6.493
0.270	-6.513	0.271	-6.471
0.270	-6.513	0.272	-6.477
0.270	-6.513	0.279	-6.476
0.270	-6.513	2.015	-5.666
2.015	-5.666	3.693	-7.114
2.015	-5.666	3.684	-7.104
2.015	-5.666	3.690	-7.116
POLYLINE BLUE
0.330	-1.130
0.396	-1.169
0.416	-1.174
0.465	-1.220
0.487	-1.241
0.508	-1.264
0.529	-1.286
POLYLINE BLUE
0.739	-0.871
0.822	-0.966
0.738	-0.877
0.886	-0.997
0.904	-1.011
0.919	-1.029
0.936	-1.045
POLYLINE BLUE
0.789	-1.526
0.913	-1.614
0.863	-1.571
0.946	-1.649
POLYLINE BLUE
1.064	-1.343
1.249	-1.464
POLYLINE BLUE
1.228	-1.882
1.240	-1.888
1.309	-1.919
1.320	-1.942
1.329	-1.961
1.335	-1.981
1.343	-2.001
POLYLINE BLUE
1.520	-1.591
1.645	-1.711
POLYLINE BLUE
-3.089	1.361
-3.117	1.335
POLYLINE BLUE
-3.086	1.391
-3.155	1.296
-3.180	1.218
-3.170	1.099
-3.168	1.079
-3.160	1.057
-3.151	1.039
-3.108	0.956
-3.071	0.869
-3.021	0.790
-2.965	0.701
-2.900	0.618
-2.835	0.535
-2.824	0.521
-2.810	0.509
-2.796	0.499
-2.761	0.476
-2.726	0.453
-2.688	0.437
-2.503	0.358
-2.452	0.375
-2.245	0.308
-2.178	0.286
-2.115	0.254
-2.050	0.227
-1.992	0.203
-1.936	0.169
-1.875	0.154
-0.417	-0.199
-2.194	0.300
-0.822	-0.073
-0.789	-0.082
-0.742	-0.111
-0.716	-0.133
-0.470	-0.338
-0.217	-0.534
0.018	-0.751
0.085	-0.813
0.180	-0.943
0.250	-1.038
POLYLINE BLUE
-3.082	1.402
-3.022	1.442
-2.977	1.481
-2.911	1.505
-2.879	1.517
-2.845	1.524
-2.813	1.535
-2.691	1.577
-2.571	1.626
-2.448	1.666
-2.424	1.674
-2.399	1.675
-2.374	1.678
-2.281	1.689
-2.188	1.708
-2.095	1.706
-1.685	1.696
-1.549	1.663
-1.173	1.539
-0.889	1.445
-0.826	1.429
-0.641	1.213
-0.343	0.863
-0.308	0.793
-0.092	0.353
-0.050	0.269
-0.018	0.181
0.014	0.094
0.016	0.089
0.033	0.002
0.051	-0.020
0.173	-0.172
0.293	-0.324
0.422	-0.471
0.507	-0.568
0.666	-0.674
0.723	-0.813
POLYLINE RED
-4.236	1.351
-4.197	1.239
-4.154	1.150
-4.065	1.068
-3.991	0.999
-3.869	0.920
-3.760	0.937
-3.700	0.947
-3.609	0.997
-3.570	1.041
-3.458	1.166
-3.391	1.246
-3.330	1.387
-3.319	1.414
-3.314	1.444
-3.303	1.472
-3.296	1.490
-3.285	1.506
-3.278	1.524
-3.246	1.605
-3.266	1.751
-3.326	1.817
-3.338	1.830
-3.354	1.842
-3.369	1.849
-3.383	1.855
-3.396	1.860
-3.410	1.863
-3.493	1.881
-3.577	1.901
-3.661	1.914
-3.746	1.928
-3.888	1.908
-3.961	1.853
-4.036	1.797
-4.123	1.682
-4.165	1.619
-4.212	1.549
-4.252	1.474
-4.292	1.400
-4.304	1.377
-4.331	1.317
-4.332	1.282
-4.333	1.176
-4.330	1.183
-4.309	1.096
POLYLINE RED
-4.157	1.157
-4.086	1.219
-4.064	1.226
-3.980	1.255
POLYLINE RED
-4.245	1.498
-4.178	1.490
-4.154	1.482
-4.099	1.459
POLYLINE RED
-4.056	1.735
-3.921	1.533
POLYLINE RED
-3.810	1.957
-3.812	1.887
-3.805	1.831
-3.824	1.766
-3.831	1.745
-3.840	1.725
-3.848	1.704
POLYLINE RED
-3.518	1.852
-3.588	1.701
POLYLINE RED
-3.300	1.810
-3.396	1.675
POLYLINE RED
-3.325	1.508
-3.469	1.504
-3.408	1.490
-3.513	1.532
POLYLINE RED
-3.638	1.080
-3.675	1.139
-3.651	1.103
-3.715	1.183
POLYLINE RED
-3.774	0.924
-3.882	1.056
POLYLINE RED
-3.837	0.927
-3.749	0.970
-3.661	1.014
-3.573	1.057
-3.559	1.062
-3.545	1.068
-3.530	1.070
-3.426	1.082
-3.371	1.074
-3.277	1.022
-2.967	0.852
-3.162	0.926
-3.012	0.872
POLYLINE RED
-3.439	1.873
-3.380	1.862
-3.323	1.846
-3.263	1.841
-3.167	1.832
-3.069	1.848
-2.974	1.829
-2.507	1.691
-2.687	1.728
-2.443	1.682
POLYLINE RED
-4.087	1.100
-4.025	1.124
POLYLINE BLUE
-3.976	1.910
-4.006	1.913
-4.035	1.916
-4.064	1.920
-4.322	1.952
-4.581	1.985
-4.839	2.017
-4.894	2.021
-4.951	2.023
-5.006	2.029
-5.046	2.033
-5.085	2.043
-5.125	2.048
-5.284	2.069
-5.444	2.085
-5.603	2.105
-5.620	2.107
-5.643	2.116
-5.658	2.126
-5.763	2.196
-5.922	2.482
-5.936	2.505
-6.089	2.753
-5.905	2.500
-6.008	2.639
POLYLINE BLUE
-6.429	2.557
-6.422	2.540
-6.416	2.523
-6.408	2.507
-6.402	2.493
-6.391	2.483
-6.380	2.472
-6.340	2.433
-6.301	2.392
-6.259	2.354
-6.231	2.330
-6.199	2.311
-6.172	2.286
-6.150	2.264
-6.130	2.239
-6.112	2.213
-6.093	2.185
-6.047	2.120
-6.056	2.074
-6.064	2.032
-6.077	1.990
-6.083	1.948
-6.127	1.607
-6.097	1.572
-6.169	1.336
-6.180	1.300
-6.212	1.263
-6.243	1.243
-6.402	1.133
-6.573	1.040
-6.726	0.921
-6.884	0.796
-7.026	0.652
-7.172	0.513
-7.192	0.494
-7.208	0.471
-7.222	0.448
-7.326	0.274
-7.379	0.036
-7.397	-0.161
-7.405	-0.251
-7.401	-0.342
-7.397	-0.433
-7.394	-0.507
-7.392	-0.582
-7.377	-0.654
-7.360	-0.733
-7.312	-0.868
-7.261	-0.948
-7.245	-0.973
-7.126	-1.187
-7.042	-1.228
-6.972	-1.262
-6.898	-1.271
-6.819	-1.280
-6.744	-1.288
-6.669	-1.297
-6.593	-1.296
-6.369	-1.290
-6.142	-1.300
-5.923	-1.256
-5.133	-1.096
-4.852	-1.008
-4.258	-0.710
-4.151	-0.656
-3.806	-0.429
-3.770	-0.407
-3.736	-0.387
-3.697	-0.375
-3.664	-0.351
-3.550	-0.270
-3.434	-0.189
-3.330	-0.095
-3.156	0.062
-3.048	0.184
-2.937	0.371
-2.889	0.451
-2.889	0.492
-2.859	0.584
-2.855	0.598
-2.849	0.612
-2.844	0.625
POLYLINE BLUE
-6.657	0.963
-6.535	0.816
POLYLINE BLUE
-6.976	0.756
-6.887	0.684
-6.924	0.722
-6.863	0.648
POLYLINE BLUE
-7.357	0.109
-7.293	0.141
-7.231	0.146
-7.162	0.153
POLYLINE BLUE
-7.335	-0.390
-7.249	-0.311
-7.302	-0.356
-7.168	-0.262
POLYLINE BLUE
-7.276	-0.854
-7.136	-0.725
POLYLINE BLUE
-6.674	-1.227
-6.607	-1.095
-6.644	-1.178
-6.582	-0.970
POLYLINE BLUE
-5.859	-1.216
-5.857	-0.955
POLYLINE BLUE
-5.198	-1.029
-5.201	-0.943
-5.224	-0.927
-5.265	-0.838
-5.271	-0.826
-5.275	-0.812
-5.279	-0.800
POLYLINE BLUE
-4.556	-0.851
-4.612	-0.770
-4.632	-0.725
-4.701	-0.665
-4.714	-0.654
-4.729	-0.648
-4.743	-0.639
POLYLINE BLUE
-3.754	-0.418
-3.812	-0.324
-3.835	-0.314
-3.925	-0.247
POLYLINE BLUE
-3.228	0.003
-3.247	0.053
-3.275	0.089
-3.317	0.121
-3.328	0.130
-3.340	0.139
-3.353	0.144
-3.373	0.151
-3.394	0.152
-3.414	0.156
POLYLINE BLUE
-3.023	0.340
-3.086	0.424
-3.107	0.436
-3.192	0.489
POLYLINE BLUE
-4.858	2.015
-4.858	1.913
-4.870	1.892
-4.909	1.799
POLYLINE BLUE
-4.460	1.974
-4.492	1.853
-4.511	1.829
-4.576	1.726
POLYLINE BLUE
-6.156	1.542
-6.099	1.538
-6.102	1.542
-6.055	1.527
-6.052	1.526
-6.050	1.524
-6.047	1.522
-6.033	1.513
-6.019	1.503
-6.004	1.493
POLYLINE BLUE
-6.698	2.988
-6.685	2.903
-6.672	2.915
-6.623	2.833
-6.612	2.815
-6.604	2.795
-6.595	2.775
POLYLINE BLUE
-6.364	3.096
-6.281	2.992
-6.313	3.044
-6.264	2.942
POLYLINE BLUE
-6.302	2.976
-6.143	2.855
-6.294	2.975
-6.120	2.818
-6.077	2.780
-6.022	2.747
-5.999	2.691
-5.988	2.663
-5.980	2.633
-5.971	2.604
POLYLINE BLUE
-6.744	2.978
-6.718	2.948
-6.691	2.919
-6.665	2.889
-6.635	2.850
-6.608	2.809
-6.575	2.773
-6.542	2.737
-6.409	2.642
-6.378	2.559
-6.373	2.547
-6.370	2.534
-6.366	2.521
POLYLINE BLUE
-2.460	1.714
-2.454	1.672
-2.443	1.628
-2.453	1.585
-2.460	1.553
-2.473	1.523
-2.483	1.491
POLYLINE BLUE
-2.073	1.685
-2.086	1.559
-2.074	1.612
-2.101	1.522
POLYLINE BLUE
-1.470	1.594
-1.540	1.467
-1.511	1.526
-1.560	1.418
POLYLINE BLUE
-0.932	1.395
-1.092	1.347
-1.004	1.378
-1.194	1.297
POLYLINE BLUE
-0.488	1.039
-0.746	0.993
POLYLINE BLUE
-0.134	0.368
-0.455	0.382
POLYLINE BLUE
-1.167	0.076
-1.122	0.258
POLYLINE BLUE
-1.786	0.209
-1.672	0.441
POLYLINE BLUE
-2.068	0.254
-2.042	0.516
POLYLINE BLUE
-2.486	0.489
-2.465	0.533
-2.430	0.563
-2.394	0.594
POLYLINE BLUE
-2.998	0.730
-2.886	0.764
-2.946	0.750
-2.816	0.769
POLYLINE BLUE
-3.175	1.091
-3.092	1.090
-3.140	1.092
-3.033	1.081
POLYLINE BLUE
-2.828	1.602
-2.767	1.414
POLYLINE YELLOW
-7.022	-0.652
-6.962	-0.717
-6.993	-0.678
-6.936	-0.772
POLYLINE YELLOW
-6.822	-0.229
-6.717	-0.335
-6.754	-0.291
-6.703	-0.353
POLYLINE YELLOW
-6.558	-0.023
-6.491	-0.077
-6.449	-0.148
-6.412	-0.223
POLYLINE YELLOW
-6.214	0.192
-6.184	0.146
-6.173	0.101
-6.163	0.049
POLYLINE YELLOW
-5.922	0.353
-5.880	0.303
-5.853	0.242
-5.838	0.179
-5.835	0.166
-5.836	0.139
-5.836	0.128
POLYLINE YELLOW
-5.399	0.342
-5.352	0.264
-5.358	0.265
-5.375	0.178
POLYLINE YELLOW
-4.884	0.208
-4.891	0.126
-4.918	0.079
-4.957	0.010
POLYLINE YELLOW
-4.450	-0.178
-4.606	-0.246
-4.367	-0.138
-4.621	-0.280
-4.649	-0.296
-4.681	-0.305
-4.711	-0.317
POLYLINE YELLOW
-4.200	-0.584
-4.332	-0.566
-4.247	-0.573
-4.455	-0.588
POLYLINE YELLOW
-4.345	-1.093
-4.388	-1.079
-4.411	-1.075
-4.447	-1.050
-4.461	-1.041
-4.472	-1.029
-4.484	-1.019
POLYLINE YELLOW
-4.642	-1.359
-4.689	-1.310
-4.721	-1.282
-4.756	-1.223
-4.766	-1.205
-4.771	-1.184
-4.779	-1.165
POLYLINE YELLOW
-5.048	-1.499
-5.082	-1.311
POLYLINE YELLOW
-5.444	-1.491
-5.453	-1.419
-5.442	-1.386
-5.422	-1.317
POLYLINE YELLOW
-6.005	-1.442
-5.932	-1.251
POLYLINE YELLOW
-6.385	-1.377
-6.324	-1.258
POLYLINE YELLOW
-6.722	-1.320
-6.673	-1.276
-6.655	-1.249
-6.631	-1.193
POLYLINE YELLOW
-7.079	-1.109
-6.990	-1.144
-7.035	-1.131
-6.942	-1.148
POLYLINE BLUE
-7.033	2.944
-6.986	2.905
-6.978	2.893
-6.996	2.832
-7.006	2.797
-7.019	2.763
-7.029	2.728
-7.030	2.725
-7.030	2.721
-7.029	2.717
-7.027	2.682
-6.971	2.685
-6.948	2.690
-6.932	2.694
-6.916	2.700
-6.901	2.705
POLYLINE BLUE
-6.946	2.560
-6.982	2.525
-6.964	2.541
-6.999	2.513
POLYLINE YELLOW
-7.055	-1.201
-7.093	-1.047
-7.080	-1.131
-7.049	-0.853
-7.045	-0.818
-7.036	-0.782
-7.029	-0.747
-6.984	-0.533
-6.994	-0.573
-6.859	-0.320
-6.847	-0.299
-6.832	-0.280
-6.816	-0.263
-6.728	-0.175
-6.669	-0.148
-6.565	-0.071
-6.223	0.183
-6.363	0.118
-5.875	0.348
-5.830	0.369
-5.782	0.382
-5.733	0.390
-5.536	0.424
-5.453	0.412
-5.253	0.382
-5.225	0.378
-5.198	0.371
-5.171	0.361
-4.981	0.289
-4.872	0.229
-4.687	0.120
-4.671	0.110
-4.656	0.098
-4.643	0.083
-4.581	0.012
-4.528	-0.067
-4.462	-0.135
-4.427	-0.172
-4.376	-0.191
-4.340	-0.227
-4.305	-0.263
-4.276	-0.306
-4.250	-0.350
-4.229	-0.384
-4.169	-0.486
-4.155	-0.550
-4.151	-0.566
-4.149	-0.583
-4.149	-0.599
-4.148	-0.648
-4.146	-0.697
-4.151	-0.745
-4.164	-0.881
-4.242	-1.002
-4.322	-1.107
-4.342	-1.132
-4.362	-1.157
-4.388	-1.175
-4.515	-1.268
-4.646	-1.355
-4.779	-1.440
-4.804	-1.457
-4.894	-1.505
-4.939	-1.509
-5.344	-1.545
-5.701	-1.490
-6.126	-1.437
-6.257	-1.421
-6.383	-1.378
-6.513	-1.358
-6.584	-1.346
-6.759	-1.356
-6.825	-1.353
-6.879	-1.349
-7.004	-1.347
-7.061	-1.299
-7.171	-1.205
-7.153	-1.236
-7.184	-1.172
POLYLINE GREEN
-7.937	-0.093
-7.833	-0.179
-7.901	-0.141
-7.719	-0.172
POLYLINE GREEN
-8.220	-0.437
-8.039	-0.486
-8.148	-0.464
-7.889	-0.482
POLYLINE GREEN
-8.296	-0.944
-8.140	-0.910
-8.235	-0.935
-8.017	-0.852
POLYLINE GREEN
-8.554	-1.503
-8.364	-1.522
-8.365	-1.511
-8.233	-1.380
POLYLINE GREEN
-8.527	-1.917
-8.347	-1.843
-8.319	-1.790
-8.210	-1.636
POLYLINE GREEN
-8.147	-2.740
-7.981	-2.699
-7.915	-2.634
-7.794	-2.522
POLYLINE GREEN
-7.734	-3.012
-7.533	-2.837
-7.635	-2.937
-7.437	-2.707
POLYLINE GREEN
-6.944	-3.095
-6.839	-2.774
POLYLINE GREEN
-6.081	-2.793
-6.098	-2.677
-6.078	-2.735
-6.150	-2.624
POLYLINE GREEN
-5.405	-2.442
-5.512	-2.243
-5.452	-2.333
-5.582	-2.169
POLYLINE GREEN
-4.830	-2.105
-4.952	-2.038
-5.059	-2.021
-5.194	-2.010
POLYLINE GREEN
-4.513	-1.673
-4.790	-1.739
-4.677	-1.701
-4.857	-1.770
POLYLINE GREEN
-4.392	-1.317
-4.679	-1.445
POLYLINE BLUE
-6.895	-1.481
-6.712	-1.304
-6.770	-1.348
-6.431	-1.148
-6.394	-1.126
-6.352	-1.113
-6.311	-1.100
-6.097	-1.032
-5.904	-1.104
-5.696	-1.173
-5.652	-1.188
-5.610	-1.209
-5.572	-1.235
-5.383	-1.362
-5.303	-1.431
-5.155	-1.580
-5.084	-1.652
-5.022	-1.733
-4.945	-1.799
-4.800	-1.926
-4.649	-2.048
-4.491	-2.158
-4.344	-2.260
-4.074	-2.393
-3.897	-2.457
-3.151	-2.726
-3.411	-2.532
-3.163	-2.727
POLYLINE BLUE
-3.197	-2.664
-3.134	-2.701
-3.074	-2.741
-3.008	-2.774
-2.876	-2.839
-2.736	-2.886
-2.606	-2.956
-2.476	-3.026
-2.238	-3.187
-2.111	-3.303
-2.084	-3.327
-2.062	-3.357
-2.040	-3.387
-2.001	-3.440
-1.957	-3.510
-1.977	-3.579
-1.982	-3.594
-1.992	-3.610
-2.004	-3.619
-2.047	-3.652
-2.093	-3.661
-2.148	-3.663
-2.252	-3.665
-2.381	-3.660
-2.482	-3.626
-2.896	-3.488
-3.304	-3.329
-3.718	-3.190
-3.834	-3.152
-3.956	-3.134
-4.071	-3.095
-4.253	-3.033
-4.424	-2.942
-4.608	-2.886
-4.807	-2.824
-5.017	-2.802
-5.216	-2.741
-5.496	-2.654
-5.654	-2.513
-5.919	-2.382
-5.971	-2.356
-6.028	-2.338
-6.085	-2.328
-6.328	-2.286
-6.572	-2.241
-6.819	-2.227
-7.105	-2.212
-7.392	-2.238
-7.679	-2.239
-7.720	-2.239
-7.783	-2.225
-7.805	-2.185
-7.854	-2.097
-7.751	-1.965
-7.711	-1.909
-7.639	-1.807
-7.512	-1.714
-7.422	-1.647
-7.387	-1.622
-7.349	-1.602
-7.310	-1.585
-7.130	-1.507
-6.947	-1.437
-6.766	-1.363
POLYLINE BLUE
-5.572	-1.255
-5.634	-1.336
-5.597	-1.291
-5.690	-1.387
POLYLINE BLUE
-5.044	-1.739
-5.272	-1.774
POLYLINE BLUE
-3.565	-2.532
-3.735	-2.657
POLYLINE BLUE
-3.022	-2.823
-3.124	-2.842
-3.065	-2.828
-3.198	-2.874
POLYLINE BLUE
-3.944	-3.092
-3.856	-2.936
POLYLINE BLUE
-3.409	-3.265
-3.385	-3.134
POLYLINE BLUE
-2.765	-3.494
-2.716	-3.413
-2.742	-3.462
-2.694	-3.341
POLYLINE BLUE
-4.965	-2.730
-4.826	-2.665
-4.887	-2.700
-4.780	-2.627
POLYLINE BLUE
-5.782	-2.351
-5.714	-2.332
POLYLINE BLUE
-6.527	-2.215
-6.357	-2.149
-6.423	-2.186
-6.322	-2.121
POLYLINE BLUE
-7.237	-2.180
-7.180	-2.055
-7.213	-2.122
-7.137	-1.982
POLYLINE BLUE
-7.549	-1.686
-7.466	-1.745
-7.452	-1.760
-7.399	-1.825
POLYLINE BLUE
-7.314	-1.517
-7.211	-1.640
-7.250	-1.576
-7.191	-1.705
POLYLINE BLUE
-7.005	-1.397
-6.950	-1.554
-6.965	-1.492
-6.946	-1.578
POLYLINE BLUE
-6.326	-1.848
-6.341	-1.825
-6.387	-1.758
-6.398	-1.734
-6.414	-1.695
-6.425	-1.654
-6.438	-1.614
-6.441	-1.606
-6.445	-1.589
-6.440	-1.580
-6.438	-1.577
-6.435	-1.576
-6.432	-1.574
-6.414	-1.565
-6.422	-1.567
-6.399	-1.564
POLYLINE BLUE
0.000	-0.000
0.000	-0.000
POLYLINE BLUE
-6.252	-1.559
-6.272	-1.612
POLYLINE BLUE
-6.002	-1.608
-6.014	-1.684
-6.006	-1.651
-6.023	-1.706
POLYLINE BLUE
-5.464	-1.647
-5.526	-1.697
-5.501	-1.674
-5.541	-1.714
POLYLINE BLUE
-5.004	-1.700
-5.122	-1.831
POLYLINE BLUE
-4.583	-1.767
-4.628	-1.835
-4.607	-1.808
-4.641	-1.849
POLYLINE BLUE
-4.230	-1.777
-4.277	-1.864
-4.248	-1.831
-4.308	-1.881
POLYLINE BLUE
-3.801	-1.837
-3.908	-1.918
-3.869	-1.881
-3.925	-1.937
POLYLINE BLUE
-3.324	-1.901
-3.395	-1.960
-3.382	-1.956
-3.453	-1.981
POLYLINE BLUE
-2.949	-2.012
-2.994	-2.025
-2.968	-2.018
-3.028	-2.029
POLYLINE BLUE
-2.741	-2.086
-2.841	-2.125
-2.792	-2.110
-2.887	-2.134
POLYLINE BLUE
-5.168	-2.246
-5.100	-2.147
POLYLINE BLUE
-5.340	-2.216
-5.281	-2.082
POLYLINE BLUE
-5.634	-2.181
-5.564	-2.071
POLYLINE BLUE
-5.973	-2.164
-5.918	-2.124
-5.948	-2.149
-5.886	-2.085
POLYLINE BLUE
-6.197	-2.057
-6.114	-2.017
POLYLINE BLUE
-6.323	-1.931
-6.242	-1.900
POLYLINE BLUE
-6.445	-1.575
-6.321	-1.524
-6.371	-1.574
-6.194	-1.561
-6.022	-1.547
-5.853	-1.512
-5.682	-1.498
-5.596	-1.492
-5.429	-1.519
-5.345	-1.532
-5.319	-1.536
-5.293	-1.543
-5.267	-1.546
-4.023	-1.694
-5.216	-1.521
-3.933	-1.766
-3.361	-1.875
-3.983	-1.682
-3.157	-1.941
-3.141	-1.946
-2.824	-2.041
-2.721	-2.115
-2.687	-2.139
-2.664	-2.180
-2.626	-2.196
-2.602	-2.206
-2.657	-2.155
-2.673	-2.135
POLYLINE GREEN
-7.409	0.212
-7.463	0.182
-7.517	0.151
-7.571	0.120
-7.605	0.105
-7.642	0.095
-7.673	0.073
-7.748	0.023
-7.817	-0.034
-7.885	-0.093
-8.023	-0.213
-8.164	-0.681
-8.182	-0.737
-8.268	-1.005
-8.357	-1.274
-8.412	-1.551
-8.445	-1.716
-8.473	-2.150
-8.402	-2.362
-8.368	-2.461
-8.225	-2.654
-8.198	-2.685
-8.120	-2.776
-8.028	-2.856
-7.939	-2.937
-7.913	-2.960
-7.886	-2.982
-7.855	-2.997
-7.624	-3.104
-7.419	-3.146
-7.156	-3.167
-6.959	-3.182
-6.603	-3.207
-6.393	-3.090
-6.113	-2.935
-5.846	-2.756
-5.562	-2.608
-5.436	-2.542
-5.297	-2.500
-5.163	-2.450
-4.954	-2.373
-4.973	-2.411
-4.798	-2.301
-4.689	-2.232
-4.547	-2.065
-4.507	-1.945
-4.274	-1.254
-4.295	-1.389
-4.265	-0.984
POLYLINE BLUE
-4.472	-2.168
-4.629	-2.282
-4.561	-2.247
-4.665	-2.293
POLYLINE BLUE
-4.911	-2.260
-4.860	-2.213
-4.884	-2.238
-4.840	-2.185
POLYLINE BLUE
-4.612	-2.357
-4.544	-2.308
-4.572	-2.332
-4.524	-2.286
POLYLINE BLUE
-4.417	-2.407
-4.388	-2.383
-4.402	-2.397
-4.373	-2.366
POLYLINE BLUE
-4.208	-2.491
-4.159	-2.446
-4.176	-2.467
-4.151	-2.433
POLYLINE BLUE
-3.954	-2.591
-3.953	-2.575
-3.952	-2.559
-3.951	-2.544
-3.951	-2.539
-3.950	-2.534
-3.952	-2.531
-3.954	-2.526
-3.959	-2.525
-3.963	-2.522
POLYLINE BLUE
-2.719	-2.070
-1.934	-2.604
-2.098	-2.396
-1.705	-2.856
-1.539	-3.050
-1.373	-3.243
-1.212	-3.440
-1.196	-3.461
-1.183	-3.486
-1.173	-3.511
-1.146	-3.578
-1.125	-3.647
-1.101	-3.716
-1.087	-3.808
-1.094	-3.906
-1.060	-3.993
-0.940	-4.301
-0.774	-4.589
-0.644	-4.892
-0.621	-4.944
-0.614	-5.002
-0.602	-5.058
-0.562	-5.252
-0.601	-5.135
-0.573	-5.215
POLYLINE BLUE
-6.122	-2.126
-5.324	-2.323
-6.199	-2.133
-5.042	-2.257
-4.919	-2.270
-4.798	-2.297
-4.681	-2.334
-4.535	-2.380
-4.395	-2.444
-4.254	-2.503
-4.143	-2.551
-4.079	-2.607
-3.966	-2.622
-3.744	-2.653
-3.664	-2.621
-3.400	-2.574
-3.115	-2.523
-3.159	-2.534
-2.989	-2.476
POLYLINE BLUE
-3.022	-2.458
-3.003	-2.459
-2.983	-2.459
-2.964	-2.462
-2.898	-2.471
-2.836	-2.516
-2.794	-2.567
-2.781	-2.582
-2.764	-2.613
-2.760	-2.633
-2.744	-2.727
-2.741	-2.824
-2.718	-2.917
-2.603	-3.384
-2.519	-3.792
-2.312	-4.207
-2.254	-4.324
-2.207	-4.364
-2.120	-4.453
-2.087	-4.486
-2.053	-4.517
-2.022	-4.551
-1.816	-4.779
-1.902	-4.735
-1.621	-4.925
-1.566	-4.962
-1.486	-4.981
-1.435	-5.031
-1.425	-5.040
-1.417	-5.051
-1.409	-5.062
-1.362	-5.118
-1.314	-5.173
-1.269	-5.231
-1.261	-5.241
-1.255	-5.254
-1.251	-5.267
-1.225	-5.345
-1.200	-5.425
-1.179	-5.505
-1.178	-5.507
-1.184	-5.508
-1.187	-5.507
-1.194	-5.503
-1.199	-5.497
-1.204	-5.492
-1.215	-5.482
-1.225	-5.471
-1.235	-5.461
POLYLINE BLUE
-3.679	-1.290
-3.645	-1.286
-3.618	-1.287
-3.587	-1.301
-3.535	-1.325
-3.482	-1.348
-3.431	-1.373
-3.427	-1.376
-3.425	-1.384
-3.425	-1.388
-3.426	-1.410
-3.452	-1.436
-3.463	-1.447
-3.497	-1.484
-3.553	-1.511
-3.603	-1.512
-3.625	-1.512
-3.647	-1.512
-3.669	-1.512
POLYLINE GREEN
-6.388	-1.812
-6.372	-1.839
-6.354	-1.866
-6.338	-1.894
-6.299	-1.964
-6.280	-2.032
-6.203	-2.068
-6.164	-2.086
-6.124	-2.101
-6.084	-2.117
-6.074	-2.121
-6.063	-2.124
-6.054	-2.130
-6.037	-2.139
-6.022	-2.150
-6.006	-2.160
POLYLINE BLUE
-1.201	-5.475
-1.001	-5.727
-1.018	-5.723
-0.687	-5.999
-0.640	-6.038
-0.584	-6.062
-0.531	-6.091
-0.478	-6.120
-0.430	-6.129
-0.388	-6.169
-0.333	-6.221
-0.349	-6.224
-0.290	-6.285
-0.274	-6.302
-0.256	-6.317
-0.238	-6.330
-0.181	-6.371
-0.097	-6.390
-0.041	-6.419
0.063	-6.474
0.166	-6.570
0.290	-6.585
0.312	-6.588
0.338	-6.586
0.359	-6.580
0.562	-6.515
0.765	-6.454
0.966	-6.382
1.074	-6.343
1.344	-6.110
1.352	-6.105
1.715	-5.864
1.671	-5.922
1.991	-5.759
2.004	-5.753
2.015	-5.742
2.026	-5.733
2.031	-5.729
2.036	-5.724
2.041	-5.722
2.052	-5.717
2.064	-5.715
2.075	-5.712
POLYLINE BLUE
-0.613	-5.123
-0.602	-5.164
-0.593	-5.206
-0.580	-5.247
-0.577	-5.259
-0.571	-5.271
-0.563	-5.282
-0.510	-5.362
-0.456	-5.442
-0.398	-5.520
-0.365	-5.564
-0.322	-5.602
-0.290	-5.647
0.080	-6.174
-0.575	-5.363
0.107	-6.156
0.120	-6.171
0.129	-6.189
0.142	-6.204
0.159	-6.225
0.183	-6.245
0.210	-6.252
0.293	-6.272
0.452	-6.215
0.489	-6.203
0.645	-6.153
0.799	-6.097
0.951	-6.034
1.016	-6.008
1.120	-5.916
1.175	-5.885
1.214	-5.863
1.256	-5.850
1.297	-5.834
1.303	-5.832
1.310	-5.830
1.316	-5.831
1.345	-5.835
1.372	-5.844
1.400	-5.850
POLYLINE BLUE
-5.657	-1.896
-5.073	-1.595
-5.423	-1.753
-4.296	-1.453
-4.244	-1.440
-4.189	-1.437
-4.137	-1.426
-3.969	-1.391
-4.144	-1.398
-3.879	-1.376
-3.631	-1.372
-3.750	-1.380
-3.521	-1.355
POLYLINE BLUE
-5.199	-1.550
-5.235	-1.580
-5.268	-1.613
-5.306	-1.640
-5.338	-1.664
-5.375	-1.681
-5.409	-1.703
-5.423	-1.711
-5.435	-1.721
-5.448	-1.729
-5.482	-1.749
-5.516	-1.768
-5.550	-1.786
-5.555	-1.788
-5.560	-1.790
-5.565	-1.791
-5.639	-1.806
-5.746	-1.785
-5.802	-1.782
-5.809	-1.781
-5.817	-1.782
-5.821	-1.788
-5.821	-1.789
-5.821	-1.790
-5.821	-1.791
-5.822	-1.795
-5.822	-1.800
-5.822	-1.805
POLYLINE BLUE
-5.480	-2.218
-5.484	-2.215
-5.487	-2.212
-5.490	-2.209
-5.492	-2.206
-5.493	-2.204
-5.495	-2.202
-5.512	-2.176
-5.585	-2.044
-5.643	-1.990
-5.653	-1.981
-5.676	-1.967
-5.684	-1.963
-5.696	-1.957
-5.708	-1.951
-5.721	-1.948
-5.902	-1.904
-5.852	-1.882
-5.913	-1.909
POLYLINE BLUE
-5.928	-1.796
-5.928	-1.792
-5.928	-1.787
-5.928	-1.782
-5.927	-1.779
-5.927	-1.770
-5.923	-1.768
-5.918	-1.765
-5.912	-1.772
-5.912	-1.777
-5.912	-1.778
-5.912	-1.779
-5.913	-1.780
-5.915	-1.788
-5.918	-1.797
-5.920	-1.805
-5.921	-1.812
-5.919	-1.822
-5.912	-1.825
-5.909	-1.826
-5.903	-1.827
-5.901	-1.828
POLYLINE BLUE
-5.882	-1.851
-5.889	-1.863

ELEVATION
STATIONS
0.000	0.000	0
-3.051	0.897	1
-3.278	4.799	2
-4.201	4.943	3
-4.244	7.314	4
-7.078	11.158	5
-8.410	13.484	6
-6.250	29.859	7
-6.326	33.375	8
-2.686	36.548	9
-2.375	36.407	10
-1.462	36.175	11
0.270	37.564	12
2.015	38.386	13
3.690	37.570	14
SHOTS
0.000	0.000	-3.051	0.897
-3.051	0.897	-1.900	-0.915
-3.051	0.897	0.301	-1.558
-3.051	0.897	-0.902	0.082
-3.051	0.897	0.383	-0.663
-3.051	0.897	-2.669	0.851
-3.051	0.897	-1.235	0.971
-3.051	0.897	-0.537	0.962
-3.051	0.897	-0.822	0.980
-3.051	0.897	-3.278	4.799
-3.278	4.799	-3.406	4.501
-3.278	4.799	-3.706	3.923
-3.278	4.799	-3.424	3.999
-3.278	4.799	-2.994	3.962
-3.278	4.799	-2.470	-0.818
-3.278	4.799	-4.201	4.943
-4.201	4.943	-3.907	5.000
-4.201	4.943	-3.421	4.929
-4.201	4.943	-3.470	4.997
-4.201	4.943	-3.850	4.969
-4.201	4.943	-4.244	7.314
-4.244	7.314	-5.007	5.748
-4.244	7.314	-7.118	7.135
-4.244	7.314	-7.210	7.089
-4.244	7.314	-6.185	7.191
-4.244	7.314	-4.102	7.253
-4.244	7.314	-2.758	7.395
-4.244	7.314	-3.829	5.642
-4.244	7.314	-4.281	5.747
-4.244	7.314	-6.027	7.412
-4.244	7.314	-5.586	7.201
-4.244	7.314	-7.078	11.158
-7.078	11.158	-6.735	11.155
-7.078	11.158	-5.602	11.053
-7.078	11.158	-4.305	11.044
-7.078	11.158	-3.193	11.140
-7.078	11.158	-3.139	11.315
-7.078	11.158	-4.636	11.323
-7.078	11.158	-5.315	11.133
-7.078	11.158	-5.638	11.019
-7.078	11.158	-5.590	5.809
-7.078	11.158	-9.660	28.795
-7.078	11.158	-6.115	30.234
-7.078	11.158	-8.410	13.484
-8.410	13.484	-7.826	13.564
-8.410	13.484	-5.847	13.780
-8.410	13.484	-4.568	13.768
-8.410	13.484	-4.117	13.813
-8.410	13.484	-4.911	13.662
-8.410	13.484	-4.644	13.506
-8.410	13.484	-6.621	13.475
-8.410	13.484	-6.250	29.859
-6.250	29.859	-8.569	30.197
-6.250	29.859	-8.586	30.202
-6.250	29.859	-7.836	30.184
-6.250	29.859	-6.865	29.940
-6.250	29.859	-6.161	29.841
-6.250	29.859	-5.497	29.971
-6.250	29.859	-4.168	29.869
-6.250	29.859	-1.998	30.084
-6.250	29.859	-7.348	11.610
-6.250	29.859	-6.326	33.375
-6.326	33.375	-6.058	33.328
-6.326	33.375	-6.426	33.164
-6.326	33.375	-2.686	36.548
-2.686	36.548	-5.569	34.436
-2.686	36.548	-5.533	34.221
-2.686	36.548	-4.109	35.333
-2.686	36.548	-3.602	35.603
-2.686	36.548	-4.678	34.420
-2.686	36.548	-4.567	34.224
-2.686	36.548	-2.375	36.407
-2.375	36.407	-1.121	38.732
-2.375	36.407	-2.401	30.954
-2.375	36.407	-1.950	36.423
-2.375	36.407	-2.409	37.751
-2.375	36.407	-1.144	38.686
-2.375	36.407	-1.462	36.175
-1.462	36.175	-0.614	39.017
-1.462	36.175	-1.430	32.161
-1.462	36.175	-1.674	36.211
-1.462	36.175	-0.189	37.771
-1.462	36.175	0.270	37.564
0.270	37.564	-1.104	33.278
0.270	37.564	0.221	38.884
0.270	37.564	0.151	37.533
0.270	37.564	0.269	38.129
0.270	37.564	0.271	38.693
0.270	37.564	0.272	38.693
0.270	37.564	0.279	38.693
0.270	37.564	2.015	38.386
2.015	38.386	3.693	37.566
2.015	38.386	3.684	37.571
2.015	38.386	3.690	37.570

