TRIP
DATE 2026-08-21
DECLINATION 0.0
DATA
0		90.67	-18.91	2.488	>
0		180.57	-9.33	0.837	>
0		358.10	7.14	0.399	>
0		352.66	-83.81	0.509	>
0		271.85	25.10	3.141	>
0		272.00	25.25	3.140	>
0		271.93	25.33	3.139	>
0	1	271.93	25.23	3.140	>
1		86.95	-87.64	1.034	>
1		4.90	1.18	1.503	>
1		162.91	-0.48	1.023	>
1		120.30	-21.19	2.098	>
1		77.46	-18.68	1.738	>
1		125.30	52.42	0.949	>
1		18.63	-21.36	2.508	>
1		36.38	-9.74	1.326	>
1		61.97	34.21	3.165	>
1		61.70	34.19	3.169	>
1		61.73	34.28	3.161	>
1	2	61.80	34.23	3.165	>
2		269.95	34.99	3.648	>
2		270.37	0.32	1.314	>
2		222.60	-4.83	1.053	>
2		332.47	-17.57	1.432	>
2		260.05	61.91	1.887	>
2		253.23	-77.31	0.407	>
2		269.29	44.87	2.722	>
2		269.62	44.99	2.720	>
2		269.63	45.13	2.720	>
2		53.06	-12.38	3.153	>
2		53.09	-12.39	3.182	>
2		53.11	-12.35	3.178	>
2	3	269.51	45.00	2.721	>
2	2.1	53.09	-12.37	3.171	>
2.1		291.84	1.49	1.510	>
2.1		29.11	-81.01	0.936	>
2.1		294.52	38.19	0.556	>
2.1		287.17	1.29	1.543	>
2.1		0.93	19.67	1.742	>
2.1		0.86	19.73	1.742	>
2.1		0.81	19.69	1.742	>
2.1	2.2	0.87	19.69	1.742	>
2.2		266.36	-11.08	0.394	>
2.2		275.58	-22.34	1.577	>
2.2		96.87	22.64	0.757	>
2.2		154.90	49.09	0.526	>
2.2		247.02	-67.80	0.906	>
2.2		109.54	28.56	2.954	>
2.2		109.67	28.84	2.952	>
2.2		110.01	28.78	2.952	>
2.2	2.3	109.74	28.73	2.953	>
2.3		137.07	-80.27	0.648	>
2.3		31.78	38.18	1.832	>
2.3		84.06	-5.57	1.674	>
2.3		72.17	-43.11	2.793	>
2.3		274.99	-17.69	0.981	>
2.3		48.89	-37.76	3.220	>
2.3		49.01	-35.54	3.191	>
2.3		324.36	-14.73	1.233	>
2.3		31.64	24.83	2.937	>
2.3		31.65	25.17	2.938	>
2.3		31.68	25.08	2.939	>
2.3	2.4	31.66	25.03	2.938	>
2.4		165.60	-9.79	1.266	>
2.4		150.64	57.26	0.593	>
2.4		303.42	-75.57	0.702	>
2.4		280.38	-88.91	1.083	>
2.4		285.61	-19.32	3.359	>
2.4		275.50	-20.56	1.826	>
2.4		97.40	28.11	7.903	>
2.4		97.56	28.05	7.923	>
2.4		97.53	28.14	7.928	>
2.4	2.5	97.50	28.10	7.918	>
2.5		312.59	-10.23	2.892	>
2.5		323.06	-44.22	1.103	>
2.5		309.56	41.95	1.118	>
2.5		245.46	-7.10	1.041	>
2.5		359.75	9.88	0.813	>
2.5		341.34	22.99	2.022	>
2.5		0.09	15.94	5.149	>
2.5		359.42	16.74	5.142	>
2.5		359.51	16.62	5.146	>
2.5	2.6	359.67	16.43	5.146	>
2.6		148.65	0.36	2.862	>
2.6		298.91	9.40	2.607	>
2.6		317.35	-82.88	0.952	>
2.6		190.02	0.73	3.622	>
2.6		72.28	-11.44	0.609	>
2.6		71.98	-11.43	0.592	>
2.6		72.06	-11.41	0.592	>
2.6		78.33	12.64	2.360	>
2.6		77.92	12.44	2.374	>
2.6		78.19	12.53	2.361	>
2.6		271.64	21.68	4.175	>
2.6		271.87	21.65	4.200	>
2.6		271.77	21.71	4.127	>
2.6		271.68	21.66	4.198	>
2.6		271.66	21.69	4.177	>
2.6		271.70	21.49	4.199	>
2.6	2.7	78.15	12.54	2.365	>
2.7		152.13	14.12	1.279	>
2.7		10.24	76.05	0.244	>
2.7		356.94	-4.35	0.823	>
2.7		61.35	-1.82	3.257	>
2.7		61.66	-1.86	3.266	>
2.7		61.65	-1.60	3.253	>
2.7	2.8	61.55	-1.76	3.259	>
2.8		300.05	-15.17	2.029	>
2.8		253.48	1.58	1.834	>
2.8		170.46	-24.23	1.604	>
2.8		248.51	-67.31	2.543	>
2.8		221.53	34.60	1.003	>
2.8		64.54	-34.94	2.011	>
2.6	2.6.1	271.68	21.61	4.191	>
2.6.1		128.70	-4.11	2.659	>
2.6.1		177.79	-53.20	0.429	>
2.6.1		113.75	28.66	1.526	>
2.6.1		120.44	12.38	1.698	>
2.6.1		201.37	43.79	6.823	>
2.6.1		201.27	43.74	6.833	>
2.6.1		201.29	43.78	6.829	>
2.6.1	2.6.2	201.31	43.77	6.828	>
2.6.2		136.98	6.69	1.915	>
2.6.2		321.95	-1.22	1.895	>
2.6.2		11.68	-61.95	1.725	>
2.6.2		184.92	56.46	3.682	>
2.6.2		109.71	75.59	0.887	>
2.6.2		216.56	51.20	3.268	>
2.6.2		192.41	39.41	4.372	>
2.6.2		194.32	38.95	4.345	>
2.6.2		240.62	34.51	4.836	>
2.6.2		286.46	2.74	1.494	>
2.6.2		148.79	64.73	0.928	>
2.6.2		188.93	54.45	3.763	>
2.6.2		215.88	40.52	7.911	>
2.6.2		211.04	43.59	11.183	>
2.6.2		211.03	43.55	11.188	>
2.6.2		210.94	43.56	11.182	>
2.6.2	2.6.3	211.00	43.56	11.184	>
2.6.3		308.58	15.23	0.518	>
2.6.3		338.75	55.63	1.582	>
2.6.3		134.45	9.75	3.358	>
2.6.3		128.47	36.00	3.379	>
2.6.3		239.56	75.99	2.649	>
2.6.3		339.02	76.70	1.745	>
2.6.3		48.33	-67.75	1.600	>
2.6.3		200.87	64.30	2.667	>
2.6.3		200.37	64.23	2.635	>
2.6.3		200.31	64.28	2.655	>
2.6.3	2.6.4	200.52	64.27	2.652	>
2.6.4		254.09	17.07	4.992	>
2.6.4		254.11	17.00	4.991	>
2.6.4		254.21	16.94	4.984	>
2.6.4		213.95	28.50	4.130	>
2.6.4		228.39	28.31	5.594	>
2.6.4		224.53	31.81	7.943	>
2.6.4		224.55	31.92	7.967	>
2.6.4		224.59	31.91	7.928	>
2.6.4	2.6.5	254.13	17.00	4.989	>
2.6.5		325.04	-21.28	1.686	>
2.6.5		325.13	-20.74	1.678	>
2.6.5		325.10	-21.29	1.688	>
2.6.5	2.6.6	325.09	-21.10	1.684	>
2.6.6		205.54	-1.88	1.237	>
2.6.6		35.76	3.13	1.008	>
2.6.6		94.95	-1.88	1.891	>
2.6.6		273.78	-73.49	8.457	>
2.6.6		275.01	-73.59	8.470	>
2.6.6		275.99	-73.28	8.448	>
2.6.6	2.6.7	274.93	-73.45	8.458	>
2.6.7		334.75	8.91	3.615	>
2.6.7		291.81	10.44	4.229	>
2.6.7		234.68	11.18	2.963	>
2.6.7		179.41	9.06	4.602	>
2.6.4	2.6.4.1	224.56	31.88	7.946	>
2.6.4.1		100.90	-3.58	2.809	>
2.6.4.1		318.74	9.84	2.591	>
2.6.4.1		350.46	49.35	0.829	>
2.6.4.1		64.80	-61.55	0.763	>
2.6.4.1		13.39	-17.55	2.146	>
2.6.4.1		291.02	64.45	2.270	>
2.6.4.1		290.84	64.51	2.320	>
2.6.4.1		290.31	64.08	2.301	>
2.6.4.1		287.98	64.86	2.353	>
2.6.4.1		289.24	64.88	2.349	>
2.6.4.1		288.43	64.84	2.350	>
2.6.4.1	2.6.4.2	288.55	64.86	2.351	>
2.6.4.2		174.01	7.63	1.928	>
2.6.4.2		103.73	-1.85	1.522	>
2.6.4.2		88.30	-84.54	3.103	>
2.6.4.2		5.61	-1.98	2.640	>
2.6.4.2		5.65	-2.08	2.645	>
2.6.4.2		5.75	-1.83	2.644	>
2.6.4.2		336.37	13.57	3.641	>
2.6.4.2		290.65	12.97	4.404	>
2.6.4.2		240.26	10.59	2.812	>
2.6.4.2		186.70	12.05	3.487	>
2.6.4.2		179.82	11.58	4.695	>
2.6.4.2		292.55	71.43	16.611	>
2.6.4.2		293.20	71.44	16.568	>
2.6.4.2		275.59	72.03	10.585	>
2.6.4.2		290.69	71.08	17.079	>
2.6.4.2		215.18	-85.45	1.892	>
2.6.4.2		217.93	43.21	3.846	>
2.6.4.2		217.76	43.23	3.835	>
2.6.4.2		217.92	43.24	3.826	>
2.6.4.2	2.6.4.3	5.67	-1.96	2.643	>
2.6.4.3		337.17	-0.53	3.418	>
2.6.4.3		288.07	0.09	4.068	>
2.6.4.3		259.31	9.79	4.561	>
2.6.4.3		185.37	8.54	4.627	>
2.6.4.2	2.6.4.2.1	217.87	43.23	3.836	>
2.6.4.2.1		247.65	8.52	1.583	>
2.6.4.2.1		334.55	9.53	0.241	>
2.6.4.2.1		337.05	8.70	5.439	>
2.6.4.2.1		28.70	-53.81	4.550	>
2.6.4.2.1		193.40	36.81	2.421	>
2.6.4.2.1		193.23	37.11	2.421	>
2.6.4.2.1		193.29	37.16	2.420	>
2.6.4.2.1	2.6.4.2.2	193.31	37.03	2.421	>
2.6.4.2.2		193.88	37.57	2.445	>
2.6.4.2.2		193.84	37.46	2.453	>
2.6.4.2.2		193.69	37.45	2.433	>
2.6.4.2.2	2.6.4.2.3	193.80	37.49	2.444	>
2.6.4.2.3		79.12	7.36	1.108	>
2.6.4.2.3		84.46	-84.38	1.611	>
2.6.4.2.3		78.38	-85.63	1.627	>
2.6.4.2.3		134.47	43.06	1.272	>
2.6.4.2.3		166.64	64.61	0.944	>
2.6.4.2.3		178.15	45.91	2.598	>
2.6.4.2.3		178.20	45.80	2.600	>
2.6.4.2.3		178.33	45.84	2.599	>
2.6.4.2.3	2.6.4.2.4	178.23	45.85	2.599	>
2.6.4.2.4		23.10	-87.16	1.465	>
2.6.4.2.4		318.44	-3.52	0.997	>
2.6.4.2.4		4.53	-18.66	1.763	>
2.6.4.2.4		33.65	-23.24	1.606	>
2.6.4.2.4		238.05	-5.23	0.851	>
2.6.4.2.4		201.79	-11.68	0.645	>
2.6.4.2.4		210.40	-2.01	1.167	>
2.6.4.2.4		210.73	-2.24	1.161	>
2.6.4.2.4		210.63	-1.98	1.162	>
2.6.4.2.4	2.6.4.2.5	210.59	-2.08	1.163	>
2.6.4.2.5		65.86	-3.40	0.558	>
2.6.4.2.5		159.01	2.35	3.431	>
2.6.4.2.5		177.53	1.06	2.260	>
2.6.4.2.5		115.48	-73.60	1.202	>
2.6.4.2.5		135.33	74.11	2.249	>
2.6.4.2.5		186.03	83.24	8.027	>
2.6.4.2.5		157.90	3.38	3.400	>
2.6.4.2.5		176.03	2.17	2.375	>
2.6.4.2.5		42.81	79.58	7.025	>
2.6.4.2.5		42.81	79.55	6.864	>
2.6.4.2.5		43.08	79.71	7.032	>
2.6.4.2.5		45.96	79.65	6.898	>
2.6.4.2.5		45.68	79.59	6.920	>
2.6.4.2.5		45.98	79.63	6.907	>
2.6.4.2.5	2.6.4.2.6	45.87	79.62	6.908	>
2.6.4.2.6		237.89	-0.26	3.775	>
2.6.4.2.6		253.47	55.18	2.239	>
2.6.4.2.6		284.77	24.34	3.499	>
2.6.4.2.6		277.89	58.58	3.699	>
2.6.4.2.6		262.21	1.18	3.429	>
2.6.4.2.6		263.35	12.32	2.995	>
2.6.4.2.6		263.60	12.45	2.990	>
2.6.4.2.6		263.38	12.30	2.973	>
2.6.4.2.6	2.6.4.2.7	263.44	12.36	2.986	>
2.6.4.2.7		30.12	41.92	6.289	>
2.6.4.2.7		29.93	41.93	6.288	>
2.6.4.2.7		30.10	41.85	6.258	>
2.6.4.2.7	2.6.4.2.8	30.05	41.90	6.278	>

PLAN
STATIONS
0.000	0.000	0
-2.839	0.095	1
-0.533	1.332	2
-2.457	1.316	3
1.944	3.193	2.1
1.969	4.832	2.2
4.406	3.958	2.3
5.803	6.224	2.4
12.728	5.312	2.5
12.700	10.248	2.6
14.959	10.722	2.7
17.823	12.274	2.8
8.805	10.362	2.6.1
7.013	5.768	2.6.2
2.839	-1.178	2.6.3
2.435	-2.257	2.6.4
-2.154	-3.561	2.6.5
-3.053	-2.273	2.6.6
-5.453	-2.066	2.6.7
-2.299	-7.065	2.6.4.1
-3.246	-6.747	2.6.4.2
-2.985	-4.119	2.6.4.3
-4.961	-8.953	2.6.4.2.1
-5.406	-10.834	2.6.4.2.2
-5.869	-12.717	2.6.4.2.3
-5.813	-14.526	2.6.4.2.4
-6.404	-15.527	2.6.4.2.5
-5.511	-14.661	2.6.4.2.6
-8.409	-14.994	2.6.4.2.7
-6.069	-10.949	2.6.4.2.8
SHOTS
0.000	0.000	2.354	-0.028
0.000	0.000	-0.008	-0.826
0.000	0.000	-0.013	0.396
0.000	0.000	-0.007	0.054
0.000	0.000	-2.839	0.095
-2.839	0.095	-2.796	0.098
-2.839	0.095	-2.711	1.593
-2.839	0.095	-2.538	-0.882
-2.839	0.095	-1.150	-0.891
-2.839	0.095	-1.232	0.453
-2.839	0.095	-2.367	-0.239
-2.839	0.095	-2.093	2.309
-2.839	0.095	-2.064	1.148
-2.839	0.095	-0.533	1.332
-0.533	1.332	-3.521	1.329
-0.533	1.332	-1.847	1.341
-0.533	1.332	-1.243	0.560
-0.533	1.332	-1.164	2.543
-0.533	1.332	-1.408	1.179
-0.533	1.332	-0.618	1.306
-0.533	1.332	-2.457	1.316
-0.533	1.332	1.944	3.193
1.944	3.193	0.543	3.754
1.944	3.193	2.015	3.320
1.944	3.193	1.546	3.374
1.944	3.193	0.470	3.648
1.944	3.193	1.969	4.832
1.969	4.832	1.583	4.808
1.969	4.832	0.517	4.974
1.969	4.832	2.662	4.749
1.969	4.832	2.115	4.520
1.969	4.832	1.654	4.699
1.969	4.832	4.406	3.958
4.406	3.958	4.480	3.878
4.406	3.958	5.164	5.182
4.406	3.958	6.063	4.130
4.406	3.958	6.347	4.582
4.406	3.958	3.475	4.039
4.406	3.958	6.324	5.632
4.406	3.958	6.366	5.661
4.406	3.958	3.711	4.927
4.406	3.958	5.803	6.224
5.803	6.224	6.113	5.016
5.803	6.224	5.960	5.944
5.803	6.224	5.657	6.320
5.803	6.224	5.783	6.228
5.803	6.224	2.750	7.077
5.803	6.224	4.101	6.388
5.803	6.224	12.728	5.312
12.728	5.312	10.633	7.238
12.728	5.312	12.253	5.944
12.728	5.312	12.087	5.842
12.728	5.312	11.788	4.883
12.728	5.312	12.724	6.113
12.728	5.312	12.132	7.076
12.728	5.312	12.700	10.248
12.700	10.248	14.189	7.804
12.700	10.248	10.448	11.491
12.700	10.248	12.620	10.335
12.700	10.248	12.070	6.681
12.700	10.248	13.268	10.430
12.700	10.248	13.252	10.427
12.700	10.248	13.252	10.427
12.700	10.248	8.822	10.359
12.700	10.248	8.798	10.375
12.700	10.248	8.867	10.366
12.700	10.248	14.959	10.722
14.959	10.722	15.539	9.626
14.959	10.722	14.970	10.780
14.959	10.722	14.915	11.542
14.959	10.722	17.823	12.274
17.823	12.274	16.128	13.254
17.823	12.274	16.065	11.752
17.823	12.274	18.066	10.831
17.823	12.274	16.910	11.914
17.823	12.274	17.276	11.656
17.823	12.274	19.311	12.982
12.700	10.248	8.805	10.362
8.805	10.362	10.875	8.704
8.805	10.362	8.815	10.105
8.805	10.362	10.030	9.823
8.805	10.362	10.235	9.522
8.805	10.362	7.013	5.768
7.013	5.768	8.311	4.378
7.013	5.768	5.845	7.260
7.013	5.768	7.177	6.563
7.013	5.768	6.839	3.742
7.013	5.768	7.221	5.694
7.013	5.768	5.793	4.124
7.013	5.768	6.287	2.470
7.013	5.768	6.177	2.494
7.013	5.768	3.540	3.813
7.013	5.768	5.582	6.191
7.013	5.768	7.218	5.430
7.013	5.768	6.673	3.607
7.013	5.768	3.488	0.896
7.013	5.768	2.839	-1.178
2.839	-1.178	2.448	-0.866
2.839	-1.178	2.515	-0.346
2.839	-1.178	5.201	-3.496
2.839	-1.178	4.979	-2.879
2.839	-1.178	2.286	-1.503
2.839	-1.178	2.695	-0.803
2.839	-1.178	3.291	-0.775
2.839	-1.178	2.435	-2.257
2.435	-2.257	0.408	-5.268
2.435	-2.257	-1.248	-5.527
2.435	-2.257	-2.154	-3.561
-2.154	-3.561	-3.053	-2.273
-3.053	-2.273	-3.586	-3.388
-3.053	-2.273	-2.465	-1.456
-3.053	-2.273	-1.170	-2.436
-3.053	-2.273	-5.453	-2.066
-5.453	-2.066	-6.977	1.164
-5.453	-2.066	-9.315	-0.521
-5.453	-2.066	-7.825	-3.746
-5.453	-2.066	-5.407	-6.610
2.435	-2.257	-2.299	-7.065
-2.299	-7.065	0.454	-7.595
-2.299	-7.065	-3.982	-5.146
-2.299	-7.065	-2.388	-6.532
-2.299	-7.065	-1.970	-6.910
-2.299	-7.065	-1.825	-5.074
-2.299	-7.065	-3.213	-6.713
-2.299	-7.065	-3.232	-6.710
-2.299	-7.065	-3.242	-6.716
-2.299	-7.065	-3.246	-6.747
-3.246	-6.747	-3.046	-8.648
-3.246	-6.747	-1.768	-7.108
-3.246	-6.747	-2.951	-6.738
-3.246	-6.747	-4.664	-3.505
-3.246	-6.747	-7.262	-5.234
-3.246	-6.747	-5.646	-8.118
-3.246	-6.747	-3.644	-10.134
-3.246	-6.747	-3.232	-11.346
-3.246	-6.747	-8.132	-4.718
-3.246	-6.747	-8.092	-4.670
-3.246	-6.747	-6.496	-6.429
-3.246	-6.747	-8.426	-4.790
-3.246	-6.747	-3.332	-6.870
-3.246	-6.747	-2.985	-4.119
-2.985	-4.119	-4.311	-0.968
-2.985	-4.119	-6.852	-2.857
-2.985	-4.119	-7.401	-4.952
-2.985	-4.119	-3.413	-8.674
-3.246	-6.747	-4.961	-8.953
-4.961	-8.953	-6.409	-9.549
-4.961	-8.953	-5.064	-8.739
-4.961	-8.953	-7.058	-4.002
-4.961	-8.953	-3.671	-6.596
-4.961	-8.953	-5.406	-10.834
-5.406	-10.834	-5.869	-12.717
-5.869	-12.717	-4.790	-12.509
-5.869	-12.717	-5.712	-12.701
-5.869	-12.717	-5.747	-12.692
-5.869	-12.717	-5.206	-13.368
-5.869	-12.717	-5.775	-13.111
-5.869	-12.717	-5.813	-14.526
-5.813	-14.526	-5.784	-14.459
-5.813	-14.526	-6.473	-13.782
-5.813	-14.526	-5.681	-12.861
-5.813	-14.526	-4.995	-13.298
-5.813	-14.526	-6.532	-14.975
-5.813	-14.526	-6.047	-15.113
-5.813	-14.526	-6.404	-15.527
-6.404	-15.527	-5.896	-15.299
-6.404	-15.527	-5.176	-18.728
-6.404	-15.527	-6.307	-17.784
-6.404	-15.527	-6.098	-15.673
-6.404	-15.527	-5.972	-15.965
-6.404	-15.527	-6.504	-16.467
-6.404	-15.527	-5.127	-18.672
-6.404	-15.527	-6.240	-17.895
-6.404	-15.527	-5.541	-14.595
-6.404	-15.527	-5.559	-14.614
-6.404	-15.527	-5.546	-14.609
-6.404	-15.527	-5.511	-14.661
-5.511	-14.661	-8.709	-16.667
-5.511	-14.661	-6.737	-15.024
-5.511	-14.661	-8.594	-13.848
-5.511	-14.661	-7.421	-14.396
-5.511	-14.661	-8.908	-15.125
-5.511	-14.661	-8.409	-14.994
-8.409	-14.994	-6.069	-10.949
POLYLINE BLACK
0.061	-0.972
0.565	-0.986
-0.024	-0.969
1.028	-0.997
1.307	-1.004
1.302	-1.022
1.590	-0.953
1.725	-0.921
1.916	-0.833
2.075	-0.830
2.168	-0.828
2.260	-0.831
2.352	-0.840
2.446	-0.848
2.537	-0.870
2.631	-0.882
2.710	-0.892
2.681	-0.884
2.661	-0.877
POLYLINE BLACK
-0.129	0.335
0.662	0.333
-0.173	0.321
1.226	0.455
1.507	0.482
1.788	0.495
2.069	0.511
2.090	0.512
2.143	0.504
2.165	0.494
2.246	0.456
2.279	0.438
2.340	0.385
2.355	0.372
2.369	0.356
2.383	0.342
POLYLINE BLACK
3.805	-0.037
3.773	-0.052
3.743	-0.071
3.709	-0.080
3.603	-0.110
3.509	-0.118
3.401	-0.116
3.353	-0.114
3.305	-0.108
3.256	-0.105
POLYLINE BLACK
3.575	0.112
3.411	0.048
3.421	0.062
3.269	-0.037
3.251	-0.049
3.235	-0.063
3.221	-0.078
3.199	-0.100
3.163	-0.135
3.164	-0.171
3.165	-0.217
3.202	-0.259
3.232	-0.288
3.287	-0.344
3.371	-0.378
3.437	-0.409
3.480	-0.430
3.524	-0.446
3.568	-0.464
POLYLINE BLACK
2.417	-0.342
2.329	-0.357
2.240	-0.370
2.152	-0.387
2.133	-0.390
2.101	-0.398
2.081	-0.411
2.069	-0.419
2.058	-0.431
2.050	-0.443
2.023	-0.483
2.016	-0.524
2.061	-0.554
2.101	-0.580
2.131	-0.586
2.177	-0.583
2.260	-0.576
2.343	-0.566
2.425	-0.563
2.504	-0.560
2.552	-0.604
2.621	-0.549
2.700	-0.485
2.646	-0.389
2.575	-0.344
2.539	-0.322
2.501	-0.308
2.460	-0.300
2.417	-0.292
2.375	-0.286
2.332	-0.284
2.257	-0.280
2.175	-0.306
2.105	-0.322
POLYLINE BLACK
1.422	-0.342
1.242	-0.472
1.423	-0.347
1.147	-0.505
1.124	-0.519
1.077	-0.555
1.075	-0.588
1.073	-0.631
1.131	-0.671
1.163	-0.686
1.236	-0.721
1.345	-0.717
1.421	-0.696
1.453	-0.687
1.499	-0.674
1.524	-0.646
1.554	-0.611
1.549	-0.555
1.547	-0.514
1.547	-0.489
1.542	-0.462
1.532	-0.439
1.516	-0.402
1.486	-0.381
1.455	-0.355
POLYLINE BLACK
1.902	0.288
1.829	0.239
1.824	0.227
1.747	0.201
1.669	0.174
1.589	0.152
1.511	0.125
1.439	0.102
1.442	0.007
1.510	-0.020
1.547	-0.035
1.586	-0.046
1.622	-0.063
1.670	-0.085
1.715	-0.112
1.762	-0.135
1.779	-0.143
1.801	-0.135
1.814	-0.123
1.819	-0.119
1.825	-0.114
1.828	-0.108
1.860	-0.058
1.892	-0.009
1.920	0.043
1.947	0.095
1.960	0.152
1.968	0.209
1.975	0.259
1.969	0.310
1.924	0.338
1.913	0.345
1.899	0.351
1.886	0.353
1.806	0.367
1.651	0.291
1.604	0.274
POLYLINE BLACK
0.758	-0.112
0.683	-0.234
0.606	-0.356
0.533	-0.480
0.505	-0.526
0.488	-0.632
0.547	-0.663
0.597	-0.690
0.664	-0.665
0.709	-0.641
0.769	-0.609
0.841	-0.546
0.865	-0.480
0.904	-0.372
0.890	-0.246
0.880	-0.132
POLYLINE BLACK
2.525	-1.520
2.609	-1.640
2.701	-1.755
2.775	-1.881
2.866	-2.034
2.907	-2.194
2.967	-2.359
2.995	-2.434
3.025	-2.508
3.053	-2.583
POLYLINE BLACK
2.221	-1.974
2.239	-1.961
2.258	-1.949
2.275	-1.935
2.342	-1.879
2.392	-1.705
2.409	-1.653
2.427	-1.601
2.438	-1.547
2.454	-1.495
2.455	-1.492
2.457	-1.489
2.459	-1.486
2.472	-1.467
2.498	-1.460
2.521	-1.462
2.575	-1.466
2.626	-1.483
2.671	-1.513
2.824	-1.615
2.976	-1.721
3.128	-1.825
POLYLINE BLACK
2.356	-2.786
2.428	-2.740
2.463	-2.723
2.545	-2.715
2.557	-2.714
2.587	-2.715
2.575	-2.735
2.574	-2.739
2.572	-2.742
2.569	-2.744
2.520	-2.781
2.474	-2.821
2.422	-2.851
2.301	-2.918
2.173	-2.973
2.049	-3.036
2.012	-3.054
1.984	-3.120
2.009	-3.158
2.023	-3.180
2.051	-3.194
2.074	-3.202
2.166	-3.235
2.244	-3.237
2.348	-3.238
2.461	-3.238
2.574	-3.230
2.688	-3.226
POLYLINE BLACK
3.209	-2.989
3.016	-3.018
2.990	-3.360
2.791	-3.390
2.791	-3.390
2.792	-3.389
2.792	-3.389
2.929	-3.270
3.063	-3.148
3.203	-3.032
3.252	-2.990
3.318	-2.971
3.378	-2.952
3.399	-2.945
3.425	-2.939
3.445	-2.952
3.484	-2.975
3.491	-3.067
3.482	-3.104
3.454	-3.222
3.423	-3.340
3.389	-3.457
3.383	-3.478
3.372	-3.498
3.365	-3.518
3.361	-3.532
3.354	-3.573
3.359	-3.586
3.369	-3.617
3.385	-3.644
3.399	-3.673
POLYLINE BLACK
2.986	-3.314
3.192	-3.294
3.111	-3.294
3.434	-3.342
3.468	-3.347
3.501	-3.360
3.534	-3.368
POLYLINE BLACK
3.954	-3.091
3.934	-3.135
3.910	-3.176
3.908	-3.226
3.902	-3.384
3.902	-3.542
3.900	-3.700
3.900	-3.705
3.902	-3.710
3.904	-3.715
3.914	-3.750
3.956	-3.715
3.973	-3.709
3.979	-3.706
3.986	-3.704
3.993	-3.703
4.021	-3.698
4.042	-3.708
4.069	-3.713
4.107	-3.718
4.146	-3.709
4.180	-3.694
4.213	-3.680
4.244	-3.661
4.269	-3.636
4.354	-3.552
4.458	-3.311
4.467	-3.289
4.476	-3.265
4.459	-3.238
4.455	-3.213
POLYLINE BLACK
4.909	-3.324
4.898	-3.474
4.887	-3.623
4.875	-3.772
4.877	-3.774
4.877	-3.777
4.879	-3.777
4.885	-3.779
4.896	-3.767
4.897	-3.765
4.992	-3.642
5.170	-3.363
5.334	-3.214
5.356	-3.195
5.404	-3.166
5.437	-3.173
5.460	-3.178
5.478	-3.200
5.488	-3.219
5.510	-3.259
5.532	-3.322
5.526	-3.367
5.501	-3.553
5.464	-3.737
5.441	-3.923
5.436	-3.967
5.440	-4.012
5.442	-4.057
5.442	-4.070
5.442	-4.083
5.447	-4.095
5.463	-4.135
5.485	-4.173
5.505	-4.211
POLYLINE BLACK
5.044	-3.561
5.104	-3.562
5.138	-3.557
5.190	-3.572
5.221	-3.580
5.248	-3.600
5.274	-3.616
POLYLINE BLACK
6.087	-3.257
6.049	-3.314
6.016	-3.351
5.997	-3.416
5.954	-3.563
5.914	-3.711
5.877	-3.859
5.873	-3.875
5.873	-3.892
5.873	-3.908
5.869	-3.995
5.999	-3.941
6.033	-3.970
6.055	-3.988
6.037	-4.027
6.039	-4.056
POLYLINE BLACK
6.656	-3.304
6.527	-3.488
6.486	-3.716
6.446	-3.934
POLYLINE BLACK
7.197	-3.412
7.171	-3.427
7.143	-3.440
7.118	-3.457
7.033	-3.513
6.911	-3.702
6.893	-3.726
6.879	-3.746
6.868	-3.768
6.858	-3.791
6.840	-3.832
6.827	-3.876
6.844	-3.920
6.890	-4.038
7.014	-4.100
7.109	-4.168
7.115	-4.172
7.119	-4.178
7.123	-4.183
7.148	-4.213
7.136	-4.250
7.111	-4.276
7.092	-4.297
7.073	-4.318
7.050	-4.335
6.977	-4.389
6.901	-4.440
6.825	-4.490
6.801	-4.505
6.775	-4.517
6.749	-4.529
6.725	-4.540
6.741	-4.517
6.745	-4.512
6.781	-4.475
6.816	-4.438
6.852	-4.401
POLYLINE BLACK
7.664	-3.629
7.648	-3.667
7.625	-3.703
7.615	-3.743
7.588	-3.856
7.574	-3.972
7.556	-4.087
7.555	-4.093
7.557	-4.105
7.560	-4.112
7.579	-4.159
7.650	-4.152
7.685	-4.132
7.752	-4.093
7.819	-4.053
7.882	-4.007
7.949	-3.958
8.012	-3.902
8.074	-3.846
8.100	-3.823
8.121	-3.796
8.145	-3.771
POLYLINE BLACK
7.813	-4.164
7.833	-4.268
7.815	-4.216
7.874	-4.320
POLYLINE BLACK
8.132	-4.374
8.142	-4.388
8.154	-4.424
8.177	-4.434
8.196	-4.442
8.217	-4.432
8.233	-4.422
8.292	-4.383
8.298	-4.302
8.302	-4.239
8.304	-4.206
8.305	-4.147
8.272	-4.123
8.244	-4.103
8.202	-4.106
8.171	-4.111
8.144	-4.115
8.118	-4.126
8.098	-4.144
8.035	-4.200
7.972	-4.256
7.908	-4.313
POLYLINE BLACK
2.688	-4.103
2.719	-4.140
2.759	-4.181
2.766	-4.233
2.773	-4.292
2.769	-4.353
2.781	-4.412
2.784	-4.427
2.800	-4.436
2.810	-4.448
POLYLINE BLACK
3.710	-4.333
3.707	-4.384
3.704	-4.435
3.700	-4.486
3.701	-4.502
3.699	-4.518
3.703	-4.532
3.714	-4.571
3.731	-4.607
3.744	-4.645
POLYLINE BLACK
4.130	-4.475
4.209	-4.680
4.176	-4.576
4.232	-4.787
POLYLINE BLACK
4.130	-4.374
4.308	-4.373
4.324	-4.364
4.516	-4.407
4.554	-4.415
4.624	-4.443
4.664	-4.469
4.712	-4.501
4.749	-4.552
4.724	-4.610
4.702	-4.662
4.658	-4.713
4.621	-4.748
4.514	-4.842
4.407	-4.936
4.299	-5.031
4.297	-5.029
4.293	-5.029
4.294	-5.027
4.295	-5.019
4.300	-5.012
4.304	-5.005
4.311	-4.991
4.319	-4.977
4.326	-4.963
POLYLINE BLACK
4.970	-4.475
5.078	-4.552
5.186	-4.627
5.293	-4.705
5.304	-4.713
5.331	-4.734
5.341	-4.752
5.363	-4.790
5.343	-4.844
5.326	-4.879
5.316	-4.899
5.292	-4.936
5.273	-4.949
5.193	-5.007
5.109	-5.060
5.027	-5.116
5.025	-5.118
5.024	-5.120
5.023	-5.122
5.018	-5.136
5.046	-5.143
5.053	-5.144
5.144	-5.155
5.187	-5.163
5.276	-5.145
5.337	-5.132
5.397	-5.114
5.457	-5.098
POLYLINE BLACK
5.985	-4.584
5.897	-5.139
POLYLINE BLACK
6.473	-4.943
6.436	-4.990
6.401	-5.025
6.381	-5.083
6.354	-5.160
6.332	-5.239
6.309	-5.317
6.304	-5.335
6.302	-5.353
6.308	-5.371
6.328	-5.428
6.411	-5.464
6.453	-5.486
6.524	-5.522
6.625	-5.541
6.704	-5.532
6.730	-5.529
6.758	-5.527
6.782	-5.517
6.824	-5.499
6.860	-5.472
6.899	-5.450
POLYLINE BLACK
6.405	-5.105
6.547	-5.092
POLYLINE BLACK
6.656	-4.895
6.784	-4.841
POLYLINE BLACK
0.165	-0.961
0.129	-0.944
0.095	-0.922
0.057	-0.909
-0.138	-0.846
-0.405	-0.826
-0.590	-0.815
-0.595	-0.815
-0.764	-0.814
-0.816	-0.837
-1.124	-0.977
-1.427	-1.127
-1.736	-1.264
-1.790	-1.288
-1.864	-1.301
-1.926	-1.302
-2.032	-1.304
-2.147	-1.240
-2.233	-1.197
-2.285	-1.171
-2.334	-1.137
-2.386	-1.111
-2.408	-1.100
-2.431	-1.095
-2.454	-1.088
-2.479	-1.078
-2.487	-1.065
-2.515	-1.044
POLYLINE BLACK
-3.123	0.435
-3.121	0.166
-3.119	-0.103
-3.118	-0.373
-3.111	-0.405
-3.107	-0.439
-3.097	-0.471
-3.083	-0.515
-3.066	-0.558
-3.045	-0.600
-3.028	-0.635
-2.974	-0.723
-2.937	-0.751
-2.841	-0.822
-2.740	-0.885
-2.641	-0.950
-2.601	-0.977
-2.555	-0.912
-2.537	-0.893
POLYLINE BLACK
-3.055	0.548
-3.012	0.649
-2.955	0.745
-2.924	0.851
-2.861	1.062
-2.836	1.284
-2.772	1.495
-2.699	1.735
-2.571	1.904
-2.412	2.096
-2.369	2.147
-2.287	2.233
-2.215	2.273
-2.143	2.315
-2.034	2.317
-1.959	2.327
POLYLINE BLACK
-0.068	0.285
-0.189	0.321
-0.252	0.350
-0.376	0.350
-0.444	0.350
-0.511	0.343
-0.578	0.335
-0.680	0.322
-0.781	0.296
-0.885	0.289
-0.975	0.283
-1.066	0.292
-1.156	0.297
-1.196	0.300
-1.267	0.324
-1.282	0.367
-1.292	0.394
-1.281	0.424
-1.270	0.449
-1.260	0.469
-1.243	0.495
-1.226	0.509
-1.079	0.632
-0.740	0.791
-0.674	0.831
-0.578	0.891
-0.488	0.960
-0.397	1.028
-0.386	1.036
-0.377	1.047
-0.368	1.057
-0.346	1.086
-0.320	1.136
-0.313	1.168
-0.267	1.410
-0.270	1.422
-0.263	1.599
POLYLINE BLACK
-2.763	1.261
-2.761	1.220
-2.766	1.174
-2.743	1.136
-2.713	1.087
-2.644	1.050
-2.586	1.049
-2.474	1.048
-2.387	1.052
-2.281	1.088
-2.136	1.136
-1.990	1.181
-1.851	1.244
-1.743	1.293
-1.448	1.428
-1.348	1.578
-1.329	1.607
-1.312	1.637
-1.298	1.669
-1.216	1.855
-1.143	2.044
-1.062	2.231
-1.048	2.264
-0.976	2.359
-0.994	2.421
-1.004	2.458
-1.037	2.487
-1.070	2.505
-1.295	2.631
-1.485	2.452
-1.684	2.349
-1.714	2.334
-1.706	2.341
-1.734	2.365
POLYLINE BLACK
-2.095	1.929
-1.920	1.842
-2.017	1.882
-1.802	1.817
POLYLINE BLACK
-1.997	-0.270
-2.033	-0.258
-2.069	-0.240
-2.108	-0.247
-2.129	-0.251
-2.146	-0.259
-2.165	-0.270
-2.224	-0.308
-2.237	-0.362
-2.203	-0.424
-2.164	-0.495
-2.089	-0.527
-2.030	-0.578
-2.027	-0.581
-1.935	-0.710
-1.874	-0.701
-1.825	-0.694
-1.778	-0.649
-1.758	-0.605
-1.747	-0.581
-1.738	-0.556
-1.731	-0.531
-1.719	-0.488
-1.701	-0.413
-1.732	-0.371
-1.758	-0.336
-1.809	-0.328
-1.847	-0.315
POLYLINE GREEN
-2.198	1.757
-2.114	1.506
-2.189	1.696
-2.056	1.446
-2.050	1.435
-2.047	1.423
-2.044	1.411
-2.035	1.371
-2.031	1.330
-2.021	1.289
-2.017	1.274
-2.010	1.259
-2.003	1.245
-1.954	1.154
-1.876	1.107
-1.795	1.046
POLYLINE GREEN
-2.299	1.763
-2.352	1.726
-2.491	1.644
-2.549	1.573
-2.575	1.542
-2.599	1.508
-2.620	1.472
-2.737	1.275
-2.856	1.079
-2.964	0.877
-2.983	0.842
-2.992	0.802
-3.000	0.763
-3.024	0.655
-3.043	0.547
-3.060	0.438
-3.063	0.414
-3.061	0.389
-3.059	0.365
-3.056	0.327
-3.049	0.289
-3.046	0.251
-3.045	0.241
-3.047	0.230
-3.049	0.220
-3.049	0.215
-3.055	0.201
-3.052	0.205
-3.047	0.212
-3.045	0.221
-3.042	0.228
POLYLINE GREEN
-1.965	0.972
-2.001	0.955
-2.040	0.945
-2.074	0.923
-2.140	0.880
-2.202	0.830
-2.262	0.778
-2.341	0.710
-2.440	0.553
-2.480	0.484
-2.528	0.403
-2.563	0.315
-2.609	0.233
-2.687	0.092
-2.705	0.110
-2.832	-0.035
-2.846	-0.052
-2.857	-0.071
-2.868	-0.090
-2.912	-0.171
-2.949	-0.256
-2.996	-0.336
-3.030	-0.393
-3.073	-0.445
-3.111	-0.499
POLYLINE GREEN
-2.989	0.780
-2.994	0.742
-2.993	0.714
-3.009	0.680
-3.046	0.599
-3.095	0.524
-3.125	0.441
-3.239	0.116
-3.296	-0.066
-3.286	-0.395
-3.283	-0.508
-3.256	-0.618
-3.245	-0.730
-3.243	-0.744
-3.246	-0.759
-3.247	-0.774
-3.251	-0.806
-3.256	-0.839
-3.260	-0.871
POLYLINE GREEN
-2.878	-0.255
-2.876	-0.584
-2.858	-0.496
-2.931	-0.820
-2.936	-0.845
-2.949	-0.867
-2.956	-0.891
-2.967	-0.929
-2.957	-0.954
-2.947	-0.993
POLYLINE GREEN
-3.387	-1.349
-3.363	-1.339
-3.339	-1.327
-3.314	-1.320
-3.227	-1.295
-3.108	-1.313
-3.033	-1.316
-2.999	-1.318
-2.970	-1.326
-2.952	-1.356
-2.944	-1.370
-2.938	-1.385
-2.939	-1.400
-2.940	-1.416
-2.946	-1.428
-2.955	-1.441
-2.983	-1.485
-3.017	-1.527
-3.041	-1.574
-3.053	-1.596
-3.093	-1.742
-3.143	-1.787
-3.218	-1.854
-3.438	-1.917
-3.445	-1.920
-3.448	-1.921
-3.451	-1.924
-3.454	-1.926
-3.484	-1.954
-3.464	-2.009
-3.458	-2.039
-3.453	-2.066
-3.444	-2.062
-3.456	-2.065
POLYLINE GREEN
-3.409	-2.384
-3.460	-2.375
-3.484	-2.366
-3.530	-2.370
-3.549	-2.371
-3.569	-2.376
-3.585	-2.388
-3.622	-2.417
-3.644	-2.479
-3.605	-2.517
-3.560	-2.558
-3.466	-2.542
-3.414	-2.532
-3.384	-2.526
-3.352	-2.514
-3.340	-2.483
-3.329	-2.456
-3.333	-2.424
-3.338	-2.396
-3.346	-2.353
-3.370	-2.311
-3.409	-2.291
-3.428	-2.281
-3.451	-2.277
-3.471	-2.283
-3.510	-2.294
-3.542	-2.346
-3.563	-2.368
POLYLINE GREEN
-2.659	0.743
-2.706	0.681
-2.699	0.687
-2.794	0.607
-2.889	0.526
-2.823	0.592
-2.865	0.562
-2.870	0.559
-2.874	0.555
-2.878	0.551
-2.883	0.526
-2.903	0.537
-2.905	0.523
-2.907	0.516
-2.894	0.509
-2.890	0.506
-2.871	0.498
-2.853	0.489
-2.834	0.482
-2.813	0.475
-2.791	0.468
-2.770	0.462
-2.760	0.459
-2.751	0.462
-2.744	0.470
-2.737	0.480
-2.730	0.492
-2.729	0.505
-2.725	0.546
-2.724	0.586
-2.720	0.627
-2.719	0.634
-2.718	0.641
-2.715	0.648
-2.711	0.658
-2.707	0.667
-2.702	0.676
-2.661	0.742
-2.683	0.737
-2.649	0.741
POLYLINE GREEN
-3.044	-0.106
-3.053	-0.124
-3.060	-0.144
-3.072	-0.161
-3.090	-0.188
-3.114	-0.211
-3.134	-0.237
-3.144	-0.250
-3.149	-0.280
-3.151	-0.291
-3.153	-0.299
-3.153	-0.311
-3.151	-0.320
-3.150	-0.326
-3.147	-0.334
-3.142	-0.338
-3.107	-0.366
-3.072	-0.394
-3.036	-0.422
-3.034	-0.424
-3.030	-0.424
-3.029	-0.421
-3.028	-0.420
-3.028	-0.419
-3.028	-0.418
-3.028	-0.397
-3.028	-0.376
-3.030	-0.355
-3.043	-0.239
-3.046	-0.314
-3.043	-0.204
-3.043	-0.193
-3.041	-0.181
-3.034	-0.171
-3.028	-0.163
-3.020	-0.158
-3.013	-0.152
POLYLINE BLACK
-0.270	1.171
-0.267	1.182
-0.265	1.194
-0.261	1.205
-0.245	1.251
-0.166	1.325
-0.157	1.333
-0.102	1.383
-0.044	1.428
0.016	1.470
0.050	1.493
0.088	1.510
0.126	1.527
0.239	1.579
0.357	1.620
0.468	1.677
0.636	1.761
0.796	1.899
0.933	2.019
1.088	2.155
1.033	2.140
1.177	2.236
1.613	2.525
0.706	1.836
1.730	2.629
1.749	2.644
1.766	2.661
1.781	2.680
1.871	2.793
1.918	2.933
1.973	3.065
1.979	3.078
1.981	3.093
1.983	3.107
1.986	3.140
1.993	3.205
1.985	3.246
1.984	3.253
1.979	3.258
1.977	3.265
POLYLINE BLACK
-1.157	2.559
-1.139	2.558
-1.121	2.556
-1.103	2.557
-1.093	2.557
-1.084	2.558
-1.075	2.561
-0.449	2.812
-0.948	2.601
-0.469	2.862
-0.422	2.888
-0.370	2.905
-0.321	2.926
-0.160	3.029
-0.000	3.134
0.163	3.234
0.196	3.254
0.234	3.265
0.267	3.286
0.387	3.361
0.440	3.436
0.538	3.552
0.548	3.565
0.558	3.579
0.564	3.594
0.572	3.615
0.574	3.637
0.578	3.659
POLYLINE BLACK
1.101	2.420
1.083	2.453
1.068	2.487
1.049	2.518
0.999	2.598
0.846	2.709
0.811	2.736
0.758	2.776
0.701	2.811
0.644	2.844
0.600	2.870
0.544	2.895
0.492	2.896
0.450	2.896
0.408	2.876
0.374	2.853
0.322	2.819
0.267	2.775
0.239	2.717
0.202	2.644
0.194	2.523
0.186	2.462
0.184	2.446
0.184	2.430
0.187	2.414
0.199	2.342
0.219	2.273
0.229	2.201
0.234	2.167
0.232	2.133
0.230	2.099
0.228	2.073
0.224	2.047
0.217	2.022
0.208	1.989
0.194	1.957
0.181	1.925
0.172	1.902
0.166	1.901
0.164	1.883
0.161	1.853
0.201	1.837
0.224	1.833
0.261	1.826
0.298	1.821
0.335	1.819
0.407	1.815
0.505	1.836
0.567	1.853
0.626	1.869
0.687	1.892
0.738	1.927
0.847	2.002
0.956	2.077
1.063	2.154
1.076	2.164
1.088	2.176
1.098	2.189
1.128	2.226
1.152	2.266
1.168	2.310
1.185	2.358
1.199	2.425
1.169	2.472
1.148	2.503
1.094	2.530
1.073	2.544
POLYLINE BLACK
-0.619	2.063
-0.542	2.133
-0.467	2.203
-0.390	2.272
-0.361	2.298
-0.326	2.314
-0.299	2.277
-0.273	2.243
-0.263	2.223
-0.249	2.182
-0.241	2.160
-0.237	2.137
-0.229	2.115
-0.218	2.083
-0.193	2.040
-0.161	2.024
-0.147	2.017
-0.131	2.015
-0.116	2.017
-0.107	2.018
-0.098	2.022
-0.089	2.023
-0.052	2.026
-0.016	2.026
0.021	2.028
POLYLINE BLACK
0.929	3.088
0.957	3.115
0.985	3.153
1.026	3.164
1.091	3.182
1.170	3.134
1.211	3.086
1.223	3.071
1.293	2.954
1.350	2.930
1.397	2.911
1.450	2.944
1.493	2.950
1.541	2.956
1.589	2.954
1.637	2.957
POLYLINE BLACK
-0.708	-0.413
-0.630	-0.340
-0.554	-0.267
-0.475	-0.195
-0.404	-0.131
-0.286	-0.129
-0.216	-0.197
-0.186	-0.226
-0.161	-0.272
-0.147	-0.305
-0.140	-0.322
-0.113	-0.479
-0.048	-0.501
0.037	-0.529
0.166	-0.453
0.227	-0.427
POLYLINE BLACK
-2.132	0.275
-2.077	0.340
-2.025	0.406
-1.968	0.469
-1.959	0.479
-1.924	0.514
-1.900	0.524
-1.840	0.548
-1.747	0.489
-1.722	0.435
-1.719	0.427
-1.716	0.420
-1.715	0.412
-1.704	0.364
-1.697	0.316
-1.686	0.268
-1.685	0.260
-1.679	0.250
-1.673	0.245
-1.645	0.216
-1.591	0.236
-1.561	0.241
POLYLINE BLACK
-1.871	-0.990
-1.779	-0.925
-1.763	-0.905
-1.651	-0.868
-1.576	-0.844
-1.494	-0.842
-1.423	-0.808
-1.299	-0.749
-1.190	-0.664
-1.073	-0.591
POLYLINE BLACK
0.560	3.654
0.618	3.740
0.671	3.830
0.735	3.912
0.816	4.016
0.882	4.070
0.987	4.138
1.011	4.154
1.037	4.167
1.063	4.181
1.140	4.220
1.220	4.252
1.290	4.304
1.315	4.323
1.339	4.345
1.361	4.368
1.398	4.407
1.432	4.449
1.466	4.491
1.471	4.497
1.476	4.504
1.479	4.511
1.483	4.518
1.485	4.526
1.488	4.533
1.506	4.576
1.525	4.618
1.543	4.661
1.543	4.663
1.544	4.666
1.544	4.668
1.545	4.689
1.524	4.709
1.515	4.723
1.501	4.745
1.506	4.747
1.491	4.762
1.480	4.774
1.465	4.781
1.449	4.782
1.444	4.782
1.439	4.783
1.433	4.782
1.418	4.778
1.404	4.773
1.389	4.769
POLYLINE BLACK
1.458	4.733
1.439	4.734
1.421	4.736
1.402	4.737
1.386	4.737
1.370	4.735
1.354	4.737
1.194	4.764
1.090	4.809
0.946	4.801
0.925	4.799
0.886	4.792
0.865	4.781
0.828	4.760
0.753	4.703
0.695	4.685
0.686	4.682
0.677	4.680
0.667	4.679
0.603	4.674
0.539	4.673
0.475	4.666
0.459	4.664
0.444	4.658
0.429	4.653
0.413	4.647
0.399	4.638
0.383	4.632
0.382	4.632
0.360	4.626
0.355	4.628
0.345	4.635
0.337	4.644
0.327	4.652
POLYLINE BLACK
0.568	5.174
0.668	5.156
0.768	5.141
0.867	5.119
1.005	5.089
1.018	5.060
1.132	5.058
1.339	5.054
1.403	5.078
1.574	5.037
1.666	5.015
1.756	4.990
1.846	4.962
1.872	4.953
1.896	4.937
1.921	4.927
1.939	4.920
1.998	4.912
2.007	4.910
POLYLINE BLACK
5.309	5.210
5.295	5.228
5.282	5.247
5.260	5.256
5.219	5.274
5.164	5.252
5.127	5.239
5.074	5.220
5.030	5.179
4.988	5.144
4.964	5.124
4.939	5.096
4.927	5.065
4.916	5.034
4.924	4.997
4.939	4.968
4.946	4.955
4.981	4.886
5.008	4.861
5.042	4.831
5.090	4.807
5.135	4.798
5.198	4.785
5.241	4.825
5.269	4.879
5.276	4.892
5.281	4.905
5.285	4.918
5.291	4.935
5.317	4.991
5.318	5.024
5.320	5.060
5.310	5.080
5.301	5.118
POLYLINE BLACK
6.626	4.507
6.635	4.458
6.653	4.237
6.703	4.134
6.718	4.104
6.758	4.051
6.775	4.027
POLYLINE BLACK
6.518	3.539
6.178	3.704
6.361	3.629
5.728	3.770
5.605	3.797
5.536	3.778
5.418	3.733
5.328	3.699
5.091	3.578
4.961	3.579
4.946	3.579
4.931	3.581
4.916	3.583
4.759	3.603
4.603	3.627
4.446	3.643
4.416	3.646
4.386	3.650
4.358	3.641
4.324	3.631
4.296	3.606
4.266	3.588
POLYLINE BLACK
2.270	3.182
2.311	3.225
2.341	3.246
2.367	3.295
2.403	3.364
2.430	3.438
2.472	3.504
2.548	3.626
2.635	3.741
2.719	3.858
2.727	3.869
2.738	3.878
2.749	3.886
2.798	3.924
2.871	3.951
2.932	3.954
3.078	3.962
3.225	3.964
3.371	3.965
3.402	3.965
3.441	3.957
3.470	3.945
3.522	3.923
3.636	3.834
3.645	3.828
POLYLINE BLACK
3.719	3.804
3.765	3.758
3.809	3.710
3.858	3.667
3.874	3.652
3.892	3.640
3.912	3.631
3.992	3.592
4.066	3.563
4.154	3.551
4.247	3.538
4.342	3.543
4.433	3.522
4.483	3.511
4.526	3.478
4.572	3.456
POLYLINE BLACK
2.179	4.971
2.249	4.961
2.321	4.957
2.391	4.942
2.469	4.924
2.541	4.884
2.620	4.872
2.839	4.841
3.296	4.837
3.515	4.848
3.573	4.851
3.628	4.868
3.685	4.875
3.723	4.879
3.764	4.867
3.801	4.866
3.815	4.865
3.828	4.868
3.841	4.869
POLYLINE BLACK
3.706	4.840
3.777	4.881
3.871	4.916
3.922	4.989
3.963	5.047
3.955	5.055
3.986	5.123
3.998	5.149
3.998	5.140
4.009	5.157
4.017	5.170
4.024	5.182
4.032	5.195
POLYLINE BLACK
3.215	4.400
3.135	4.381
3.055	4.360
2.974	4.345
2.751	4.304
2.852	4.350
2.678	4.281
2.664	4.276
2.639	4.262
2.626	4.250
2.606	4.232
2.594	4.203
2.592	4.176
2.590	4.156
2.595	4.136
2.604	4.118
2.634	4.060
2.714	4.035
2.767	4.019
2.815	4.004
2.864	3.997
2.913	3.990
2.958	3.983
3.016	3.984
3.059	4.005
3.079	4.015
3.099	4.027
3.118	4.039
3.196	4.091
3.274	4.144
3.351	4.197
3.355	4.199
3.359	4.206
3.361	4.210
3.368	4.224
3.366	4.242
3.361	4.257
3.349	4.294
3.330	4.333
3.285	4.332
3.274	4.331
3.264	4.330
3.254	4.328
3.251	4.328
3.248	4.328
3.246	4.326
3.217	4.313
3.189	4.299
3.160	4.285
POLYLINE BLACK
4.222	4.607
4.063	4.562
3.902	4.521
3.744	4.473
3.729	4.468
3.687	4.451
3.673	4.430
3.654	4.402
3.682	4.365
3.706	4.350
3.742	4.329
3.821	4.309
3.841	4.306
3.889	4.296
4.003	4.275
4.072	4.287
4.157	4.302
4.227	4.341
4.306	4.377
4.317	4.382
4.324	4.394
4.326	4.404
4.328	4.415
4.327	4.424
4.324	4.434
4.312	4.489
4.259	4.519
4.217	4.549
4.207	4.556
4.196	4.561
4.185	4.566
4.178	4.569
4.171	4.571
4.164	4.573
4.116	4.585
4.050	4.545
4.015	4.531
POLYLINE BLACK
1.828	4.471
1.865	4.489
1.912	4.531
1.959	4.526
2.000	4.522
2.033	4.492
2.059	4.464
2.087	4.435
2.125	4.367
2.179	4.368
2.215	4.369
2.230	4.396
2.255	4.417
2.262	4.423
2.270	4.428
2.278	4.432
2.314	4.452
2.378	4.464
2.407	4.471
POLYLINE BLACK
1.451	3.913
1.480	3.933
1.510	3.954
1.539	3.974
1.541	3.975
1.544	3.976
1.546	3.976
1.559	3.979
1.576	3.973
1.586	3.964
1.612	3.943
1.629	3.926
1.648	3.898
1.662	3.875
1.670	3.846
1.697	3.834
1.713	3.827
1.735	3.826
1.752	3.827
1.918	3.828
1.885	3.825
1.976	3.837
POLYLINE BLACK
2.272	4.133
2.241	4.142
2.212	4.153
2.181	4.159
2.128	4.170
2.065	4.162
2.016	4.155
1.979	4.150
1.923	4.131
1.897	4.101
1.880	4.081
1.884	4.057
1.896	4.035
1.902	4.023
1.914	4.007
1.925	3.998
1.974	3.960
2.011	3.954
2.080	3.931
2.105	3.923
2.131	3.917
2.156	3.909
2.167	3.905
2.182	3.894
2.197	3.895
2.214	3.898
2.228	3.911
2.238	3.924
2.280	3.980
2.319	4.008
2.273	4.066
2.238	4.109
2.183	4.117
2.131	4.127
2.111	4.131
2.090	4.135
2.069	4.133
2.045	4.131
2.021	4.122
1.997	4.116
POLYLINE BLACK
6.333	3.896
6.449	3.926
6.413	3.923
6.533	3.928
6.570	3.930
6.600	3.908
6.621	3.878
6.647	3.840
6.660	3.794
6.692	3.760
6.734	3.715
6.791	3.692
6.847	3.669
6.877	3.657
6.916	3.655
6.945	3.674
6.975	3.694
6.980	3.720
7.001	3.757
POLYLINE BLACK
6.917	3.917
6.938	3.910
6.956	3.906
6.973	3.893
6.983	3.885
6.990	3.876
6.997	3.865
7.019	3.828
7.039	3.790
7.062	3.753
7.079	3.724
7.113	3.689
7.118	3.651
7.119	3.640
7.119	3.628
7.116	3.617
7.103	3.569
7.072	3.548
7.031	3.514
7.005	3.492
6.971	3.476
6.938	3.466
6.887	3.449
6.827	3.448
6.775	3.460
6.754	3.464
6.734	3.472
6.713	3.476
6.694	3.481
6.651	3.481
6.637	3.482
POLYLINE BLACK
6.303	4.171
6.248	4.158
6.195	4.138
6.138	4.133
6.025	4.123
5.910	4.129
5.796	4.126
5.796	4.126
5.796	4.125
5.797	4.124
5.799	4.123
5.802	4.122
5.804	4.121
5.872	4.101
5.940	4.080
6.010	4.064
6.298	3.997
6.034	4.083
6.257	4.000
6.269	3.996
6.281	4.007
6.287	4.016
6.314	4.064
6.325	4.129
6.319	4.181
6.318	4.187
6.308	4.177
6.303	4.175
POLYLINE BLACK
5.114	4.962
5.202	4.931
5.192	4.927
5.258	4.920
5.261	4.919
5.266	4.918
5.269	4.920
5.289	4.934
5.307	4.951
5.326	4.966
POLYLINE BLACK
5.609	5.250
5.605	5.240
5.531	5.117
5.523	5.060
5.516	5.015
5.514	4.969
5.531	4.925
5.538	4.906
5.547	4.884
5.564	4.871
5.589	4.853
5.629	4.867
5.652	4.874
5.705	4.889
5.735	4.928
5.771	4.968
5.783	4.982
5.805	5.015
5.809	5.034
5.825	5.107
5.837	5.182
5.850	5.256
5.851	5.263
5.849	5.277
5.846	5.284
5.837	5.312
5.806	5.334
5.777	5.331
5.773	5.330
5.768	5.330
5.764	5.328
5.727	5.311
5.689	5.294
5.653	5.274
5.627	5.259
5.568	5.220
5.543	5.189
5.529	5.170
5.517	5.150
5.504	5.131
POLYLINE BLACK
4.941	4.793
4.909	4.782
4.875	4.772
4.852	4.746
4.833	4.724
4.822	4.694
4.813	4.668
4.802	4.638
4.794	4.589
4.801	4.557
4.807	4.533
4.817	4.515
4.831	4.493
4.840	4.479
4.852	4.466
4.865	4.456
4.884	4.442
4.913	4.433
4.933	4.429
4.975	4.421
5.054	4.405
5.108	4.412
5.156	4.418
5.198	4.446
5.240	4.468
5.246	4.471
5.251	4.475
5.256	4.480
5.287	4.507
5.291	4.543
5.280	4.581
5.275	4.600
5.263	4.619
5.248	4.631
5.224	4.649
5.196	4.668
5.168	4.677
5.040	4.720
5.069	4.714
4.992	4.725
POLYLINE BLACK
5.724	4.755
5.695	4.739
5.625	4.709
5.592	4.676
5.571	4.655
5.552	4.628
5.550	4.597
5.549	4.580
5.551	4.566
5.556	4.550
5.569	4.508
5.599	4.489
5.638	4.475
5.652	4.470
5.668	4.467
5.683	4.467
5.722	4.467
5.757	4.498
5.760	4.538
5.762	4.560
5.756	4.583
5.745	4.602
5.728	4.637
5.702	4.644
5.676	4.684
5.665	4.701
5.663	4.723
5.656	4.742
POLYLINE RED
5.212	5.110
5.299	5.128
5.386	5.147
5.473	5.162
5.490	5.165
5.516	5.163
5.533	5.159
5.547	5.156
5.568	5.149
5.576	5.136
5.581	5.127
5.581	5.114
5.577	5.106
5.556	5.059
5.534	5.012
5.511	4.966
5.504	4.953
5.483	4.931
5.473	4.924
5.412	4.884
5.350	4.849
5.289	4.810
5.283	4.806
5.278	4.802
5.273	4.798
5.247	4.772
5.245	4.729
5.257	4.696
5.261	4.683
5.286	4.640
5.288	4.636
POLYLINE RED
5.351	4.442
5.335	4.439
5.319	4.437
5.303	4.432
5.273	4.425
5.247	4.404
5.242	4.372
5.237	4.338
5.241	4.291
5.259	4.260
5.271	4.241
5.290	4.228
5.310	4.218
5.339	4.202
5.371	4.198
5.389	4.230
5.406	4.260
5.392	4.327
5.391	4.348
5.390	4.365
5.394	4.384
5.381	4.398
5.372	4.410
5.347	4.417
5.338	4.401
5.331	4.389
5.331	4.374
5.332	4.361
5.334	4.341
5.337	4.322
5.339	4.302
POLYLINE RED
2.965	0.419
3.030	0.424
3.103	0.440
3.170	0.427
3.209	0.419
3.252	0.401
3.270	0.364
3.280	0.344
3.282	0.320
3.279	0.298
3.273	0.250
3.258	0.211
3.224	0.174
3.116	0.059
3.003	-0.051
2.894	-0.165
2.885	-0.174
2.876	-0.190
2.872	-0.202
2.862	-0.231
2.867	-0.263
2.880	-0.289
2.900	-0.330
2.918	-0.355
2.949	-0.388
2.958	-0.397
2.968	-0.406
2.979	-0.412
3.012	-0.432
3.046	-0.449
3.081	-0.465
3.096	-0.471
3.112	-0.474
3.127	-0.479
3.144	-0.485
3.160	-0.492
3.177	-0.499
POLYLINE RED
3.245	-0.846
3.215	-0.828
3.198	-0.813
3.167	-0.805
3.095	-0.784
2.987	-0.813
2.955	-0.886
2.935	-0.931
2.959	-0.974
2.982	-1.012
2.987	-1.021
2.993	-1.029
3.000	-1.037
3.051	-1.089
3.083	-1.113
3.152	-1.134
3.191	-1.146
3.235	-1.146
3.269	-1.122
3.301	-1.099
3.313	-1.051
3.320	-1.016
3.327	-0.977
3.325	-0.935
3.304	-0.901
3.284	-0.868
3.247	-0.834
3.213	-0.817
3.189	-0.804
3.159	-0.801
3.134	-0.798
3.074	-0.792
3.012	-0.829
2.991	-0.885
2.976	-0.921
2.994	-0.962
2.999	-0.998
POLYLINE RED
4.226	0.305
4.255	0.017
4.279	-0.270
4.313	-0.557
4.317	-0.588
4.331	-0.617
4.341	-0.646
4.342	-0.650
4.344	-0.654
4.346	-0.658
4.351	-0.665
4.358	-0.660
4.360	-0.654
4.364	-0.644
4.368	-0.635
4.371	-0.625
4.384	-0.581
4.393	-0.537
4.409	-0.495
4.423	-0.456
4.444	-0.421
4.460	-0.384
4.483	-0.329
4.499	-0.271
4.528	-0.218
4.604	-0.077
4.691	0.058
4.772	0.197
4.776	0.203
4.780	0.214
4.775	0.221
4.771	0.228
4.761	0.230
4.754	0.230
4.682	0.231
4.609	0.228
4.537	0.233
4.345	0.246
4.487	0.262
4.374	0.245
POLYLINE RED
4.400	-1.032
4.357	-1.025
4.313	-1.017
4.270	-1.031
4.226	-1.045
4.183	-1.094
4.168	-1.137
4.158	-1.168
4.160	-1.214
4.162	-1.240
4.163	-1.256
4.169	-1.331
4.188	-1.358
4.216	-1.399
4.279	-1.414
4.324	-1.396
4.383	-1.372
4.445	-1.351
4.489	-1.301
4.522	-1.264
4.547	-1.195
4.538	-1.145
4.534	-1.119
4.520	-1.096
4.503	-1.076
4.489	-1.059
4.468	-1.046
4.445	-1.048
4.407	-1.050
4.369	-1.083
4.345	-1.108
4.333	-1.122
4.322	-1.137
4.311	-1.151
POLYLINE BLACK
4.400	5.364
4.402	5.351
4.403	5.327
4.411	5.312
4.424	5.288
4.459	5.276
4.483	5.274
4.592	5.267
4.701	5.264
4.810	5.263
4.831	5.263
4.852	5.265
4.872	5.272
4.964	5.303
5.054	5.338
5.144	5.375
5.162	5.382
5.178	5.392
5.193	5.403
5.212	5.417
5.229	5.433
5.246	5.449
5.310	5.515
5.374	5.581
5.437	5.648
5.468	5.681
5.456	5.706
5.424	5.732
5.416	5.738
5.399	5.749
5.389	5.751
5.336	5.762
5.277	5.766
5.223	5.758
5.169	5.751
5.115	5.738
5.062	5.723
4.978	5.701
4.830	5.602
4.791	5.577
4.765	5.561
4.741	5.541
4.716	5.523
4.634	5.478
4.553	5.434
4.471	5.389
POLYLINE BLACK
4.089	5.145
4.096	5.235
4.094	5.420
4.134	5.537
4.139	5.552
4.146	5.568
4.155	5.582
4.193	5.632
4.231	5.682
4.268	5.733
4.289	5.757
4.311	5.781
4.329	5.807
4.371	5.868
4.385	5.933
4.403	6.007
4.409	6.037
4.414	6.088
4.408	6.122
4.402	6.152
4.384	6.224
4.352	6.244
4.319	6.265
4.283	6.282
4.251	6.304
4.230	6.319
4.190	6.364
4.155	6.380
4.146	6.384
4.137	6.387
4.127	6.389
4.069	6.402
4.010	6.409
3.952	6.424
3.859	6.448
3.768	6.481
3.674	6.507
3.549	6.542
3.420	6.561
3.297	6.605
3.200	6.639
3.113	6.697
3.019	6.740
2.988	6.755
2.955	6.763
2.925	6.777
2.870	6.803
2.842	6.847
2.821	6.902
2.811	6.927
2.804	6.955
2.809	6.982
2.815	7.011
2.840	7.050
2.850	7.067
2.862	7.085
2.882	7.113
2.905	7.124
2.932	7.137
2.970	7.130
2.997	7.130
POLYLINE BLACK
5.671	6.423
5.402	6.500
5.808	6.387
5.103	6.519
5.044	6.530
4.984	6.545
4.929	6.570
4.727	6.663
4.537	6.784
4.333	6.873
4.057	6.992
3.609	7.073
3.336	7.116
3.316	7.120
3.183	7.129
3.130	7.113
3.101	7.102
3.072	7.091
3.043	7.080
3.021	7.071
3.000	7.060
2.977	7.053
2.952	7.046
2.926	7.041
2.900	7.037
2.893	7.035
2.886	7.033
2.880	7.035
2.869	7.038
2.861	7.045
2.851	7.050
POLYLINE BLACK
3.602	6.763
3.619	6.774
3.631	6.785
3.649	6.790
3.695	6.804
3.747	6.780
3.778	6.746
3.805	6.718
3.795	6.720
3.821	6.683
3.829	6.673
3.837	6.663
3.847	6.655
3.867	6.637
3.911	6.599
3.945	6.598
3.977	6.598
4.015	6.632
4.034	6.652
4.070	6.692
4.103	6.735
4.137	6.776
POLYLINE BLACK
4.867	6.281
4.899	6.268
4.931	6.257
4.953	6.229
4.973	6.203
4.985	6.169
4.996	6.140
5.001	6.129
5.003	6.118
5.008	6.107
5.015	6.091
5.027	6.076
5.042	6.066
5.069	6.049
5.105	6.051
5.135	6.058
5.174	6.067
5.198	6.076
5.231	6.095
5.238	6.099
5.243	6.105
5.250	6.108
5.277	6.120
5.304	6.129
5.331	6.140
POLYLINE BLACK
6.131	5.030
6.415	5.350
6.310	5.268
6.541	5.447
6.562	5.463
6.584	5.476
6.604	5.493
6.648	5.531
6.685	5.575
6.731	5.610
6.769	5.640
6.812	5.664
6.855	5.687
6.892	5.707
6.961	5.740
7.012	5.750
7.057	5.759
7.095	5.750
7.143	5.746
POLYLINE BLACK
5.702	6.365
6.108	6.366
6.482	6.575
6.882	6.635
POLYLINE BLACK
6.697	4.482
6.522	4.609
6.788	4.411
6.466	4.690
6.439	4.714
6.408	4.732
6.378	4.750
6.352	4.766
6.325	4.770
6.304	4.790
6.269	4.821
6.254	4.874
6.237	4.915
POLYLINE BLACK
6.179	5.043
6.105	5.110
6.044	5.168
5.963	5.230
5.952	5.239
5.939	5.245
5.926	5.251
5.841	5.288
5.794	5.272
5.682	5.292
5.634	5.300
5.589	5.318
5.541	5.327
5.399	5.354
5.521	5.322
5.408	5.329
5.391	5.330
5.374	5.336
5.357	5.340
POLYLINE BLACK
6.153	5.017
6.113	5.006
5.987	4.962
5.916	4.964
5.859	4.965
5.803	4.975
5.745	4.975
5.681	4.974
5.547	4.932
5.503	4.920
POLYLINE BLACK
7.384	5.548
7.575	5.521
7.764	5.491
7.955	5.466
7.983	5.462
8.012	5.465
8.040	5.462
8.073	5.457
8.135	5.438
8.163	5.419
8.261	5.353
8.353	5.277
8.451	5.210
8.470	5.197
8.491	5.187
8.514	5.180
8.581	5.160
8.648	5.133
8.718	5.131
9.017	5.119
9.318	5.157
9.617	5.139
9.820	5.127
10.019	5.067
10.221	5.040
10.290	5.030
10.360	5.035
10.429	5.028
11.499	4.913
10.313	4.986
11.696	4.973
11.964	4.971
11.785	4.929
11.946	4.976
POLYLINE BLACK
7.362	5.518
7.133	5.626
7.245	5.593
7.031	5.631
POLYLINE BLACK
6.827	6.699
6.873	6.671
6.914	6.636
6.963	6.615
7.105	6.551
7.262	6.506
7.418	6.495
7.566	6.484
7.704	6.510
7.848	6.546
8.103	6.609
8.175	6.665
8.416	6.675
8.502	6.679
8.590	6.675
8.676	6.665
8.903	6.636
9.004	6.578
9.196	6.593
9.230	6.596
9.263	6.600
9.295	6.610
9.462	6.663
9.504	6.677
9.626	6.760
9.713	6.818
9.843	6.930
9.959	6.969
10.052	7.000
10.288	7.092
10.444	7.098
10.491	7.100
10.506	7.092
10.552	7.081
10.683	7.049
10.814	7.017
10.945	6.986
POLYLINE BLACK
11.854	4.866
12.025	4.891
11.978	4.890
12.210	4.886
12.233	4.886
12.334	4.869
12.380	4.882
12.419	4.892
12.457	4.904
12.494	4.919
12.558	4.945
12.618	4.990
12.669	5.034
12.765	5.117
12.899	5.382
12.910	5.399
POLYLINE BLACK
12.913	5.384
12.917	5.398
12.921	5.411
12.923	5.424
12.925	5.433
12.926	5.442
12.925	5.451
12.902	5.580
12.870	5.708
12.850	5.839
12.843	5.888
12.848	5.938
12.843	5.988
12.841	6.006
12.834	6.023
12.829	6.040
12.829	6.041
12.828	6.043
12.828	6.044
12.821	6.069
12.815	6.094
12.809	6.119
POLYLINE BLACK
10.515	7.179
10.533	7.178
10.550	7.173
10.568	7.174
10.662	7.181
10.754	7.199
10.848	7.202
11.119	7.208
10.934	7.185
11.116	7.161
11.202	7.150
11.289	7.143
11.376	7.138
11.420	7.136
11.496	7.149
11.549	7.134
11.655	7.104
11.760	7.069
11.866	7.040
11.879	7.036
11.893	7.035
11.907	7.035
11.930	7.036
11.953	7.039
11.975	7.042
12.035	7.049
12.094	7.059
12.153	7.067
POLYLINE BLACK
11.314	5.943
11.250	5.933
11.196	5.931
11.138	5.899
11.064	5.858
10.820	5.733
10.749	5.620
10.720	5.575
10.717	5.520
10.727	5.468
10.730	5.453
10.733	5.437
10.741	5.423
10.807	5.302
10.877	5.183
10.949	5.064
10.985	5.005
11.067	4.956
11.136	4.952
11.184	4.950
11.235	4.964
11.272	4.996
11.282	5.004
11.292	5.012
11.299	5.022
11.357	5.108
11.414	5.195
11.467	5.284
11.503	5.345
11.556	5.478
11.519	5.553
11.472	5.652
11.398	5.735
11.312	5.800
11.275	5.828
11.232	5.844
11.191	5.863
POLYLINE BLACK
11.032	5.971
11.057	6.087
11.078	6.203
11.106	6.318
11.112	6.341
11.122	6.362
11.132	6.384
11.156	6.437
11.208	6.468
11.260	6.487
11.285	6.497
11.311	6.504
11.337	6.509
11.362	6.513
11.459	6.531
11.510	6.523
11.614	6.505
11.691	6.407
11.686	6.302
11.679	6.147
11.532	6.026
11.429	5.939
11.399	5.914
11.247	5.787
11.160	5.791
11.110	5.793
11.069	5.825
11.040	5.864
11.039	5.866
11.038	5.869
11.037	5.871
11.026	5.909
11.015	5.948
11.003	5.986
POLYLINE BLACK
11.755	6.853
11.739	6.871
11.724	6.890
11.706	6.906
11.693	6.918
11.678	6.928
11.663	6.936
11.588	6.977
11.507	7.001
11.422	6.983
11.373	6.973
11.326	6.956
11.297	6.913
11.256	6.852
11.246	6.772
11.257	6.702
11.264	6.655
11.279	6.605
11.316	6.573
11.354	6.541
11.432	6.514
11.483	6.507
11.506	6.504
11.530	6.504
11.553	6.504
11.635	6.502
11.774	6.481
11.853	6.540
11.898	6.574
11.925	6.628
11.934	6.682
11.940	6.720
11.954	6.817
11.938	6.863
11.918	6.917
11.853	6.949
11.800	6.954
11.746	6.959
11.698	6.921
11.654	6.897
POLYLINE BLACK
12.377	5.596
12.303	5.639
12.248	5.663
12.162	5.646
12.069	5.627
11.994	5.601
11.920	5.540
11.899	5.523
11.874	5.496
11.859	5.470
11.831	5.422
11.826	5.367
11.826	5.312
11.826	5.280
11.831	5.247
11.849	5.219
11.869	5.189
11.896	5.169
11.927	5.149
11.963	5.124
12.005	5.102
12.049	5.092
12.153	5.067
12.267	5.108
12.334	5.191
12.404	5.276
12.464	5.399
12.424	5.510
12.411	5.546
12.382	5.574
12.352	5.597
12.291	5.645
12.211	5.647
12.142	5.616
12.110	5.602
12.083	5.573
12.059	5.552
POLYLINE BLACK
12.225	6.087
12.199	6.129
12.176	6.180
12.131	6.206
12.118	6.214
12.100	6.220
12.084	6.222
11.965	6.236
11.943	6.242
11.834	6.231
11.782	6.225
11.734	6.190
11.710	6.145
11.705	6.135
11.699	6.125
11.697	6.115
11.688	6.051
11.682	5.987
11.677	5.922
11.675	5.890
11.671	5.841
11.698	5.814
11.739	5.773
11.859	5.775
11.906	5.776
12.031	5.780
12.099	5.849
12.170	5.948
12.193	5.982
12.223	6.036
12.237	6.080
12.254	6.133
12.207	6.186
12.153	6.176
12.111	6.169
12.076	6.148
12.037	6.131
POLYLINE BLACK
8.798	5.935
8.581	5.976
8.580	5.986
8.311	5.978
8.238	5.976
8.122	5.951
8.056	5.908
8.027	5.889
7.998	5.860
7.990	5.825
7.981	5.789
7.992	5.750
8.004	5.716
8.019	5.676
8.041	5.635
8.074	5.607
8.112	5.575
8.167	5.554
8.216	5.552
8.423	5.543
8.580	5.556
8.788	5.575
8.805	5.577
8.837	5.593
8.848	5.601
8.915	5.648
8.953	5.692
9.007	5.757
9.034	5.790
9.050	5.836
9.062	5.875
9.077	5.920
9.084	5.975
9.054	6.016
9.015	6.070
8.942	6.092
8.880	6.105
8.807	6.120
8.707	6.115
8.647	6.066
8.623	6.046
8.610	6.012
8.596	5.986
POLYLINE BLACK
10.461	6.427
10.454	6.298
10.449	6.169
10.441	6.039
10.440	6.027
10.432	6.006
10.425	5.995
10.397	5.950
10.351	5.926
10.300	5.927
10.187	5.930
10.073	5.925
9.960	5.936
9.834	5.948
9.710	5.982
9.583	5.999
9.543	6.004
9.502	6.002
9.462	6.000
9.441	5.997
9.421	5.994
9.401	5.990
9.391	5.988
9.382	5.984
9.372	5.984
9.369	5.983
9.377	5.987
9.379	5.988
9.474	6.023
9.565	6.071
9.663	6.092
9.878	6.138
10.098	6.153
10.315	6.187
10.341	6.191
10.366	6.198
10.390	6.208
10.432	6.225
10.471	6.248
10.512	6.268
POLYLINE BLACK
7.598	6.253
7.600	6.146
7.604	6.038
7.605	5.931
7.605	5.925
7.603	5.920
7.602	5.915
7.590	5.877
7.542	5.868
7.509	5.866
7.492	5.865
7.474	5.863
7.458	5.868
7.327	5.903
7.200	5.953
7.069	5.985
7.015	5.999
6.892	6.004
6.830	5.992
6.760	5.980
6.692	5.959
6.622	5.943
6.620	5.942
6.617	5.942
6.615	5.943
6.610	5.944
6.613	5.948
6.615	5.950
6.619	5.954
6.624	5.958
6.629	5.961
6.681	5.989
6.731	6.022
6.786	6.043
6.876	6.077
6.968	6.104
7.062	6.123
7.119	6.135
7.336	6.171
7.439	6.151
7.541	6.132
7.641	6.104
7.743	6.080
POLYLINE BLACK
14.472	7.787
13.879	7.007
14.103	7.325
13.237	5.851
13.160	5.722
13.110	5.578
13.037	5.447
12.989	5.359
12.873	5.222
12.792	5.166
12.723	5.120
12.644	5.092
12.571	5.055
POLYLINE BLACK
10.458	11.605
10.530	11.574
10.597	11.530
10.673	11.514
10.949	11.457
11.228	11.408
11.509	11.388
12.810	11.295
12.623	11.287
13.370	11.378
POLYLINE BLACK
11.771	6.791
11.870	6.806
11.972	6.813
12.055	6.875
12.114	6.919
12.168	7.001
12.204	7.053
12.242	7.108
12.272	7.177
12.273	7.244
12.274	7.356
12.236	7.456
12.201	7.564
12.184	7.614
12.148	7.666
12.106	7.699
12.095	7.707
12.083	7.718
12.070	7.722
11.748	7.818
11.419	7.895
11.100	8.000
11.046	8.018
11.004	8.059
10.956	8.089
POLYLINE BLACK
11.635	9.432
11.517	9.438
11.360	9.498
11.235	9.461
11.113	9.424
11.009	9.304
10.990	9.178
10.977	9.097
10.992	9.011
11.008	8.933
11.063	8.663
11.328	8.398
11.587	8.318
11.776	8.260
11.994	8.345
12.127	8.484
12.188	8.548
12.230	8.615
12.268	8.694
12.298	8.758
12.320	8.828
12.293	8.896
12.254	8.997
12.150	9.056
12.064	9.111
12.060	9.114
12.057	9.117
12.053	9.121
12.009	9.159
11.965	9.197
11.922	9.236
POLYLINE BLACK
13.914	7.998
13.876	7.915
13.834	7.834
13.801	7.749
13.728	7.562
13.734	7.078
13.733	7.038
13.732	6.957
13.749	6.878
13.761	6.798
13.780	6.672
13.896	6.587
14.022	6.613
14.111	6.631
14.224	6.724
14.275	6.785
14.432	6.973
14.581	7.166
14.725	7.363
14.785	7.446
14.821	7.545
14.848	7.643
14.863	7.700
14.874	7.772
14.833	7.821
14.770	7.895
14.589	7.908
14.543	7.915
14.447	7.930
14.351	7.937
14.254	7.939
14.145	7.942
14.040	7.920
13.945	7.867
13.902	7.843
13.834	7.779
13.808	7.757
POLYLINE BLACK
12.872	8.421
12.842	8.387
12.809	8.355
12.780	8.320
12.696	8.216
12.692	8.016
12.686	7.908
12.682	7.848
12.673	7.719
12.729	7.660
12.793	7.592
12.920	7.616
12.995	7.644
13.025	7.655
13.054	7.670
13.082	7.685
13.179	7.735
13.277	7.784
13.372	7.837
13.383	7.843
13.392	7.852
13.401	7.861
13.443	7.905
13.458	7.969
13.454	8.028
13.438	8.248
13.376	8.333
13.246	8.529
13.208	8.586
13.154	8.656
13.087	8.686
13.011	8.721
12.882	8.661
12.827	8.647
POLYLINE BLACK
14.354	7.909
14.612	8.305
14.872	8.700
15.128	9.098
15.147	9.128
15.163	9.161
15.180	9.193
15.285	9.314
15.399	9.429
15.495	9.557
15.569	9.656
15.631	9.762
15.688	9.871
15.922	10.317
15.728	10.080
15.902	10.277
POLYLINE BLACK
18.044	10.844
18.002	10.857
17.962	10.877
17.918	10.883
17.831	10.895
17.742	10.904
17.653	10.898
17.203	10.869
16.878	10.720
16.434	10.549
16.311	10.502
16.172	10.419
16.075	10.325
16.025	10.277
15.982	10.223
15.939	10.169
15.919	10.143
15.902	10.115
15.888	10.086
15.870	10.047
15.860	10.006
15.846	9.966
POLYLINE BLACK
16.081	11.948
15.724	11.837
14.734	11.525
14.446	11.463
14.290	11.429
14.126	11.458
13.970	11.426
12.645	11.150
13.883	11.296
13.165	11.221
POLYLINE BLACK
16.015	11.995
15.880	12.154
15.897	12.120
15.770	12.371
15.752	12.407
15.735	12.446
15.729	12.486
15.704	12.632
15.688	12.779
15.678	12.927
15.673	12.989
15.665	13.123
15.718	13.188
15.761	13.241
15.869	13.306
15.902	13.321
15.956	13.345
16.015	13.349
16.072	13.363
POLYLINE BLACK
17.903	10.965
17.932	10.947
17.950	10.931
17.980	10.923
18.061	10.901
18.155	10.940
18.219	10.984
18.226	10.989
18.475	11.158
18.549	11.252
18.853	11.638
18.519	11.214
18.743	11.549
18.798	11.631
18.847	11.657
18.878	11.740
18.940	11.906
18.961	12.074
18.991	12.251
18.999	12.294
18.992	12.351
19.017	12.393
19.023	12.403
19.035	12.417
19.045	12.424
19.106	12.466
19.172	12.501
19.231	12.546
19.299	12.597
19.336	12.646
19.381	12.716
19.389	12.727
19.396	12.740
19.400	12.753
19.405	12.767
19.406	12.781
19.409	12.796
POLYLINE BLACK
16.040	13.414
16.870	13.237
16.412	13.316
17.490	13.194
17.514	13.192
17.675	13.162
17.744	13.177
17.781	13.185
17.817	13.198
17.853	13.208
17.927	13.239
17.997	13.281
18.075	13.300
18.286	13.350
18.484	13.380
18.695	13.361
18.807	13.351
19.042	13.269
19.099	13.245
19.159	13.219
19.213	13.180
19.267	13.143
19.288	13.129
19.370	13.073
19.399	13.030
19.439	12.972
19.443	12.897
19.458	12.831
19.462	12.816
19.468	12.801
19.473	12.787
POLYLINE BLACK
17.326	11.995
17.302	11.995
17.242	11.991
17.212	12.003
17.143	12.030
17.077	12.064
17.009	12.091
16.985	12.099
16.961	12.104
16.937	12.108
16.901	12.114
16.856	12.119
16.820	12.105
16.797	12.096
16.780	12.080
16.767	12.061
16.732	12.009
16.728	11.946
16.728	11.885
16.729	11.777
16.747	11.655
16.803	11.560
16.816	11.538
16.857	11.479
16.885	11.458
16.903	11.444
16.922	11.432
16.943	11.422
16.995	11.398
17.062	11.374
17.120	11.368
17.298	11.352
17.476	11.339
17.654	11.329
17.672	11.328
17.690	11.330
17.708	11.334
17.790	11.354
17.861	11.385
17.924	11.441
17.954	11.468
17.988	11.506
17.994	11.548
18.002	11.609
17.959	11.691
17.912	11.727
17.885	11.748
17.755	11.843
17.689	11.868
17.595	11.903
17.389	11.916
17.341	11.921
17.246	11.922
17.286	11.919
17.221	11.926
POLYLINE BLACK
17.441	12.988
17.224	12.972
17.479	12.985
17.107	13.006
16.998	13.012
16.957	13.008
16.861	12.978
16.818	12.965
16.776	12.937
16.753	12.898
16.725	12.851
16.729	12.791
16.758	12.746
16.784	12.708
16.810	12.688
16.849	12.659
16.864	12.648
16.880	12.636
16.898	12.631
16.963	12.610
17.030	12.594
17.097	12.580
17.122	12.574
17.173	12.565
17.206	12.572
17.217	12.574
17.228	12.577
17.239	12.581
17.267	12.594
17.296	12.608
17.323	12.623
17.356	12.641
17.384	12.682
17.395	12.717
17.400	12.732
17.400	12.747
17.399	12.763
17.397	12.784
17.391	12.809
17.378	12.827
17.367	12.841
17.351	12.850
17.335	12.856
17.271	12.876
17.207	12.895
17.143	12.915
POLYLINE BLACK
18.452	12.201
18.326	12.220
18.355	12.221
18.224	12.219
18.214	12.218
18.198	12.213
18.189	12.209
18.135	12.181
18.122	12.122
18.113	12.065
18.107	12.027
18.106	11.982
18.121	11.945
18.138	11.901
18.178	11.866
18.215	11.839
18.231	11.827
18.268	11.804
18.291	11.799
18.352	11.786
18.388	11.783
18.451	11.790
18.496	11.795
18.535	11.808
18.575	11.829
18.602	11.842
18.630	11.860
18.647	11.887
18.665	11.916
18.675	11.961
18.674	11.996
18.673	12.018
18.670	12.040
18.666	12.062
18.660	12.098
18.642	12.129
18.609	12.145
18.568	12.164
18.542	12.155
18.498	12.150
POLYLINE BLACK
18.548	12.979
18.597	13.002
18.647	13.023
18.701	13.008
18.736	12.999
18.774	12.982
18.795	12.951
18.818	12.917
18.835	12.875
18.871	12.851
18.892	12.837
18.917	12.830
18.942	12.835
18.949	12.836
18.956	12.838
18.963	12.840
18.994	12.849
19.014	12.858
19.048	12.855
19.094	12.852
19.140	12.844
19.186	12.836
19.201	12.834
19.214	12.824
19.229	12.826
19.260	12.831
19.288	12.846
19.317	12.855
POLYLINE BLACK
16.374	12.498
16.347	12.555
16.307	12.648
16.228	12.641
16.180	12.636
16.150	12.570
16.146	12.530
16.143	12.492
16.146	12.460
16.154	12.423
16.162	12.384
16.184	12.341
16.217	12.317
16.265	12.282
16.334	12.288
16.382	12.322
16.398	12.334
16.413	12.349
16.421	12.369
16.437	12.406
16.417	12.459
16.389	12.485
16.239	12.624
16.290	12.593
16.187	12.645
POLYLINE BLACK
17.377	13.889
17.369	13.876
17.361	13.863
17.353	13.850
17.338	13.821
17.363	13.790
17.381	13.771
17.391	13.760
17.418	13.737
17.434	13.731
17.500	13.706
17.568	13.686
17.635	13.662
17.646	13.658
17.656	13.647
17.660	13.636
17.664	13.625
17.661	13.612
17.658	13.600
17.651	13.581
17.642	13.563
17.629	13.547
17.605	13.519
17.580	13.493
17.556	13.465
17.553	13.461
17.551	13.456
17.549	13.452
17.536	13.424
17.547	13.400
17.555	13.372
POLYLINE BLACK
17.368	13.436
17.386	13.388
17.394	13.297
17.449	13.261
17.495	13.231
17.548	13.259
17.590	13.284
17.646	13.318
17.653	13.324
17.693	13.356
POLYLINE BLACK
9.534	9.904
9.599	9.617
9.558	9.832
9.597	9.399
9.600	9.365
9.624	9.338
9.654	9.323
9.680	9.311
9.707	9.309
9.735	9.311
9.804	9.318
9.872	9.329
9.941	9.333
10.353	9.355
10.207	9.345
10.616	9.293
10.618	9.293
10.620	9.295
10.620	9.298
10.621	9.301
10.619	9.304
10.618	9.306
10.615	9.311
10.612	9.315
10.609	9.318
10.602	9.325
10.595	9.332
10.587	9.338
10.576	9.347
10.564	9.355
10.551	9.361
10.368	9.446
10.185	9.530
10.000	9.610
9.941	9.635
9.877	9.650
9.818	9.676
9.748	9.707
9.662	9.782
9.606	9.825
POLYLINE BLACK
12.178	7.600
12.160	7.659
12.147	7.719
12.124	7.776
11.988	8.107
11.599	8.401
11.363	8.606
11.316	8.647
11.209	8.716
11.139	8.734
11.061	8.755
10.982	8.770
10.902	8.781
10.808	8.794
10.712	8.796
10.617	8.809
10.605	8.810
10.532	8.821
10.512	8.845
10.494	8.867
10.524	8.896
10.540	8.908
10.569	8.929
10.599	8.950
10.628	8.971
POLYLINE BLACK
10.569	8.936
10.487	8.982
10.475	8.983
10.393	9.069
10.363	9.100
10.339	9.137
10.314	9.173
10.260	9.251
10.208	9.330
10.158	9.409
10.153	9.417
10.149	9.426
10.147	9.436
10.094	9.635
10.143	9.525
10.037	9.742
10.032	9.751
10.026	9.759
10.019	9.767
10.010	9.777
10.000	9.786
9.990	9.794
9.984	9.799
9.886	9.887
9.837	9.904
9.738	9.939
9.629	9.940
9.526	9.947
9.502	9.948
9.478	9.944
9.454	9.943
POLYLINE BLACK
10.797	11.482
10.445	11.425
10.705	11.475
10.016	11.223
9.998	11.216
9.706	11.128
9.617	11.057
9.535	10.992
9.459	10.920
9.380	10.852
9.305	10.786
9.230	10.719
9.153	10.655
9.119	10.628
9.084	10.602
9.047	10.579
8.826	10.446
9.018	10.581
8.926	10.516
POLYLINE RED
8.992	10.559
7.540	8.921
8.608	10.065
7.861	9.337
7.659	9.141
7.467	8.935
7.262	8.742
6.819	8.325
6.910	8.514
6.462	7.966
6.370	7.854
6.311	7.718
6.224	7.601
6.175	7.535
6.109	7.483
6.055	7.421
6.044	7.408
6.036	7.393
6.028	7.377
5.998	7.319
5.971	7.259
5.942	7.199
POLYLINE RED
10.499	8.618
10.424	8.624
10.374	8.637
10.306	8.625
10.167	8.600
10.045	8.449
10.008	8.320
9.921	8.013
9.876	7.876
9.871	7.570
9.869	7.453
9.876	7.336
9.888	7.219
9.910	6.989
9.941	7.030
9.929	6.861
9.926	6.831
9.909	6.765
9.892	6.741
9.745	6.538
9.579	6.349
9.438	6.142
9.324	5.975
9.347	5.892
9.221	5.758
9.070	5.599
8.910	5.449
8.761	5.288
8.736	5.261
8.717	5.229
8.698	5.197
8.631	5.082
8.573	4.962
8.505	4.849
8.454	4.765
8.394	4.688
8.341	4.606
8.325	4.580
8.303	4.501
8.317	4.471
8.330	4.445
8.347	4.421
8.362	4.396
POLYLINE RED
8.802	8.056
8.518	7.890
8.229	7.733
7.950	7.560
7.935	7.550
7.774	7.444
7.763	7.370
7.750	7.289
7.905	7.224
7.958	7.212
8.097	7.179
8.238	7.153
8.378	7.126
8.391	7.123
8.406	7.128
8.416	7.134
8.455	7.156
8.468	7.205
8.482	7.243
8.528	7.364
8.569	7.487
8.620	7.606
8.649	7.673
8.693	7.734
8.722	7.801
8.754	7.873
8.791	8.076
8.802	8.127
POLYLINE RED
5.275	3.087
5.052	2.926
4.827	2.767
4.607	2.602
4.493	2.516
4.383	2.425
4.272	2.335
4.249	2.316
4.269	2.292
4.291	2.286
4.431	2.251
4.576	2.233
4.711	2.184
4.824	2.143
4.923	2.072
5.031	2.018
5.048	2.009
5.074	2.015
5.089	2.026
5.106	2.037
5.120	2.053
5.130	2.069
5.208	2.201
5.184	2.244
5.226	2.409
5.272	2.592
5.327	2.772
5.377	2.954
POLYLINE RED
8.481	4.373
8.431	4.258
8.392	4.138
8.332	4.029
7.756	2.997
7.966	3.638
7.453	2.359
7.319	2.026
7.399	1.783
7.347	1.415
7.323	1.250
7.267	1.092
7.219	0.932
7.183	0.810
7.002	0.612
6.970	0.555
6.856	0.356
6.876	0.279
6.800	0.075
6.700	-0.190
6.643	-0.208
6.506	-0.503
6.369	-0.798
6.253	-1.103
6.117	-1.399
6.072	-1.497
5.947	-1.626
5.885	-1.692
5.857	-1.722
5.822	-1.746
5.796	-1.779
5.714	-1.883
5.635	-1.991
5.563	-2.102
5.523	-2.163
5.488	-2.228
5.460	-2.296
5.385	-2.481
5.320	-2.670
5.255	-2.859
5.247	-2.885
5.243	-2.911
5.240	-2.938
5.238	-2.962
5.238	-2.987
5.239	-3.011
5.244	-3.082
5.274	-3.123
5.293	-3.198
5.312	-3.270
5.307	-3.399
5.308	-3.460
POLYLINE RED
2.348	-0.869
2.378	-0.852
2.426	-0.831
2.450	-0.801
2.615	-0.602
2.647	-0.363
2.699	-0.116
2.728	0.024
2.741	0.202
2.809	0.338
3.055	0.827
2.802	0.233
3.157	0.825
3.236	0.957
3.656	1.666
3.724	1.999
3.780	2.278
3.802	2.564
3.846	2.846
3.849	2.867
3.857	2.887
3.867	2.905
3.897	2.958
3.932	3.007
3.966	3.057
3.988	3.090
4.015	3.121
4.034	3.156
4.104	3.287
4.131	3.355
4.158	3.495
4.163	3.523
4.159	3.586
4.176	3.624
4.250	3.789
4.573	3.884
4.672	3.935
4.759	3.980
4.858	4.088
4.902	4.175
4.942	4.254
4.979	4.366
5.010	4.451
5.030	4.503
5.039	4.509
5.044	4.573
5.053	4.715
5.048	4.857
5.063	4.999
5.078	5.138
5.135	5.244
5.169	5.377
5.188	5.448
5.180	5.523
5.226	5.583
5.258	5.625
5.306	5.644
5.357	5.653
5.425	5.666
5.494	5.674
5.561	5.688
5.622	5.701
5.678	5.735
5.712	5.789
5.725	5.810
5.738	5.832
5.746	5.856
5.881	6.252
5.828	6.615
5.862	7.067
5.864	7.092
5.871	7.118
5.881	7.141
5.891	7.167
5.941	7.302
5.987	7.355
6.018	7.390
6.049	7.407
6.088	7.436
POLYLINE RED
4.240	-0.228
4.289	-0.255
4.335	-0.287
4.386	-0.309
4.517	-0.368
4.645	-0.390
4.787	-0.411
4.808	-0.415
4.830	-0.412
4.851	-0.412
POLYLINE RED
4.373	-0.294
4.405	-0.212
4.423	-0.141
4.479	-0.072
4.735	0.241
4.998	0.550
5.259	0.860
5.264	0.865
5.269	0.864
5.268	0.857
5.267	0.852
5.265	0.847
5.263	0.843
5.238	0.781
5.200	0.723
5.185	0.657
5.149	0.497
5.125	0.334
5.112	0.170
5.068	-0.395
4.932	-0.328
5.168	-0.405
POLYLINE RED
6.478	2.017
6.427	2.069
6.375	2.115
6.303	2.136
6.133	2.186
5.916	2.072
5.775	1.999
5.723	1.973
5.658	1.899
5.629	1.863
5.557	1.772
5.532	1.707
5.514	1.594
5.505	1.541
5.513	1.481
5.534	1.431
5.554	1.384
5.584	1.347
5.620	1.311
5.650	1.281
5.727	1.217
5.770	1.203
6.175	1.073
6.080	1.134
6.557	1.090
6.610	1.085
6.662	1.069
6.715	1.061
6.768	1.053
6.830	1.076
6.871	1.109
6.925	1.152
6.955	1.201
6.993	1.262
7.018	1.304
7.039	1.352
7.046	1.401
7.059	1.488
7.080	1.574
7.043	1.656
7.035	1.673
6.997	1.752
6.972	1.772
6.684	2.009
6.734	1.960
6.397	2.142
POLYLINE RED
7.737	3.983
7.718	3.995
7.699	4.008
7.679	4.019
7.638	4.041
7.578	4.033
7.536	4.019
7.428	3.984
7.324	3.888
7.270	3.789
7.246	3.744
7.226	3.696
7.208	3.649
7.200	3.628
7.196	3.606
7.192	3.584
7.188	3.556
7.178	3.507
7.200	3.480
7.211	3.468
7.228	3.455
7.244	3.452
7.382	3.429
7.519	3.407
7.657	3.387
7.666	3.386
7.676	3.387
7.686	3.389
7.738	3.397
7.788	3.434
7.829	3.459
7.855	3.475
7.882	3.499
7.901	3.524
7.975	3.620
7.927	3.711
7.884	3.821
7.867	3.865
7.843	3.906
7.820	3.947
7.802	3.978
7.751	4.042
7.708	4.042
7.669	4.042
7.634	4.007
7.611	3.982
7.581	3.951
7.553	3.919
7.524	3.887
POLYLINE RED
5.845	-0.434
5.816	-0.429
5.788	-0.422
5.758	-0.419
5.685	-0.413
5.593	-0.430
5.528	-0.465
5.436	-0.517
5.371	-0.566
5.297	-0.643
5.244	-0.698
5.146	-0.798
5.141	-0.890
5.133	-1.015
5.198	-1.089
5.312	-1.130
5.396	-1.161
5.443	-1.179
5.523	-1.185
5.542	-1.186
5.582	-1.184
5.600	-1.176
5.731	-1.117
5.823	-1.088
5.884	-0.961
5.910	-0.907
5.922	-0.866
5.931	-0.808
5.938	-0.755
5.930	-0.751
5.946	-0.708
5.950	-0.696
5.957	-0.686
5.962	-0.675
5.970	-0.658
5.980	-0.642
5.986	-0.625
6.006	-0.572
6.011	-0.515
6.011	-0.459
6.011	-0.431
6.008	-0.330
5.984	-0.289
5.954	-0.237
5.885	-0.220
5.831	-0.215
5.828	-0.215
5.783	-0.213
5.776	-0.221
5.754	-0.246
5.739	-0.275
5.720	-0.302
POLYLINE RED
2.584	-1.067
2.772	-1.275
3.051	-1.603
3.282	-1.798
3.516	-1.995
3.756	-2.183
4.000	-2.368
4.032	-2.393
4.071	-2.410
4.109	-2.426
4.270	-2.494
4.363	-2.479
4.561	-2.520
4.629	-2.535
4.695	-2.559
4.763	-2.577
4.772	-2.579
4.789	-2.577
4.798	-2.574
4.850	-2.558
4.888	-2.498
4.902	-2.449
4.964	-2.226
4.896	-2.017
4.809	-1.810
4.791	-1.765
4.766	-1.724
4.739	-1.683
4.712	-1.640
4.662	-1.574
4.603	-1.568
4.597	-1.568
4.591	-1.568
4.585	-1.568
4.533	-1.573
4.483	-1.582
4.431	-1.584
4.413	-1.585
4.395	-1.583
4.377	-1.580
4.357	-1.576
4.336	-1.573
4.318	-1.564
4.134	-1.475
3.952	-1.381
3.771	-1.287
3.706	-1.253
3.658	-1.209
3.587	-1.194
3.551	-1.186
3.513	-1.184
3.477	-1.179
3.434	-1.176
3.391	-1.179
3.350	-1.170
3.205	-1.139
3.064	-1.095
2.921	-1.062
2.907	-1.058
2.892	-1.059
2.877	-1.059
2.837	-1.061
2.792	-1.070
2.762	-1.100
2.727	-1.134
2.724	-1.174
2.709	-1.222
POLYLINE RED
-2.059	-3.751
-2.270	-3.684
-2.480	-3.617
-2.691	-3.549
-2.781	-3.525
-2.875	-3.510
-2.963	-3.476
-3.124	-3.414
-3.278	-3.335
-3.436	-3.264
POLYLINE RED
-1.136	-2.445
-1.293	-2.195
-1.264	-2.215
-1.494	-1.976
-1.548	-1.920
-1.638	-1.854
-1.720	-1.842
-1.822	-1.828
-1.927	-1.833
-2.028	-1.810
-2.148	-1.784
-2.261	-1.731
-2.380	-1.697
-2.462	-1.674
-2.533	-1.681
-2.618	-1.681
POLYLINE RED
-3.712	-3.391
-3.498	-3.186
-3.279	-2.985
-3.069	-2.776
-2.949	-2.657
-2.824	-2.242
-2.818	-2.224
-2.802	-2.181
-2.796	-2.134
-2.790	-2.088
-2.772	-1.960
-2.801	-1.849
-2.893	-1.756
-2.987	-1.661
-3.147	-1.593
-3.252	-1.548
-3.436	-1.470
-3.661	-1.437
-3.860	-1.472
-4.296	-1.551
-4.478	-1.644
-4.914	-1.868
-4.997	-1.911
-5.072	-1.969
-5.146	-2.027
-5.169	-2.045
-5.282	-2.135
-5.317	-2.196
-5.356	-2.265
-5.369	-2.384
-5.345	-2.457
-5.323	-2.526
-5.297	-2.593
-5.265	-2.658
-5.145	-2.907
-4.898	-3.078
-4.639	-3.159
-4.483	-3.207
-3.866	-3.420
-3.582	-3.311
-3.514	-3.285
-3.463	-3.227
-3.404	-3.185
POLYLINE RED
-4.383	-2.568
-4.040	-2.607
-4.087	-2.617
-3.710	-2.583
-3.659	-2.579
-3.610	-2.564
-3.560	-2.554
POLYLINE RED
-1.194	-5.545
-1.203	-5.476
-1.206	-5.407
-1.220	-5.340
-1.232	-5.286
-1.250	-5.234
-1.271	-5.183
-1.683	-4.212
-1.509	-4.488
-1.806	-4.049
POLYLINE RED
2.213	-0.750
2.163	-1.090
2.119	-1.430
2.063	-1.768
2.056	-1.811
2.029	-1.881
2.001	-1.923
1.991	-1.937
1.982	-1.955
1.967	-1.964
1.609	-2.175
1.248	-2.378
0.886	-2.580
0.860	-2.594
0.784	-2.614
0.752	-2.613
0.573	-2.605
0.394	-2.602
0.216	-2.578
-0.754	-2.448
0.188	-2.541
-0.169	-2.477
-0.201	-2.471
-0.234	-2.471
-0.267	-2.468
-0.448	-2.452
-0.631	-2.443
-0.812	-2.423
-0.878	-2.415
-0.990	-2.401
-1.020	-2.323
-1.037	-2.280
-1.027	-2.224
-1.026	-2.182
POLYLINE RED
5.439	-3.337
5.218	-3.631
5.120	-3.801
4.754	-4.016
4.044	-4.432
3.307	-4.802
2.570	-5.168
2.564	-5.171
2.030	-5.404
1.842	-5.411
1.593	-5.421
1.343	-5.392
1.094	-5.412
0.526	-5.459
0.652	-5.693
0.549	-5.395
POLYLINE RED
1.226	-3.769
1.268	-3.747
1.413	-4.134
1.532	-4.214
1.629	-4.278
1.753	-4.256
1.845	-4.194
2.015	-4.082
2.173	-3.950
2.350	-3.847
2.516	-3.749
2.699	-3.681
2.871	-3.593
2.875	-3.592
2.876	-3.585
2.873	-3.581
2.852	-3.555
2.699	-3.571
2.681	-3.577
2.381	-3.670
2.087	-3.782
1.786	-3.875
1.612	-3.929
1.649	-3.844
1.623	-3.953
POLYLINE RED
0.803	-4.207
0.616	-4.121
0.431	-4.032
0.242	-3.950
0.134	-3.902
0.024	-3.860
-0.086	-3.819
-0.115	-3.808
-0.151	-3.801
-0.182	-3.810
-0.235	-3.825
-0.267	-3.884
-0.281	-3.934
-0.295	-3.981
-0.296	-4.023
-0.292	-4.073
-0.282	-4.195
-0.205	-4.283
-0.104	-4.346
0.118	-4.485
0.299	-4.443
0.587	-4.479
0.628	-4.484
0.668	-4.498
0.709	-4.505
0.775	-4.518
0.818	-4.435
0.831	-4.385
0.842	-4.347
0.850	-4.308
0.856	-4.269
0.866	-4.190
0.859	-4.055
0.782	-4.006
0.749	-3.984
0.706	-3.985
0.668	-3.988
0.588	-3.995
0.546	-4.017
0.465	-4.045
POLYLINE RED
-0.940	-3.017
-1.005	-2.920
-1.050	-2.861
-1.165	-2.831
-1.283	-2.800
-1.440	-2.729
-1.566	-2.790
-1.662	-2.836
-1.653	-2.977
-1.648	-3.061
-1.637	-3.258
-1.564	-3.430
-1.364	-3.486
-1.276	-3.510
-1.184	-3.506
-1.102	-3.465
-1.018	-3.423
-0.966	-3.378
-0.877	-3.359
-0.743	-3.331
-0.625	-3.342
-0.486	-3.336
-0.457	-3.335
-0.428	-3.327
-0.404	-3.310
-0.360	-3.277
-0.342	-3.216
-0.337	-3.164
-0.329	-3.092
-0.336	-3.034
-0.352	-2.962
-0.380	-2.837
-0.466	-2.754
-0.591	-2.727
-0.759	-2.691
-0.844	-2.735
-1.003	-2.791
POLYLINE RED
-0.924	-5.301
-0.978	-5.310
-1.032	-5.323
-1.088	-5.329
-1.230	-5.343
-1.376	-5.294
-1.503	-5.233
-1.538	-5.217
-1.572	-5.198
-1.602	-5.173
-1.825	-4.985
-1.798	-4.954
-2.003	-4.840
-2.035	-4.823
-2.068	-4.806
-2.103	-4.799
-2.502	-4.717
-2.901	-4.637
-3.303	-4.576
-3.386	-4.563
-3.472	-4.571
-3.556	-4.576
-3.701	-4.585
-3.816	-4.634
-3.918	-4.736
-4.049	-4.869
-4.102	-5.065
-4.114	-5.247
-4.120	-5.343
-4.108	-5.441
-4.120	-5.537
-4.126	-5.587
-4.153	-5.633
-4.169	-5.680
POLYLINE RED
0.669	-5.476
0.634	-5.542
0.604	-5.612
0.563	-5.675
0.456	-5.838
0.334	-5.991
0.227	-6.154
0.109	-6.332
0.095	-6.633
0.136	-6.835
0.220	-7.252
0.228	-6.999
0.430	-7.532
0.473	-7.644
0.482	-7.766
0.508	-7.882
POLYLINE RED
-2.174	-7.387
-2.263	-7.392
-2.379	-7.190
-2.505	-7.168
-2.575	-7.157
-2.664	-7.203
-2.687	-7.272
-2.705	-7.326
-2.720	-7.381
-2.734	-7.435
-2.743	-7.471
-2.744	-7.513
-2.739	-7.550
-2.720	-7.677
-2.628	-7.784
-2.530	-7.860
-2.381	-7.974
-2.206	-8.031
-2.018	-8.025
-1.902	-8.022
-1.747	-7.952
-1.698	-7.840
-1.660	-7.755
-1.668	-7.646
-1.702	-7.561
-1.728	-7.498
-1.786	-7.389
-1.848	-7.350
-1.916	-7.307
-2.002	-7.289
-2.060	-7.233
-2.099	-7.194
-2.101	-7.131
-2.122	-7.079
POLYLINE RED
-4.317	-5.720
-4.291	-5.760
-4.209	-5.910
-4.149	-5.954
-3.912	-6.127
-3.659	-6.276
-3.428	-6.455
-3.334	-6.528
-3.252	-6.617
-3.176	-6.709
-3.092	-6.810
-2.894	-7.150
-2.717	-7.284
-2.653	-7.333
-2.591	-7.389
-2.515	-7.419
-2.476	-7.435
-2.431	-7.416
-2.389	-7.414
POLYLINE RED
-2.025	-8.112
-2.014	-8.176
-2.000	-8.331
-1.958	-8.400
-1.794	-8.673
-1.672	-8.828
-1.440	-9.034
POLYLINE RED
-1.484	-9.148
-0.880	-8.949
-0.752	-8.945
-0.254	-8.671
-0.151	-8.614
-0.051	-8.550
0.042	-8.478
0.170	-8.379
0.352	-8.115
0.416	-8.011
0.437	-7.977
0.524	-7.811
0.539	-7.726
0.563	-7.595
0.522	-7.469
0.497	-7.341
POLYLINE RED
-1.326	-9.121
-1.563	-9.131
-1.571	-9.144
-1.852	-9.071
-1.954	-9.045
-2.052	-9.002
-2.150	-8.963
-2.383	-8.870
-2.774	-8.760
-3.002	-8.562
-3.073	-8.501
-3.133	-8.428
-3.198	-8.361
POLYLINE RED
-2.649	-5.161
-2.738	-5.190
-2.798	-5.199
-2.871	-5.247
-2.927	-5.284
-2.987	-5.339
-2.993	-5.410
-3.000	-5.482
-2.957	-5.560
-2.914	-5.612
-2.847	-5.693
-2.726	-5.818
-2.609	-5.824
-2.507	-5.829
-2.401	-5.717
-2.359	-5.634
-2.345	-5.607
-2.334	-5.579
-2.325	-5.550
-2.300	-5.466
-2.287	-5.369
-2.329	-5.287
-2.368	-5.210
-2.411	-5.135
-2.453	-5.059
POLYLINE RED
-0.369	-7.212
-0.409	-7.217
-0.449	-7.221
-0.488	-7.229
-0.570	-7.246
-0.640	-7.316
-0.682	-7.384
-0.742	-7.481
-0.793	-7.639
-0.776	-7.755
-0.769	-7.807
-0.755	-7.862
-0.710	-7.894
-0.652	-7.935
-0.545	-7.935
-0.491	-7.938
-0.425	-7.941
-0.359	-7.935
-0.296	-7.916
-0.265	-7.906
-0.235	-7.891
-0.203	-7.881
-0.181	-7.874
-0.149	-7.872
-0.126	-7.874
-0.092	-7.878
-0.059	-7.898
-0.026	-7.878
0.031	-7.844
0.050	-7.738
0.061	-7.689
0.093	-7.542
0.047	-7.389
-0.001	-7.252
-0.013	-7.215
-0.034	-7.161
-0.070	-7.135
-0.119	-7.100
-0.199	-7.119
-0.250	-7.122
POLYLINE RED
-0.418	-5.684
-0.491	-5.693
-0.631	-5.698
-0.712	-5.737
-0.852	-5.803
-0.990	-5.876
-1.127	-5.949
-1.141	-5.956
-1.161	-5.976
-1.171	-5.990
-1.204	-6.040
-1.211	-6.105
-1.201	-6.163
-1.198	-6.185
-1.195	-6.208
-1.185	-6.228
-1.146	-6.309
-1.100	-6.386
-1.055	-6.464
-1.018	-6.528
-0.949	-6.564
-0.877	-6.565
-0.755	-6.568
-0.649	-6.519
-0.545	-6.458
-0.456	-6.405
-0.372	-6.344
-0.287	-6.285
-0.276	-6.277
-0.262	-6.258
-0.256	-6.246
-0.232	-6.200
-0.242	-6.145
-0.258	-6.098
-0.318	-5.914
-0.502	-5.867
-0.663	-5.792
POLYLINE GREEN
-3.650	-5.837
-3.869	-5.786
-4.092	-5.752
-4.306	-5.685
-4.778	-5.539
-5.236	-5.349
-5.708	-5.199
-5.918	-5.133
-6.208	-5.125
-6.423	-5.184
-6.599	-5.232
-6.710	-5.323
-6.861	-5.442
-6.902	-5.474
-7.019	-5.575
-7.060	-5.651
-7.111	-5.747
-7.129	-5.910
-7.112	-6.009
-7.053	-6.352
-6.981	-6.692
-6.901	-7.030
-6.861	-7.197
-6.812	-7.362
-6.753	-7.523
-6.722	-7.605
-6.680	-7.684
-6.632	-7.758
-6.562	-7.865
-6.485	-7.968
-6.399	-8.062
-6.261	-8.215
-5.993	-8.411
-5.821	-8.496
-5.609	-8.601
-5.391	-8.699
-5.164	-8.766
-4.625	-8.925
-3.586	-8.956
-3.150	-8.956
-1.493	-8.958
-2.806	-8.836
-2.062	-8.914
POLYLINE GREEN
-6.236	-8.688
-6.270	-8.725
-6.308	-8.760
-6.340	-8.800
-6.399	-8.877
-6.458	-9.015
-6.482	-9.098
-6.527	-9.257
-6.570	-9.418
-6.596	-9.581
-6.616	-9.703
-6.625	-9.828
-6.621	-9.951
-6.616	-10.105
-6.595	-10.259
-6.570	-10.411
-6.566	-10.436
-6.519	-10.634
-6.475	-10.691
-6.379	-10.813
-6.289	-10.906
-6.164	-10.994
-6.085	-11.050
-5.975	-11.078
-5.886	-11.100
-5.819	-11.117
-5.746	-11.121
-5.677	-11.111
-5.614	-11.102
-5.509	-11.073
-5.456	-11.037
-5.301	-10.931
-5.143	-10.825
-5.002	-10.700
-4.790	-10.511
-4.683	-10.295
-4.515	-10.071
-4.491	-10.039
-4.299	-9.838
-4.266	-9.738
-4.235	-9.617
-4.204	-9.495
-4.173	-9.374
-4.171	-9.363
-4.170	-9.351
-4.167	-9.341
-4.158	-9.308
-4.147	-9.276
-4.137	-9.244
POLYLINE GREEN
-6.876	-10.262
-7.086	-10.737
-7.171	-10.815
-7.222	-11.301
-7.238	-11.455
-7.250	-11.697
-7.203	-11.873
-7.149	-12.079
-6.929	-12.309
-6.822	-12.433
-6.677	-12.602
-6.517	-12.681
-6.306	-12.745
-6.217	-12.771
-6.078	-12.794
-5.979	-12.785
-5.915	-12.779
-5.851	-12.768
-5.788	-12.753
-5.612	-12.710
-5.458	-12.583
-5.360	-12.434
-5.317	-12.369
-5.283	-12.299
-5.246	-12.231
-5.171	-12.089
-5.093	-11.948
-5.025	-11.803
-5.006	-11.764
-4.989	-11.722
-4.985	-11.679
-4.966	-11.463
-4.965	-11.245
-4.955	-11.028
POLYLINE GREEN
0.564	-6.148
0.564	-6.148
POLYLINE GREEN
-5.487	-12.675
-5.482	-12.706
-5.475	-12.737
-5.473	-12.768
-5.471	-12.814
-5.475	-12.859
-5.473	-12.905
-5.472	-12.948
-5.445	-13.002
-5.413	-13.031
-5.301	-13.129
-5.030	-13.188
-4.947	-13.219
-4.881	-13.243
-4.800	-13.302
-4.795	-13.379
-4.791	-13.452
-4.845	-13.531
-4.873	-13.585
-4.912	-13.660
-4.951	-13.737
-4.997	-13.808
-5.037	-13.870
-5.089	-13.924
-5.130	-13.985
-5.160	-14.030
-5.175	-14.084
-5.209	-14.127
-5.262	-14.194
-5.323	-14.255
-5.386	-14.313
-5.475	-14.396
-5.589	-14.457
-5.658	-14.560
-5.714	-14.642
-5.709	-14.674
-5.725	-14.777
POLYLINE GREEN
-6.114	-12.908
-6.181	-13.071
-6.245	-13.234
-6.314	-13.396
-6.336	-13.447
-6.411	-13.570
-6.423	-13.653
-6.480	-14.012
-6.424	-13.807
-6.512	-14.171
-6.578	-14.440
-6.574	-14.203
-6.601	-14.685
-6.605	-14.770
-6.593	-14.855
-6.586	-14.939
-6.585	-14.955
-6.579	-14.971
-6.575	-14.986
-6.558	-15.049
-6.537	-15.110
-6.522	-15.174
-6.515	-15.207
-6.513	-15.241
-6.509	-15.275
POLYLINE GREEN
-5.570	-14.595
-5.646	-14.722
-5.702	-14.805
-5.747	-14.970
-5.792	-15.135
-5.811	-15.306
-5.839	-15.475
-5.858	-15.590
-5.866	-15.664
-5.856	-15.774
-5.852	-15.810
-5.836	-15.849
-5.824	-15.882
POLYLINE GREEN
-6.550	-15.341
-6.501	-15.418
-6.461	-15.466
-6.440	-15.556
-6.417	-15.654
-6.406	-15.755
-6.389	-15.855
POLYLINE GREEN
-5.806	-16.030
-5.796	-16.088
-5.789	-16.146
-5.776	-16.203
-5.663	-16.679
-5.556	-17.157
-5.426	-17.628
-5.358	-17.874
-5.263	-18.112
-5.181	-18.354
-5.170	-18.386
-5.154	-18.416
-5.147	-18.449
-5.095	-18.692
-5.101	-18.663
-5.101	-18.841
POLYLINE GREEN
-6.751	-16.759
-6.718	-16.888
-6.670	-17.014
-6.652	-17.145
-6.619	-17.377
-6.681	-17.694
-6.547	-17.922
-6.494	-18.014
-6.441	-18.107
-6.377	-18.192
-6.155	-18.484
-5.913	-18.760
-5.691	-19.051
-5.659	-19.094
-5.587	-19.219
-5.567	-19.291
-5.556	-19.330
-5.550	-19.370
-5.542	-19.410
POLYLINE GREEN
-12.679	-13.651
-12.679	-13.483
POLYLINE RED
-6.242	-15.569
-6.184	-15.513
-6.197	-15.532
-6.162	-15.483
-6.151	-15.467
-6.141	-15.451
-6.129	-15.436
-6.105	-15.405
-6.080	-15.376
-6.054	-15.348
-6.029	-15.320
-5.980	-15.302
-5.954	-15.287
-5.948	-15.283
-5.943	-15.278
-5.938	-15.274
-5.810	-15.160
-6.076	-15.390
-5.795	-15.112
-5.729	-15.046
-5.654	-14.989
-5.585	-14.926
-5.574	-14.916
-5.566	-14.904
-5.555	-14.894
-5.541	-14.883
-5.466	-14.828
-5.438	-14.813
-5.430	-14.808
-5.420	-14.806
-5.411	-14.802
POLYLINE RED
-6.243	-15.347
-6.210	-15.279
-6.202	-15.258
-6.145	-15.180
-6.101	-15.120
-6.039	-15.087
-5.984	-15.037
-5.956	-15.012
-5.932	-14.984
-5.906	-14.957
-5.893	-14.944
-5.878	-14.932
-5.866	-14.918
-5.822	-14.869
-5.785	-14.814
-5.738	-14.768
-5.702	-14.733
-5.656	-14.707
-5.618	-14.673
-5.498	-14.566
-5.568	-14.590
-5.507	-14.572
POLYLINE RED
-5.431	-14.873
-5.446	-14.801
-5.450	-14.745
-5.482	-14.682
-5.493	-14.660
-5.511	-14.632
-5.533	-14.618
-5.546	-14.608
-5.568	-14.603
-5.582	-14.598
POLYLINE RED
-5.594	-14.610
-6.612	-14.600
-5.246	-14.588
-6.816	-14.750
-7.137	-14.784
-7.461	-14.783
-7.784	-14.790
-7.850	-14.791
-7.915	-14.777
-7.981	-14.775
-8.004	-14.774
-8.027	-14.776
-8.050	-14.782
-8.088	-14.791
-8.244	-14.821
-8.318	-14.862
-8.326	-14.867
-8.333	-14.873
-8.341	-14.878
POLYLINE RED
-5.731	-14.837
-5.989	-14.841
-5.731	-14.832
-6.245	-14.902
-6.465	-14.932
-6.685	-14.960
-6.905	-14.984
-6.946	-14.988
-6.989	-14.979
-7.030	-14.986
-8.318	-15.215
-7.709	-15.191
-8.362	-15.200

ELEVATION
STATIONS
0.000	0.000	0
-2.839	1.338	1
-0.533	3.119	2
-2.457	5.042	3
1.944	2.439	2.1
1.969	3.026	2.2
4.406	4.446	2.3
5.803	5.688	2.4
12.728	9.418	2.5
12.700	10.873	2.6
14.959	11.387	2.7
17.823	11.287	2.8
8.805	12.417	2.6.1
7.013	17.141	2.6.2
2.839	24.849	2.6.3
2.435	27.238	2.6.4
-2.154	28.697	2.6.5
-3.053	28.091	2.6.6
-5.453	19.983	2.6.7
-2.299	31.435	2.6.4.1
-3.246	33.563	2.6.4.2
-2.985	33.472	2.6.4.3
-4.961	36.190	2.6.4.2.1
-5.406	37.647	2.6.4.2.2
-5.869	39.135	2.6.4.2.3
-5.813	41.000	2.6.4.2.4
-6.404	40.957	2.6.4.2.5
-5.511	47.753	2.6.4.2.6
-8.409	48.392	2.6.4.2.7
-6.069	52.585	2.6.4.2.8
SHOTS
0.000	0.000	2.354	-0.806
0.000	0.000	-0.008	-0.136
0.000	0.000	-0.013	0.050
0.000	0.000	-0.007	-0.506
0.000	0.000	-2.839	1.338
-2.839	1.338	-2.796	0.305
-2.839	1.338	-2.711	1.369
-2.839	1.338	-2.538	1.330
-2.839	1.338	-1.150	0.580
-2.839	1.338	-1.232	0.782
-2.839	1.338	-2.367	2.090
-2.839	1.338	-2.093	0.425
-2.839	1.338	-2.064	1.114
-2.839	1.338	-0.533	3.119
-0.533	3.119	-3.521	5.210
-0.533	3.119	-1.847	3.126
-0.533	3.119	-1.243	3.030
-0.533	3.119	-1.164	2.686
-0.533	3.119	-1.408	4.783
-0.533	3.119	-0.618	2.721
-0.533	3.119	-2.457	5.042
-0.533	3.119	1.944	2.439
1.944	2.439	0.543	2.479
1.944	2.439	2.015	1.515
1.944	2.439	1.546	2.783
1.944	2.439	0.470	2.474
1.944	2.439	1.969	3.026
1.969	3.026	1.583	2.951
1.969	3.026	0.517	2.427
1.969	3.026	2.662	3.318
1.969	3.026	2.115	3.424
1.969	3.026	1.654	2.187
1.969	3.026	4.406	4.446
4.406	4.446	4.480	3.807
4.406	4.446	5.164	5.578
4.406	4.446	6.063	4.283
4.406	4.446	6.347	2.537
4.406	4.446	3.475	4.147
4.406	4.446	6.324	2.474
4.406	4.446	6.366	2.591
4.406	4.446	3.711	4.132
4.406	4.446	5.803	5.688
5.803	5.688	6.113	5.473
5.803	5.688	5.960	6.187
5.803	5.688	5.657	5.009
5.803	5.688	5.783	4.606
5.803	5.688	2.750	4.577
5.803	5.688	4.101	5.047
5.803	5.688	12.728	9.418
12.728	9.418	10.633	8.904
12.728	9.418	12.253	8.649
12.728	9.418	12.087	10.165
12.728	9.418	11.788	9.289
12.728	9.418	12.724	9.558
12.728	9.418	12.132	10.208
12.728	9.418	12.700	10.873
12.700	10.873	14.189	10.892
12.700	10.873	10.448	11.299
12.700	10.873	12.620	9.929
12.700	10.873	12.070	10.920
12.700	10.873	13.268	10.753
12.700	10.873	13.252	10.756
12.700	10.873	13.252	10.756
12.700	10.873	8.822	12.416
12.700	10.873	8.798	12.423
12.700	10.873	8.867	12.400
12.700	10.873	14.959	11.387
14.959	11.387	15.539	11.699
14.959	11.387	14.970	11.624
14.959	11.387	14.915	11.324
14.959	11.387	17.823	11.287
17.823	11.287	16.128	10.756
17.823	11.287	16.065	11.337
17.823	11.287	18.066	10.629
17.823	11.287	16.910	8.941
17.823	11.287	17.276	11.856
17.823	11.287	19.311	10.135
12.700	10.873	8.805	12.417
8.805	12.417	10.875	12.227
8.805	12.417	8.815	12.074
8.805	12.417	10.030	13.149
8.805	12.417	10.235	12.781
8.805	12.417	7.013	17.141
7.013	17.141	8.311	17.364
7.013	17.141	5.845	17.101
7.013	17.141	7.177	15.619
7.013	17.141	6.839	20.210
7.013	17.141	7.221	18.000
7.013	17.141	5.793	19.688
7.013	17.141	6.287	19.917
7.013	17.141	6.177	19.872
7.013	17.141	3.540	19.881
7.013	17.141	5.582	17.212
7.013	17.141	7.218	17.980
7.013	17.141	6.673	20.202
7.013	17.141	3.488	22.281
7.013	17.141	2.839	24.849
2.839	24.849	2.448	24.985
2.839	24.849	2.515	26.155
2.839	24.849	5.201	25.418
2.839	24.849	4.979	26.835
2.839	24.849	2.286	27.419
2.839	24.849	2.695	26.547
2.839	24.849	3.291	23.368
2.839	24.849	2.435	27.238
2.435	27.238	0.408	29.209
2.435	27.238	-1.248	29.891
2.435	27.238	-2.154	28.697
-2.154	28.697	-3.053	28.091
-3.053	28.091	-3.586	28.050
-3.053	28.091	-2.465	28.146
-3.053	28.091	-1.170	28.029
-3.053	28.091	-5.453	19.983
-5.453	19.983	-6.977	20.543
-5.453	19.983	-9.315	20.749
-5.453	19.983	-7.825	20.557
-5.453	19.983	-5.407	20.708
2.435	27.238	-2.299	31.435
-2.299	31.435	0.454	31.259
-2.299	31.435	-3.982	31.878
-2.299	31.435	-2.388	32.064
-2.299	31.435	-1.970	30.764
-2.299	31.435	-1.825	30.788
-2.299	31.435	-3.213	33.483
-2.299	31.435	-3.232	33.529
-2.299	31.435	-3.242	33.504
-2.299	31.435	-3.246	33.563
-3.246	33.563	-3.046	33.819
-3.246	33.563	-1.768	33.513
-3.246	33.563	-2.951	30.474
-3.246	33.563	-4.664	34.417
-3.246	33.563	-7.262	34.551
-3.246	33.563	-5.646	34.079
-3.246	33.563	-3.644	34.290
-3.246	33.563	-3.232	34.505
-3.246	33.563	-8.132	49.309
-3.246	33.563	-8.092	49.269
-3.246	33.563	-6.496	43.631
-3.246	33.563	-8.426	49.719
-3.246	33.563	-3.332	31.677
-3.246	33.563	-2.985	33.472
-2.985	33.472	-4.311	33.440
-2.985	33.472	-6.852	33.479
-2.985	33.472	-7.401	34.248
-2.985	33.472	-3.413	34.159
-3.246	33.563	-4.961	36.190
-4.961	36.190	-6.409	36.424
-4.961	36.190	-5.064	36.229
-4.961	36.190	-7.058	37.012
-4.961	36.190	-3.671	32.518
-4.961	36.190	-5.406	37.647
-5.406	37.647	-5.869	39.135
-5.869	39.135	-4.790	39.277
-5.869	39.135	-5.712	37.532
-5.869	39.135	-5.747	37.512
-5.869	39.135	-5.206	40.003
-5.869	39.135	-5.775	39.988
-5.869	39.135	-5.813	41.000
-5.813	41.000	-5.784	39.536
-5.813	41.000	-6.473	40.938
-5.813	41.000	-5.681	40.435
-5.813	41.000	-4.995	40.366
-5.813	41.000	-6.532	40.922
-5.813	41.000	-6.047	40.869
-5.813	41.000	-6.404	40.957
-6.404	40.957	-5.896	40.924
-6.404	40.957	-5.176	41.098
-6.404	40.957	-6.307	40.999
-6.404	40.957	-6.098	39.804
-6.404	40.957	-5.972	43.120
-6.404	40.957	-6.504	48.929
-6.404	40.957	-5.127	41.158
-6.404	40.957	-6.240	41.047
-6.404	40.957	-5.541	47.867
-6.404	40.957	-5.559	47.708
-6.404	40.957	-5.546	47.876
-6.404	40.957	-5.511	47.753
-5.511	47.753	-8.709	47.735
-5.511	47.753	-6.737	49.591
-5.511	47.753	-8.594	49.195
-5.511	47.753	-7.421	50.909
-5.511	47.753	-8.908	47.823
-5.511	47.753	-8.409	48.392
-8.409	48.392	-6.069	52.585
POLYLINE RED
-1.500	-0.474
-1.371	-0.495
-1.241	-0.516
-1.112	-0.537
-1.021	-0.564
-0.933	-0.600
-0.840	-0.619
-0.699	-0.647
-0.556	-0.661
-0.413	-0.677
-0.288	-0.692
-0.260	-0.670
-0.146	-0.714
0.031	-0.784
0.200	-0.876
0.381	-0.937
0.706	-1.047
0.918	-1.007
1.272	-1.044
1.410	-1.058
1.547	-1.083
1.683	-1.111
2.011	-1.177
1.946	-1.208
2.260	-1.210
2.366	-1.211
2.478	-1.174
2.579	-1.148
POLYLINE RED
-1.259	-0.619
-1.298	-0.571
-1.329	-0.514
-1.377	-0.474
-1.762	-0.152
-2.004	-0.036
-2.486	0.183
-2.554	0.214
-2.630	0.226
-2.703	0.248
POLYLINE RED
-3.064	0.404
-3.193	0.473
-3.229	0.480
-3.331	0.576
-3.494	0.732
-3.561	0.961
-3.537	1.182
-3.525	1.289
-3.471	1.431
-3.452	1.528
-3.436	1.609
-3.433	1.692
-3.418	1.773
-3.406	1.841
-3.356	1.918
-3.319	1.968
-3.273	2.030
-3.188	2.127
-3.115	2.168
-2.999	2.236
-2.874	2.288
-2.756	2.354
-2.620	2.431
-2.541	2.589
-2.462	2.714
POLYLINE RED
2.639	0.007
2.344	0.087
1.747	0.316
1.316	0.327
1.193	0.331
1.070	0.312
0.948	0.324
0.814	0.337
0.682	0.370
0.552	0.401
0.349	0.449
0.317	0.515
0.100	0.623
0.010	0.668
-0.162	0.689
-0.246	0.692
-0.337	0.695
-0.427	0.684
-0.518	0.681
-0.578	0.678
-0.638	0.670
-0.698	0.674
-0.776	0.679
-0.854	0.692
-0.932	0.707
-0.977	0.715
-1.023	0.738
-1.061	0.762
-1.105	0.790
-1.130	0.833
-1.163	0.873
POLYLINE RED
-1.175	0.909
-1.184	0.963
-1.196	1.016
-1.202	1.071
-1.207	1.121
-1.198	1.184
-1.184	1.232
-1.129	1.415
-1.081	1.600
-1.012	1.778
-0.929	1.995
-0.841	2.203
-0.694	2.380
-0.670	2.409
-0.645	2.437
-0.615	2.458
-0.425	2.589
-0.440	2.576
-0.285	2.630
POLYLINE RED
-0.068	2.473
0.030	2.305
0.173	2.163
0.342	2.064
0.482	1.983
0.694	1.941
0.832	1.917
0.911	1.903
0.993	1.897
1.073	1.901
1.243	1.910
1.411	1.938
1.580	1.956
POLYLINE RED
1.316	1.703
1.638	1.290
1.295	1.716
1.623	1.346
1.640	1.328
1.658	1.308
1.667	1.284
1.696	1.205
1.713	1.123
1.737	1.042
POLYLINE RED
2.675	1.330
2.680	1.400
2.599	2.023
2.765	2.223
2.800	2.265
2.841	2.301
2.880	2.341
POLYLINE RED
2.819	2.341
3.356	2.687
2.884	2.351
3.561	3.009
3.616	3.062
3.679	3.106
3.743	3.147
3.807	3.188
3.903	3.238
3.985	3.254
4.071	3.272
4.164	3.267
4.233	3.207
4.267	3.177
4.314	3.120
4.361	3.102
4.670	2.980
4.551	3.042
4.885	2.972
4.912	2.967
4.939	2.956
4.964	2.944
5.050	2.904
5.129	2.849
5.217	2.815
5.355	2.762
5.501	2.730
5.641	2.682
5.769	2.639
5.850	2.514
5.943	2.428
5.981	2.394
6.050	2.353
6.099	2.337
6.139	2.323
6.182	2.315
6.224	2.305
POLYLINE RED
3.445	4.350
3.422	4.309
3.404	4.266
3.377	4.228
3.285	4.098
3.117	3.976
3.002	3.893
2.641	3.629
2.588	3.572
2.201	3.451
1.737	3.306
0.560	3.459
0.534	3.460
POLYLINE RED
0.281	3.592
0.153	3.612
-0.115	3.570
-0.262	3.651
-0.327	3.687
-0.378	3.743
-0.422	3.803
-0.545	3.972
-0.653	4.151
-0.777	4.319
-0.841	4.404
-0.957	4.487
-1.046	4.540
-1.110	4.578
-1.182	4.603
-1.244	4.643
-1.353	4.712
-1.455	4.792
-1.560	4.867
POLYLINE RED
-1.367	5.024
-1.467	5.134
-1.572	5.240
-1.667	5.354
-1.745	5.448
-1.810	5.553
-1.886	5.648
-1.926	5.699
-2.011	5.781
-2.082	5.796
-2.167	5.813
-2.254	5.822
-2.340	5.833
-2.390	5.840
-2.440	5.842
-2.489	5.850
-2.514	5.854
-2.543	5.854
-2.563	5.871
-2.617	5.914
-2.656	5.972
-2.703	6.022
POLYLINE RED
-2.270	3.039
-2.209	3.069
-2.135	3.095
-2.110	3.165
-2.082	3.247
-2.101	3.348
-2.146	3.420
-2.155	3.435
-2.165	3.451
-2.178	3.463
-2.560	3.794
-2.960	4.104
-3.331	4.447
-3.409	4.520
-3.459	4.618
-3.519	4.705
-3.546	4.745
-3.555	4.799
-3.554	4.846
-3.554	4.856
-3.555	4.867
-3.550	4.876
-3.528	4.915
-3.499	4.950
-3.473	4.988
POLYLINE RED
-1.813	2.521
-1.783	2.436
-1.753	2.352
-1.723	2.267
-1.684	2.153
-1.654	2.036
-1.605	1.927
-1.509	1.716
-1.388	1.518
-1.289	1.308
-1.240	1.203
-1.206	1.091
-1.162	0.984
-1.148	0.950
-1.110	0.920
-1.076	0.948
-1.069	0.954
-1.060	0.959
-1.057	0.967
-1.037	1.019
-1.023	1.073
-1.006	1.126
POLYLINE RED
-0.248	1.499
-0.378	1.840
-0.278	1.619
-0.581	2.081
-0.585	2.086
-0.587	2.091
-0.589	2.097
-0.605	2.154
-0.619	2.211
-0.633	2.269
POLYLINE RED
-0.453	1.174
-0.453	1.174
POLYLINE RED
-0.441	1.162
-0.402	1.147
-0.362	1.133
-0.324	1.116
-0.236	1.076
-0.173	0.971
-0.178	0.875
-0.183	0.773
-0.224	0.691
-0.263	0.593
-0.276	0.561
-0.296	0.532
-0.310	0.501
-0.313	0.494
-0.312	0.482
-0.309	0.475
-0.302	0.463
-0.284	0.456
-0.271	0.455
-0.227	0.450
-0.184	0.451
-0.141	0.444
-0.060	0.432
-0.027	0.402
0.040	0.356
POLYLINE RED
3.890	-0.739
3.929	-0.758
4.007	-0.787
4.048	-0.826
4.119	-0.892
4.145	-0.994
4.154	-1.087
4.157	-1.120
4.156	-1.203
4.141	-1.236
3.962	-1.636
4.069	-1.348
3.839	-1.729
3.805	-1.784
3.785	-1.847
3.758	-1.906
POLYLINE RED
3.770	-2.989
3.770	-2.989
POLYLINE RED
3.349	1.150
3.415	1.134
3.494	1.125
3.556	1.090
3.647	1.039
3.719	0.914
3.685	0.809
3.672	0.771
3.659	0.733
3.642	0.696
3.634	0.679
3.498	0.494
3.530	0.407
3.550	0.357
3.615	0.323
3.650	0.296
POLYLINE RED
3.986	-0.186
3.987	-0.186
POLYLINE RED
3.393	4.271
3.307	4.316
3.263	4.350
3.178	4.369
3.066	4.394
2.910	4.310
2.818	4.381
2.678	4.488
2.757	4.694
2.900	4.755
2.991	4.793
3.083	4.768
3.176	4.752
POLYLINE RED
3.080	4.909
3.194	5.105
3.165	5.082
3.365	5.271
3.411	5.315
3.460	5.359
3.516	5.390
3.738	5.515
3.968	5.628
4.198	5.737
4.347	5.807
4.428	5.773
4.597	5.828
4.759	5.880
4.917	5.945
5.069	6.018
5.296	6.127
5.486	6.339
5.672	6.490
5.717	6.527
5.791	6.565
5.849	6.580
5.953	6.607
6.056	6.606
6.163	6.596
6.263	6.586
6.361	6.560
6.461	6.552
6.533	6.546
6.674	6.548
6.756	6.572
6.795	6.583
6.832	6.600
6.869	6.616
6.947	6.651
7.071	6.756
7.110	6.785
POLYLINE RED
6.413	3.056
6.370	3.326
6.374	3.517
6.276	3.744
6.244	3.818
6.203	3.887
6.170	3.961
6.145	4.018
6.149	4.095
6.138	4.152
6.133	4.177
6.124	4.202
6.115	4.227
6.090	4.291
6.042	4.330
5.982	4.361
5.943	4.382
5.934	4.379
5.905	4.404
5.819	4.477
5.835	4.621
5.918	4.690
6.073	4.818
6.227	4.947
6.387	5.068
6.436	5.105
6.492	5.130
6.545	5.161
POLYLINE RED
6.978	5.318
8.048	5.711
8.026	5.651
9.115	6.319
9.480	6.543
9.813	6.815
10.172	7.047
12.506	8.553
10.606	7.182
12.246	8.460
12.352	8.542
12.571	8.551
12.672	8.574
12.698	8.580
12.723	8.592
12.747	8.602
12.754	8.605
12.761	8.609
12.766	8.615
12.811	8.673
12.853	8.735
12.897	8.795
POLYLINE RED
12.825	8.506
12.848	8.553
12.875	8.599
12.895	8.648
12.929	8.736
12.940	8.861
12.939	8.950
12.936	9.096
12.910	9.241
12.913	9.388
12.915	9.517
12.942	9.646
12.953	9.775
12.954	9.794
12.954	9.813
12.951	9.831
12.943	9.875
12.931	9.918
12.921	9.962
POLYLINE RED
6.978	6.725
7.079	6.839
7.070	6.845
7.185	6.923
7.665	7.251
8.143	7.583
8.631	7.901
8.682	7.935
8.743	7.949
8.797	7.976
9.221	8.184
9.650	8.383
10.065	8.607
10.259	8.712
10.437	8.844
10.623	8.963
POLYLINE RED
10.431	8.674
10.438	8.681
11.042	9.130
11.207	9.376
11.266	9.465
11.305	9.557
11.330	9.661
11.362	9.796
11.363	9.764
11.309	9.853
POLYLINE BLACK
13.287	9.432
13.284	9.485
13.276	9.525
13.289	9.575
13.317	9.681
13.390	9.781
13.432	9.873
13.444	9.898
13.450	9.925
13.456	9.952
13.472	10.022
13.481	10.094
13.500	10.163
13.518	10.228
13.564	10.312
13.604	10.366
13.735	10.547
13.990	10.624
14.203	10.635
14.408	10.645
14.613	10.645
14.818	10.644
14.939	10.644
15.057	10.538
15.147	10.489
15.187	10.467
15.268	10.449
15.308	10.448
15.380	10.447
15.451	10.449
15.522	10.457
15.646	10.472
15.769	10.498
15.892	10.519
15.896	10.520
15.900	10.522
15.904	10.521
15.966	10.517
16.028	10.510
16.090	10.504
POLYLINE BLACK
16.003	10.263
16.147	10.083
16.300	9.910
16.436	9.724
16.487	9.654
16.514	9.568
16.562	9.496
16.653	9.359
16.735	9.286
16.865	9.188
16.902	9.160
16.965	9.127
17.013	9.116
17.100	9.096
17.180	9.093
17.269	9.103
17.337	9.110
17.404	9.137
17.473	9.139
17.512	9.140
17.549	9.121
17.588	9.113
POLYLINE BLACK
19.047	9.905
18.875	9.973
18.703	10.041
18.531	10.109
18.511	10.113
18.491	10.119
18.471	10.121
18.431	10.126
18.387	10.123
18.350	10.106
18.270	10.068
18.223	9.967
18.194	9.893
17.845	8.976
18.053	9.402
17.882	9.060
POLYLINE BLACK
17.877	9.026
17.775	9.051
17.738	9.070
17.640	9.068
17.581	9.066
17.521	9.059
17.462	9.055
POLYLINE BLACK
16.534	11.741
17.161	11.930
17.082	11.960
17.541	11.988
17.577	11.990
17.636	11.971
17.664	11.959
17.676	11.954
18.071	11.817
18.201	11.713
18.350	11.594
18.438	11.394
18.530	11.244
18.567	11.182
18.594	11.115
18.633	11.054
18.655	11.019
18.682	10.987
18.713	10.959
18.821	10.861
18.928	10.759
19.050	10.679
19.201	10.579
19.372	10.525
19.540	10.466
POLYLINE BLACK
16.689	11.596
16.651	11.582
16.614	11.564
16.574	11.553
16.541	11.544
16.506	11.535
16.472	11.535
16.252	11.536
16.033	11.547
15.814	11.555
15.239	11.576
15.501	11.587
15.181	11.567
POLYLINE BLACK
14.814	11.625
14.647	11.565
14.485	11.491
14.313	11.446
14.000	11.364
13.412	11.468
13.197	11.493
13.143	11.499
13.089	11.509
13.039	11.529
12.617	11.699
12.645	11.691
12.379	11.857
POLYLINE BLACK
10.620	8.745
11.340	9.040
10.082	8.517
11.198	9.025
11.350	9.094
11.510	9.146
11.664	9.211
11.682	9.218
11.698	9.230
11.713	9.241
11.823	9.329
11.937	9.550
11.973	9.616
12.007	9.677
12.062	9.811
12.073	9.903
12.078	9.947
12.072	10.007
12.070	10.050
POLYLINE BLACK
12.041	10.060
12.020	10.095
12.005	10.135
11.978	10.165
11.742	10.422
11.641	10.505
11.361	10.685
11.294	10.728
11.225	10.767
11.153	10.802
11.107	10.824
10.917	10.871
10.884	10.884
10.808	10.914
10.734	10.949
10.663	10.990
10.061	11.339
10.486	11.144
10.137	11.297
POLYLINE BLACK
10.137	11.113
9.924	11.203
9.787	11.240
9.612	11.380
9.501	11.470
9.407	11.579
9.295	11.668
8.634	12.193
9.445	11.456
8.832	12.031
POLYLINE BLACK
12.311	11.770
11.640	11.885
12.492	11.728
11.591	11.948
11.570	11.953
11.214	11.989
11.111	12.062
11.004	12.138
10.847	12.399
10.840	12.407
10.283	12.968
10.347	12.915
9.953	13.162

