TRIP
DATE 2026-08-20
DECLINATION 0.0
DATA
0		119.98	-0.24	5.674	>
0		119.93	-0.12	5.692	>
0		120.00	-0.13	5.688	>
0	1	119.97	-0.16	5.685	>
1		179.90	-6.15	2.216	>
1		179.40	-6.17	2.241	>
1		179.55	-6.16	2.226	>
1	2	179.62	-6.16	2.228	>
2		49.79	-77.60	1.597	>
2		42.27	5.79	1.490	>
2		103.12	0.76	2.785	>
2		313.36	-6.72	0.953	>
2		13.82	-53.10	2.169	>
2		133.15	-45.36	2.812	>
2		137.58	-25.20	5.006	>
2		137.52	-25.15	4.956	>
2		137.50	-25.14	4.956	>
2	3	137.53	-25.16	4.973	>
3		283.21	5.56	3.516	>
3		286.35	54.67	3.356	>
3		356.32	-83.52	1.460	>
3		213.26	-39.03	7.959	>
3		213.59	-38.99	7.949	>
3		213.35	-38.96	8.010	>
3	4	213.40	-38.99	7.973	>
4		213.70	-39.12	7.903	>
4		213.65	-39.11	7.912	>
4		213.52	-39.28	7.927	>
4		200.58	-37.96	6.559	>
4		200.51	-37.92	6.582	>
4		200.71	-38.01	6.566	>
4	5	200.60	-37.96	6.569	>
5		331.97	30.55	5.272	>
5		304.63	9.57	6.494	>
5		313.87	39.09	7.026	>
5		304.68	42.17	5.813	>
5		307.86	47.61	12.490	>
5		292.72	9.17	4.998	>
5		345.18	7.75	3.394	>
5		272.48	-59.19	1.827	>
5		249.03	67.90	5.874	>
5		212.34	-7.21	7.851	>
5		212.47	-7.11	7.851	>
5		212.48	-7.16	7.869	>
5	6	212.43	-7.16	7.857	>
6		299.14	-11.65	0.776	>
6		279.30	15.01	2.992	>
6		315.33	30.66	5.783	>
6		347.51	28.65	0.337	>
6		318.84	52.44	7.663	>
6		195.22	-60.50	7.408	>
6		225.35	-35.21	3.643	>
6		188.68	-48.99	2.541	>
6		207.07	-42.25	6.521	>
6		207.12	-42.23	6.477	>
6		207.21	-42.15	6.503	>
6		207.73	-42.89	6.488	>
6		207.66	-42.81	6.482	>
6		207.88	-42.80	6.458	>
6		210.36	-43.64	6.408	>
6		210.67	-43.54	6.364	>
6		210.55	-43.49	6.367	>
6		209.97	-43.28	6.506	>
6		209.72	-43.18	6.437	>
6		209.84	-43.17	6.443	>
6	7	209.84	-43.21	6.462	>
7		80.61	-1.99	2.916	>
7		258.35	-85.96	1.688	>
7		95.93	32.63	1.908	>
7		123.09	-21.10	5.839	>
7		123.17	-21.06	5.827	>
7		123.00	-21.06	5.831	>
7	8	123.09	-21.07	5.832	>
8		298.75	-71.64	7.176	>
8		272.82	2.60	4.866	>
8		269.38	1.07	4.957	>
8		251.20	-5.16	5.117	>
8		172.10	-20.41	6.788	>
8		172.14	-20.41	6.792	>
8		172.27	-20.48	6.790	>
8	9	172.17	-20.43	6.790	>
9		45.36	2.43	3.547	>
9		53.39	2.26	3.442	>
9		69.93	8.96	2.896	>
9		65.43	-81.30	1.442	>
9		95.07	-62.63	3.944	>
9		52.38	37.24	1.039	>
9		105.72	-31.89	4.336	>
9		105.64	-31.82	4.344	>
9		105.51	-31.89	4.336	>
9		332.53	-5.72	2.816	>
9		16.72	-28.34	1.091	>
9		292.19	-17.04	1.399	>
9		292.24	-17.08	6.690	>
9		292.22	-17.09	1.413	>
9		306.20	15.38	2.352	>
9		306.07	15.34	2.344	>
9		306.21	15.47	2.345	>
9	10	105.62	-31.87	4.339	>
10		43.25	-40.07	1.786	>
10		194.63	-49.80	2.194	>
10		209.50	-10.61	1.144	>
10		34.39	-20.27	0.459	>
10		276.41	10.93	3.268	>
10		301.35	15.05	3.494	>
10		331.36	29.73	2.214	>
10		296.21	-0.53	4.222	>
10		313.36	-2.68	2.841	>
10		314.49	-2.69	2.810	>
10		334.87	-24.06	2.439	>
10		303.93	-11.37	4.552	>
10		321.90	-13.14	4.236	>
10		313.88	-5.89	5.856	>
10		313.63	-5.95	5.861	>
10		313.92	-5.91	5.858	>
10	11	313.81	-5.92	5.858	>
11		125.30	2.72	2.806	>
11		160.05	3.84	1.683	>
11		169.54	0.84	1.675	>
11		182.47	-5.76	1.729	>
11		199.16	-17.33	0.555	>
11		220.59	-11.66	3.206	>
11		237.99	-6.63	2.636	>
11		254.31	-17.39	2.833	>
11		195.38	-39.69	4.421	>
11		196.55	-40.18	4.399	>
11		196.48	-39.90	4.391	>
11	12	196.14	-39.93	4.404	>
12		180.15	82.32	0.628	>
12		214.91	-74.09	1.197	>
9	9.1	306.16	15.40	2.347	>
9.1		130.96	-86.96	1.904	>
9.1		190.44	-59.31	1.721	>
9.1		341.24	-36.64	2.721	>
9.1		321.67	-4.07	5.048	>
9.1		296.76	-9.63	5.506	>
9.1		274.65	-29.19	3.561	>
9.1		276.69	-41.59	3.567	>
9.1		277.34	-41.91	3.567	>
9.1		277.16	-41.85	3.559	>
9.1	9.2	277.06	-41.78	3.564	>
9.2		29.06	7.32	1.398	>
9.2		68.63	63.21	3.186	>
9.2		308.14	-72.89	6.416	>
9.2		1.76	-20.45	3.600	>
9.2		21.57	-22.57	2.498	>
9.2		325.44	-51.53	3.309	>
9.2		327.56	-69.75	3.018	>
9.2		298.53	-46.39	3.775	>
9.2		282.53	-52.16	0.467	>
9.2		275.09	-52.75	2.405	>
9.2		299.02	-61.93	6.526	>
9.2		298.95	-61.97	6.525	>
9.2		298.85	-62.04	6.529	>
9.2	9.3	298.94	-61.98	6.527	>

PLAN
STATIONS
0.000	0.000	0
4.924	-2.840	1
4.939	-5.055	2
7.978	-8.375	3
4.567	-13.548	4
2.745	-18.396	5
-1.435	-24.976	6
-3.779	-29.061	7
0.781	-32.032	8
1.648	-38.336	9
5.196	-39.328	10
0.991	-35.294	11
0.052	-38.538	12
-0.179	-37.000	9.1
-2.817	-36.674	9.2
-5.500	-35.190	9.3
SHOTS
0.000	0.000	4.924	-2.840
4.924	-2.840	4.939	-5.055
4.939	-5.055	5.201	-4.833
4.939	-5.055	5.936	-3.958
4.939	-5.055	7.651	-5.687
4.939	-5.055	4.251	-4.405
4.939	-5.055	5.250	-3.790
4.939	-5.055	6.381	-6.406
4.939	-5.055	7.978	-8.375
7.978	-8.375	4.571	-7.575
7.978	-8.375	6.116	-7.828
7.978	-8.375	7.968	-8.210
7.978	-8.375	4.567	-13.548
4.567	-13.548	2.745	-18.396
2.745	-18.396	0.612	-14.388
2.745	-18.396	-2.524	-14.756
2.745	-18.396	-1.186	-14.617
2.745	-18.396	-0.798	-15.944
2.745	-18.396	-3.903	-13.228
2.745	-18.396	-1.806	-16.490
2.745	-18.396	1.885	-15.145
2.745	-18.396	1.810	-18.355
2.745	-18.396	0.681	-19.187
2.745	-18.396	-1.435	-24.976
-1.435	-24.976	-2.099	-24.606
-1.435	-24.976	-4.287	-24.509
-1.435	-24.976	-4.933	-21.438
-1.435	-24.976	-1.499	-24.687
-1.435	-24.976	-4.509	-21.459
-1.435	-24.976	-2.393	-28.496
-1.435	-24.976	-3.553	-27.068
-1.435	-24.976	-1.687	-26.624
-1.435	-24.976	-3.779	-29.061
-3.779	-29.061	-0.904	-28.586
-3.779	-29.061	-3.896	-29.085
-3.779	-29.061	-2.181	-29.227
-3.779	-29.061	0.781	-32.032
0.781	-32.032	-1.201	-30.945
0.781	-32.032	-4.074	-31.793
0.781	-32.032	-4.175	-32.086
0.781	-32.032	-4.044	-33.675
0.781	-32.032	1.648	-38.336
1.648	-38.336	4.169	-35.846
1.648	-38.336	4.408	-36.284
1.648	-38.336	4.334	-37.354
1.648	-38.336	1.846	-38.245
1.648	-38.336	3.453	-38.496
1.648	-38.336	2.303	-37.831
1.648	-38.336	0.355	-35.850
1.648	-38.336	1.924	-37.416
1.648	-38.336	0.409	-37.830
1.648	-38.336	-4.272	-35.915
1.648	-38.336	0.397	-37.825
1.648	-38.336	5.196	-39.328
5.196	-39.328	6.133	-38.332
5.196	-39.328	4.838	-40.698
5.196	-39.328	4.642	-40.307
5.196	-39.328	5.439	-38.973
5.196	-39.328	2.007	-38.970
5.196	-39.328	2.315	-37.572
5.196	-39.328	4.275	-37.641
5.196	-39.328	1.408	-37.463
5.196	-39.328	3.133	-37.379
5.196	-39.328	3.194	-37.361
5.196	-39.328	4.250	-37.312
5.196	-39.328	1.493	-36.837
5.196	-39.328	2.651	-36.082
5.196	-39.328	0.991	-35.294
0.991	-35.294	3.279	-36.913
0.991	-35.294	1.564	-36.872
0.991	-35.294	1.295	-36.941
0.991	-35.294	0.917	-37.013
0.991	-35.294	0.817	-35.794
0.991	-35.294	-1.052	-37.678
0.991	-35.294	-1.229	-36.682
0.991	-35.294	-1.612	-36.025
0.991	-35.294	0.052	-38.538
0.052	-38.538	0.052	-38.622
0.052	-38.538	-0.135	-38.807
1.648	-38.336	-0.179	-37.000
-0.179	-37.000	-0.103	-37.067
-0.179	-37.000	-0.338	-37.864
-0.179	-37.000	-0.881	-34.933
-0.179	-37.000	-3.302	-33.050
-0.179	-37.000	-5.026	-34.556
-0.179	-37.000	-3.278	-36.748
-0.179	-37.000	-2.817	-36.674
-2.817	-36.674	-2.143	-35.462
-2.817	-36.674	-1.480	-36.150
-2.817	-36.674	-4.302	-35.508
-2.817	-36.674	-2.713	-33.302
-2.817	-36.674	-1.969	-34.528
-2.817	-36.674	-3.985	-34.978
-2.817	-36.674	-3.377	-35.792
-2.817	-36.674	-5.105	-35.430
-2.817	-36.674	-3.097	-36.611
-2.817	-36.674	-4.267	-36.544
-2.817	-36.674	-5.500	-35.190
POLYLINE BLACK
3.342	-6.790
3.383	-6.860
3.423	-6.930
3.464	-7.000
3.462	-6.995
3.460	-6.991
3.458	-6.986
3.448	-6.951
3.438	-6.917
3.428	-6.883
POLYLINE BLACK
5.949	-4.064
5.997	-4.104
6.042	-4.147
6.094	-4.183
6.138	-4.214
6.189	-4.234
6.235	-4.263
6.261	-4.280
6.283	-4.303
6.310	-4.319
6.347	-4.342
6.391	-4.355
6.427	-4.380
6.552	-4.467
6.675	-4.556
6.793	-4.652
7.036	-4.849
6.956	-4.802
7.090	-4.932
7.209	-5.049
7.196	-5.015
7.328	-5.194
7.407	-5.302
7.485	-5.411
7.553	-5.526
7.739	-5.840
7.580	-5.663
7.686	-5.775
POLYLINE BLACK
4.314	-4.580
4.359	-4.636
4.343	-4.610
4.371	-4.662
4.379	-4.677
4.384	-4.693
4.394	-4.707
4.441	-4.771
4.478	-4.812
4.537	-4.860
4.592	-4.903
4.664	-4.909
4.715	-4.955
4.848	-5.076
4.790	-5.028
4.880	-5.133
4.941	-5.205
4.913	-5.147
4.974	-5.268
4.991	-5.301
5.013	-5.398
5.019	-5.421
5.061	-5.589
5.003	-5.373
5.084	-5.731
5.118	-5.883
5.143	-5.889
5.147	-6.067
5.148	-6.132
5.137	-6.198
5.129	-6.262
5.125	-6.289
5.121	-6.316
5.110	-6.341
5.026	-6.535
4.944	-6.731
4.843	-6.917
4.476	-7.591
4.473	-7.267
4.482	-7.540
POLYLINE BLACK
7.644	-5.738
7.651	-5.783
7.656	-5.828
7.665	-5.872
7.680	-5.944
7.700	-6.014
7.717	-6.085
7.752	-6.224
7.784	-6.364
7.822	-6.502
7.831	-6.536
7.852	-6.566
7.859	-6.601
7.894	-6.771
7.924	-6.941
7.947	-7.113
7.965	-7.258
7.974	-7.405
7.982	-7.551
7.994	-7.813
7.966	-7.677
7.969	-7.908
7.971	-8.078
7.978	-8.026
7.986	-8.122
7.986	-8.132
7.986	-8.143
7.987	-8.154
7.989	-8.173
7.994	-8.190
7.995	-8.209
7.997	-8.246
7.997	-8.309
7.989	-8.348
7.986	-8.365
7.979	-8.381
7.974	-8.397
POLYLINE BLACK
4.421	-7.529
4.424	-7.568
4.428	-7.608
4.428	-7.647
4.427	-7.749
4.340	-7.876
4.286	-7.941
4.122	-8.140
3.824	-8.399
3.614	-8.507
2.717	-8.971
1.799	-9.394
0.883	-9.820
0.743	-9.885
0.628	-9.901
0.482	-9.907
0.434	-9.909
0.386	-9.904
0.338	-9.907
0.312	-9.908
0.286	-9.911
0.262	-9.920
0.061	-9.996
-0.150	-10.053
-0.337	-10.159
-1.096	-10.594
-1.884	-10.996
-2.569	-11.540
-3.060	-11.930
-3.416	-12.466
-3.831	-12.936
-3.894	-13.007
-3.940	-13.127
-3.947	-13.221
-3.968	-13.478
-3.853	-13.702
-3.764	-13.951
-3.697	-14.135
-3.436	-14.573
-3.351	-14.681
-3.172	-14.905
-2.975	-15.115
-2.769	-15.315
-2.537	-15.540
-2.282	-15.742
-2.036	-15.953
-1.987	-15.995
-1.930	-16.026
-1.885	-16.072
-1.758	-16.203
-1.644	-16.345
-1.523	-16.482
POLYLINE BLACK
7.948	-8.295
7.910	-8.598
7.872	-8.901
7.835	-9.204
7.824	-9.242
7.815	-9.282
7.801	-9.320
7.766	-9.415
7.721	-9.539
7.649	-9.620
7.096	-10.247
6.516	-10.850
5.976	-11.489
5.666	-11.856
5.680	-11.944
5.484	-12.286
5.439	-12.365
5.382	-12.436
5.339	-12.516
5.216	-12.739
5.103	-12.967
4.985	-13.193
4.972	-13.218
4.962	-13.246
4.946	-13.269
4.376	-14.081
4.708	-13.527
4.468	-13.983
4.443	-14.031
4.412	-14.075
4.390	-14.124
4.270	-14.397
4.085	-14.836
4.026	-15.143
3.912	-15.746
3.957	-15.779
3.904	-16.270
3.901	-16.294
3.894	-16.318
3.885	-16.341
3.850	-16.436
3.815	-16.530
3.774	-16.623
3.643	-16.921
3.599	-16.970
3.372	-17.262
3.335	-17.310
3.289	-17.349
3.249	-17.394
3.097	-17.565
2.943	-17.735
2.795	-17.910
2.776	-17.933
2.762	-17.960
2.750	-17.987
2.688	-18.120
2.696	-18.131
2.667	-18.280
POLYLINE BLACK
2.676	-18.242
2.743	-18.529
2.835	-18.768
2.820	-19.056
2.816	-19.134
2.801	-19.211
2.784	-19.288
2.774	-19.333
2.759	-19.378
2.739	-19.421
2.602	-19.721
2.590	-19.756
2.413	-19.976
2.052	-20.426
1.687	-20.872
1.323	-21.320
0.993	-21.726
1.274	-21.361
0.822	-21.997
0.798	-22.031
0.770	-22.063
0.747	-22.097
0.695	-22.177
0.647	-22.260
0.598	-22.342
0.537	-22.443
0.487	-22.551
0.418	-22.646
0.237	-22.896
0.027	-23.123
-0.151	-23.375
-0.292	-23.574
-0.287	-23.687
-0.394	-23.892
-0.445	-23.990
-0.516	-24.076
-0.565	-24.174
-0.624	-24.290
-0.670	-24.412
-0.718	-24.532
-0.737	-24.578
-0.747	-24.626
-0.766	-24.672
-0.785	-24.719
-0.821	-24.771
-0.856	-24.808
-0.933	-24.889
-1.092	-24.951
-1.191	-24.971
-1.277	-24.988
-1.365	-24.988
-1.452	-24.995
-1.483	-24.998
-1.482	-24.994
-1.510	-25.003
-1.551	-25.017
-1.575	-25.044
-1.612	-25.072
POLYLINE BLACK
-2.473	-24.651
-2.432	-24.677
-2.386	-24.718
-2.332	-24.712
-2.323	-24.711
-2.315	-24.710
-2.307	-24.707
-2.273	-24.690
-2.238	-24.676
-2.209	-24.653
-1.988	-24.479
-1.775	-24.296
-1.557	-24.119
-1.528	-24.095
-1.527	-24.103
-1.505	-24.076
-1.444	-23.996
-1.469	-23.868
-1.475	-23.780
-1.494	-23.498
-1.533	-23.393
-1.497	-23.172
-1.488	-23.114
-1.456	-23.054
-1.496	-23.001
-1.525	-22.963
-1.602	-22.923
-1.648	-22.924
-1.898	-22.929
-2.148	-22.941
-2.398	-22.953
-2.417	-22.954
-2.470	-22.973
-2.485	-22.984
-2.902	-23.315
-2.601	-23.089
-2.968	-23.444
-3.039	-23.513
-3.113	-23.534
-3.151	-23.624
-3.221	-23.787
-3.195	-23.907
-3.208	-24.118
-3.210	-24.157
-3.179	-24.187
-3.148	-24.204
-2.883	-24.347
-2.619	-24.489
-2.354	-24.631
POLYLINE BLACK
-2.091	-22.955
-2.112	-22.869
-1.644	-22.626
-1.553	-22.429
-1.518	-22.354
-1.519	-22.266
-1.529	-22.186
-1.533	-22.155
-1.551	-22.080
-1.571	-22.051
-1.616	-21.986
-1.664	-21.923
-1.716	-21.862
-1.741	-21.833
-1.770	-21.805
-1.802	-21.783
-1.985	-21.657
-2.194	-21.597
-2.413	-21.574
-2.483	-21.567
-2.553	-21.566
-2.622	-21.573
-2.726	-21.583
-2.900	-21.617
-3.004	-21.669
-3.144	-21.740
-3.241	-21.818
-3.355	-21.926
-3.434	-22.002
-3.481	-22.108
-3.484	-22.217
-3.489	-22.369
-3.461	-22.525
-3.390	-22.661
-3.338	-22.757
-3.268	-22.829
-3.185	-22.901
-3.112	-22.964
-3.026	-23.021
-2.935	-23.055
-2.814	-23.101
-2.662	-23.106
-2.542	-23.110
-2.504	-23.111
-2.466	-23.106
-2.429	-23.099
-2.375	-23.088
-2.323	-23.069
-2.270	-23.055
POLYLINE BLACK
-1.348	-23.253
-1.286	-23.241
-1.222	-23.234
-1.162	-23.217
-0.941	-23.152
-0.742	-23.001
-0.574	-22.855
-0.454	-22.751
-0.353	-22.626
-0.249	-22.507
-0.207	-22.459
-0.169	-22.392
-0.161	-22.327
-0.143	-22.171
-0.284	-22.049
-0.384	-21.955
-0.422	-21.919
-0.464	-21.887
-0.510	-21.860
-0.601	-21.805
-0.774	-21.701
-0.905	-21.673
-0.977	-21.658
-1.085	-21.633
-1.158	-21.674
-1.214	-21.705
-1.241	-21.775
-1.258	-21.831
-1.299	-21.965
-1.325	-22.103
-1.376	-22.233
-1.468	-22.467
-1.591	-22.614
-1.735	-22.817
POLYLINE BLACK
-1.814	-16.305
-1.811	-16.362
-1.802	-16.419
-1.806	-16.477
-1.834	-16.867
-1.844	-17.186
-1.989	-17.543
-2.037	-17.661
-2.096	-17.777
-2.172	-17.879
-2.402	-18.188
-2.657	-18.478
-2.906	-18.773
-3.032	-18.923
-3.179	-19.055
-3.296	-19.212
-3.464	-19.441
-3.615	-19.683
-3.757	-19.929
-3.904	-20.184
-3.995	-20.647
-4.073	-20.879
-4.096	-20.946
-4.133	-21.009
-4.170	-21.070
-4.197	-21.115
-4.278	-21.225
-4.333	-21.263
-4.435	-21.334
-4.547	-21.390
-4.648	-21.462
-4.725	-21.517
-4.800	-21.602
-4.852	-21.682
-4.925	-21.798
-4.953	-21.977
-4.974	-22.092
-4.986	-22.152
-4.994	-22.214
-4.991	-22.275
-4.978	-22.506
-4.968	-22.738
-4.925	-22.965
-4.850	-23.363
-4.790	-23.440
-4.672	-23.732
-4.655	-23.774
-4.645	-23.819
-4.624	-23.858
-4.507	-24.081
-4.436	-24.158
-4.282	-24.363
POLYLINE BLACK
-4.350	-24.346
-4.345	-24.368
-4.343	-24.389
-4.336	-24.410
-4.329	-24.431
-4.318	-24.451
-4.308	-24.471
-4.244	-24.599
-4.166	-24.720
-4.113	-24.853
-3.976	-25.193
-3.959	-25.443
-3.923	-25.816
-3.916	-25.879
-3.913	-25.943
-3.918	-26.007
-3.942	-26.336
-3.986	-26.663
-4.007	-26.992
-4.012	-27.069
-4.008	-27.148
-3.995	-27.224
-3.953	-27.481
-3.917	-27.524
-3.862	-27.738
-3.845	-27.804
-3.834	-27.871
-3.816	-27.937
-3.774	-28.089
-3.646	-28.396
-3.636	-28.618
-3.632	-28.719
-3.666	-28.839
-3.695	-28.926
-3.707	-28.962
-3.731	-28.994
-3.749	-29.028
POLYLINE BLACK
-1.397	-25.045
-1.426	-25.308
-1.459	-25.572
-1.483	-25.836
-1.485	-25.866
-1.481	-25.896
-1.477	-25.926
-1.465	-26.020
-1.449	-26.113
-1.434	-26.207
-1.415	-26.324
-1.398	-26.442
-1.374	-26.559
-1.288	-26.985
-1.195	-27.410
-1.106	-27.835
-1.088	-27.922
-1.095	-27.902
-1.071	-27.994
-1.046	-28.091
-1.018	-28.187
-0.996	-28.284
-0.980	-28.353
-1.009	-28.441
-1.021	-28.507
-1.029	-28.554
-1.035	-28.602
-1.042	-28.650
POLYLINE BLACK
-0.830	-28.448
-0.943	-28.645
-0.997	-28.704
-1.051	-28.918
-1.093	-29.084
-1.087	-29.337
-1.075	-29.488
-1.067	-29.600
-1.046	-29.710
-1.026	-29.820
-1.023	-29.840
-1.016	-29.858
-1.007	-29.876
-0.891	-30.109
-0.956	-29.954
-0.766	-30.210
-0.462	-30.619
-0.626	-30.480
-0.259	-30.870
-0.209	-30.924
-0.144	-30.961
-0.094	-31.015
-0.019	-31.095
0.042	-31.189
0.116	-31.271
0.170	-31.332
0.237	-31.380
0.289	-31.443
0.350	-31.516
0.397	-31.601
0.455	-31.678
0.582	-31.844
0.629	-31.878
0.784	-32.031
POLYLINE BLACK
-4.166	-31.997
-4.106	-31.974
-4.044	-31.957
-3.986	-31.928
-3.862	-31.865
-3.738	-31.783
-3.638	-31.684
-3.528	-31.574
-3.473	-31.490
-3.405	-31.346
-3.383	-31.298
-3.366	-31.248
-3.354	-31.196
-3.320	-31.057
-3.327	-30.951
-3.349	-30.805
-3.359	-30.736
-3.378	-30.669
-3.397	-30.603
-3.402	-30.585
-3.409	-30.569
-3.419	-30.554
-3.467	-30.479
-3.520	-30.394
-3.588	-30.331
-3.678	-30.248
-3.909	-30.224
-4.007	-30.215
-4.169	-30.200
-4.288	-30.214
-4.447	-30.255
-4.492	-30.267
-4.537	-30.285
-4.579	-30.307
-4.619	-30.328
-4.657	-30.355
-4.693	-30.383
-4.821	-30.483
-4.889	-30.612
-4.980	-30.753
-5.024	-30.822
-5.040	-30.887
-5.059	-30.967
-5.062	-30.980
-5.064	-30.993
-5.064	-31.007
-5.064	-31.081
-5.026	-31.216
-5.009	-31.255
-4.997	-31.280
-4.852	-31.596
-4.750	-31.698
-4.679	-31.769
-4.608	-31.838
-4.533	-31.903
-4.485	-31.944
-4.427	-31.988
-4.366	-32.012
-4.329	-32.027
-4.284	-32.027
-4.246	-32.031
POLYLINE BLACK
-3.766	-29.232
-4.004	-29.553
-3.937	-29.491
-4.414	-29.856
-4.489	-29.914
-4.578	-29.949
-4.661	-29.996
-4.677	-30.005
-4.706	-30.017
-4.717	-30.034
-4.805	-30.160
-4.892	-30.287
-4.975	-30.417
-5.073	-30.573
-5.124	-30.685
-5.182	-30.863
-5.193	-30.896
-5.196	-30.931
-5.200	-30.965
-5.202	-30.979
-5.203	-30.994
-5.200	-31.007
-5.169	-31.137
-5.139	-31.267
-5.099	-31.393
-5.081	-31.449
-5.055	-31.501
-5.027	-31.552
-4.953	-31.691
-4.912	-31.752
-4.807	-31.859
-4.789	-31.877
-4.769	-31.892
-4.748	-31.907
-4.649	-31.976
-4.549	-32.043
-4.449	-32.109
-4.406	-32.138
-4.357	-32.159
-4.317	-32.191
-4.208	-32.276
-4.150	-32.348
-4.080	-32.465
-4.043	-32.528
-3.981	-32.734
-3.975	-32.762
-3.958	-32.834
-3.922	-32.990
-3.934	-33.093
-3.949	-33.219
-3.973	-33.345
-3.983	-33.472
-3.988	-33.536
-3.981	-33.600
-3.979	-33.664
-3.978	-33.673
-3.978	-33.682
-3.975	-33.690
-3.962	-33.731
-3.946	-33.771
-3.932	-33.811
POLYLINE BLACK
-3.789	-29.232
-3.788	-29.227
POLYLINE BLACK
-4.083	-33.456
-3.982	-33.662
-4.019	-33.611
-3.784	-33.864
-3.698	-33.947
-3.613	-34.030
-3.527	-34.113
-3.478	-34.156
-3.425	-34.195
-3.380	-34.242
-3.320	-34.303
-3.270	-34.373
-3.214	-34.438
-3.189	-34.468
-3.159	-34.494
-3.137	-34.526
-2.835	-34.952
-3.048	-34.658
-2.851	-35.012
-2.660	-35.352
-2.498	-35.711
-2.270	-36.027
-2.081	-36.288
-1.512	-36.854
-1.174	-37.056
-1.010	-37.154
-0.140	-37.538
0.080	-37.664
0.268	-37.772
0.431	-37.922
0.624	-38.021
0.866	-38.144
1.130	-38.218
1.380	-38.326
1.467	-38.363
1.603	-38.489
1.659	-38.536
POLYLINE BLACK
0.634	-32.188
1.017	-32.757
0.942	-32.669
1.489	-33.327
1.539	-33.388
1.603	-33.436
1.654	-33.495
1.720	-33.571
1.747	-33.644
1.825	-33.701
1.922	-33.772
2.024	-33.835
2.122	-33.903
2.179	-33.943
2.240	-33.979
2.292	-34.027
2.415	-34.142
2.517	-34.278
2.643	-34.390
2.768	-34.501
2.915	-34.586
3.042	-34.695
3.348	-34.959
3.485	-35.118
3.733	-35.421
3.824	-35.533
3.925	-35.637
3.998	-35.761
4.038	-35.828
4.281	-36.308
4.322	-36.513
4.350	-36.650
4.362	-36.790
4.381	-36.928
POLYLINE BLACK
4.130	-37.772
4.096	-37.799
4.063	-37.829
4.028	-37.855
4.008	-37.869
3.985	-37.880
3.963	-37.890
3.857	-37.942
3.747	-37.987
3.643	-38.043
3.552	-38.094
3.470	-38.160
3.380	-38.211
3.346	-38.230
3.309	-38.241
3.272	-38.254
3.195	-38.282
3.112	-38.295
3.040	-38.334
2.699	-38.516
2.478	-38.619
2.241	-38.861
2.203	-38.900
2.164	-38.939
2.134	-38.985
2.100	-39.037
2.079	-39.096
2.051	-39.151
POLYLINE BLACK
4.316	-37.753
4.304	-37.710
4.289	-37.668
4.281	-37.624
4.249	-37.456
4.324	-37.034
4.325	-37.015
4.329	-36.947
4.319	-36.879
4.316	-36.812
POLYLINE BLUE
5.341	-38.203
5.320	-38.221
5.304	-38.240
5.279	-38.250
5.211	-38.278
5.079	-38.254
5.032	-38.245
4.925	-38.226
4.799	-38.188
4.701	-38.135
4.485	-38.017
4.180	-37.681
4.079	-37.592
2.544	-36.238
3.926	-37.447
2.833	-36.592
2.611	-36.417
2.615	-36.351
2.395	-36.143
2.297	-36.051
2.193	-35.966
2.085	-35.886
1.826	-35.698
1.666	-35.624
1.367	-35.501
1.176	-35.423
1.226	-35.462
1.049	-35.415
0.989	-35.399
0.958	-35.367
0.906	-35.329
POLYLINE BLUE
0.895	-35.371
0.863	-35.397
0.831	-35.424
0.788	-35.421
0.518	-35.405
0.249	-35.360
-0.022	-35.371
-0.377	-35.384
-0.729	-35.443
-1.081	-35.494
-1.183	-35.508
-1.280	-35.542
-1.379	-35.568
-1.390	-35.570
-1.400	-35.575
-1.410	-35.580
-1.459	-35.606
-1.497	-35.659
-1.526	-35.698
-1.544	-35.721
-1.557	-35.746
-1.570	-35.772
-1.624	-35.886
-1.643	-35.959
-1.635	-36.089
-1.632	-36.130
-1.614	-36.254
-1.591	-36.314
-1.571	-36.364
-1.514	-36.426
-1.485	-36.452
-1.201	-36.706
-1.349	-36.512
-1.148	-36.766
-1.139	-36.778
-1.131	-36.790
-1.127	-36.804
-1.087	-36.924
-1.061	-37.083
-1.081	-37.205
-1.086	-37.231
-1.093	-37.257
-1.097	-37.283
-1.112	-37.370
-1.124	-37.457
-1.139	-37.544
-1.145	-37.579
-1.152	-37.584
-1.151	-37.613
-1.150	-37.656
-1.121	-37.693
-1.098	-37.726
-1.086	-37.742
-1.075	-37.759
-1.060	-37.770
-0.898	-37.889
-0.734	-38.007
-0.565	-38.116
-0.521	-38.144
-0.471	-38.161
-0.423	-38.181
-0.410	-38.187
-0.395	-38.194
-0.381	-38.192
-0.368	-38.191
-0.360	-38.179
-0.349	-38.172
POLYLINE BLUE
0.405	-38.088
0.554	-37.869
0.703	-37.651
0.852	-37.432
0.879	-37.406
0.903	-37.376
0.932	-37.353
1.004	-37.297
1.079	-37.246
1.155	-37.196
1.175	-37.182
1.244	-37.146
1.277	-37.143
1.483	-37.123
1.500	-37.122
1.689	-37.161
1.706	-37.164
1.722	-37.170
1.736	-37.178
1.776	-37.199
1.816	-37.222
1.853	-37.247
1.869	-37.257
1.883	-37.269
1.895	-37.284
1.958	-37.359
2.021	-37.434
2.077	-37.514
2.139	-37.604
2.199	-37.696
2.248	-37.794
2.293	-37.885
2.326	-38.009
2.335	-38.114
2.346	-38.241
2.298	-38.380
2.263	-38.494
2.000	-39.343
2.176	-38.637
2.042	-39.204
POLYLINE GREEN
1.901	-37.474
1.745	-37.428
1.774	-37.443
1.563	-37.310
1.516	-37.281
1.475	-37.245
1.434	-37.208
1.395	-37.173
1.361	-37.133
1.324	-37.095
1.289	-37.060
1.250	-37.029
1.217	-36.991
1.163	-36.929
1.119	-36.859
1.065	-36.796
0.981	-36.698
0.869	-36.603
0.796	-36.490
0.779	-36.457
0.761	-36.423
0.744	-36.389
0.736	-36.375
0.731	-36.359
0.722	-36.345
0.682	-36.281
0.643	-36.216
0.597	-36.155
0.581	-36.134
0.483	-36.008
0.422	-35.967
0.266	-35.858
0.363	-35.935
0.303	-35.886
POLYLINE GREEN
0.297	-35.899
0.297	-35.899
POLYLINE GREEN
0.220	-35.906
-0.466	-35.394
0.036	-35.783
-0.221	-35.568
-0.231	-35.559
-0.244	-35.552
-0.254	-35.542
-0.352	-35.439
-0.446	-35.333
-0.542	-35.229
-0.552	-35.219
-0.563	-35.209
-0.572	-35.198
-0.595	-35.170
-0.614	-35.139
-0.640	-35.113
-0.675	-35.076
-0.714	-35.043
-0.754	-35.010
-0.804	-34.969
-0.851	-34.964
-0.914	-34.937
-0.944	-34.924
-0.957	-34.909
-0.982	-34.887
POLYLINE GREEN
-2.043	-34.460
-2.110	-34.162
-2.074	-34.267
-2.228	-33.918
-2.236	-33.901
-2.246	-33.886
-2.257	-33.873
-2.448	-33.653
-2.506	-33.587
-2.768	-33.420
-2.845	-33.370
-3.044	-33.252
-3.174	-33.254
-3.485	-33.260
-3.629	-33.273
-3.951	-33.385
-4.070	-33.426
-4.184	-33.484
-4.290	-33.552
-4.460	-33.660
-4.619	-33.786
-4.778	-33.910
-4.810	-33.935
-4.838	-33.966
-4.864	-33.997
-5.117	-34.298
-5.124	-34.299
-5.295	-34.604
-5.445	-34.872
-5.528	-34.967
-5.588	-35.217
-5.597	-35.256
-5.602	-35.295
-5.605	-35.335
-5.611	-35.457
-5.568	-35.581
-5.518	-35.690
-5.469	-35.795
-5.426	-35.903
-5.361	-35.999
-5.288	-36.106
-5.099	-36.332
-4.962	-36.431
-4.607	-36.685
-4.353	-36.783
-3.882	-36.931
-3.780	-36.962
-3.272	-37.099
-3.044	-37.058
-2.803	-37.015
-2.618	-36.973
-2.415	-36.871
-2.382	-36.854
-2.335	-36.811
-2.315	-36.784
-2.194	-36.616
-2.129	-36.511
-2.060	-36.315
-2.008	-36.168
-1.964	-36.018
-1.924	-35.868
-1.861	-35.635
-1.879	-35.634
-1.843	-35.427
-1.816	-35.276
-1.778	-35.162
-1.781	-35.014
-1.782	-34.980
-1.787	-34.946
-1.795	-34.913
-1.889	-34.529
-1.867	-34.611
-1.996	-34.310
POLYLINE GREEN
-1.012	-35.016
-1.118	-34.952
-1.234	-34.901
-1.331	-34.825
-1.637	-34.587
-1.888	-34.312
-2.155	-34.037
POLYLINE GREEN
1.461	-38.495
1.443	-38.502
1.425	-38.510
1.407	-38.514
1.393	-38.518
1.379	-38.522
1.365	-38.520
1.228	-38.504
1.090	-38.491
0.956	-38.461
0.847	-38.436
0.743	-38.393
0.637	-38.356
0.405	-38.277
0.177	-38.189
-0.056	-38.113
-0.104	-38.097
-0.155	-38.090
-0.206	-38.082
-0.225	-38.079
-0.244	-38.081
-0.263	-38.081
-0.318	-38.081
-0.575	-38.107
-0.700	-38.075
-0.724	-38.069
-0.746	-38.059
-0.768	-38.050
-0.999	-37.961
-0.834	-38.025
-0.995	-37.956
-1.092	-37.914
-1.098	-37.923
-1.214	-37.844
-1.287	-37.795
-1.352	-37.736
-1.423	-37.684
-1.458	-37.659
-1.495	-37.639
-1.531	-37.615
-1.679	-37.516
-1.817	-37.401
-1.974	-37.316
-3.523	-36.472
-2.326	-37.199
-2.645	-37.005
POLYLINE GREEN
-1.432	-25.057
-1.662	-25.013
-1.637	-25.008
-1.965	-25.034
-2.033	-25.040
-2.100	-25.060
-2.167	-25.076
-2.182	-25.080
-2.198	-25.086
-2.210	-25.094
-2.289	-25.149
-2.365	-25.209
-2.421	-25.287
-2.550	-25.463
-2.670	-25.645
-2.799	-25.822
-2.813	-25.842
-2.832	-25.859
-2.851	-25.874
-2.900	-25.914
-2.958	-25.955
-3.023	-25.963
-3.119	-25.975
-3.160	-25.966
-3.267	-25.943
-3.298	-25.936
-3.352	-25.916
-3.382	-25.896
-3.849	-25.577
-3.287	-25.956
-3.614	-25.718
-3.629	-25.707
-3.646	-25.699
-3.663	-25.692
-3.765	-25.648
-3.777	-25.650
-3.886	-25.624
POLYLINE GREEN
-4.745	-23.461
-4.723	-23.454
-4.701	-23.449
-4.680	-23.442
-4.658	-23.433
-4.622	-23.408
-4.608	-23.392
-4.402	-23.154
-4.197	-22.916
-3.998	-22.674
-3.974	-22.646
-3.942	-22.569
-3.936	-22.533
-3.903	-22.357
-3.916	-21.997
-3.919	-21.900
-3.921	-21.833
-3.952	-21.763
-3.974	-21.702
-4.018	-21.579
-4.047	-21.504
-4.088	-21.360
-4.101	-21.317
-4.100	-21.273
-4.097	-21.230
-4.095	-21.209
-4.089	-21.188
-4.073	-21.174
-4.064	-21.167
-4.054	-21.161
-4.042	-21.158
-3.980	-21.139
-3.917	-21.122
-3.854	-21.104
POLYLINE GREEN
-4.018	-21.078
-3.983	-21.084
-3.950	-21.094
-3.915	-21.097
-3.784	-21.107
-3.653	-21.075
-3.536	-21.018
-3.497	-20.999
-3.392	-20.939
-3.349	-20.894
-3.292	-20.834
-3.257	-20.776
-3.224	-20.699
-3.178	-20.589
-3.157	-20.492
-3.171	-20.375
-3.188	-20.241
-3.245	-20.180
-3.293	-20.032
-3.404	-19.682
-3.440	-19.777
-3.373	-19.634
POLYLINE GREEN
-4.762	-22.145
-4.656	-22.130
-4.510	-22.251
-4.384	-22.219
-4.366	-22.214
-4.348	-22.207
-4.330	-22.201
POLYLINE GREEN
-3.763	-20.304
-3.737	-20.321
-3.711	-20.339
-3.683	-20.353
-3.649	-20.371
-3.553	-20.396
-3.527	-20.399
-3.504	-20.402
-3.482	-20.395
-3.459	-20.392
POLYLINE GREEN
-0.718	-10.717
-0.971	-10.773
-1.233	-10.800
-1.478	-10.886
-2.111	-11.107
-2.845	-11.536
-3.260	-12.084
-3.615	-12.554
-3.658	-12.886
-3.895	-13.455
-3.939	-13.560
-4.002	-13.656
-4.048	-13.759
-4.106	-13.889
-4.106	-14.121
-4.055	-14.253
-4.035	-14.307
-4.007	-14.358
-3.983	-14.410
POLYLINE GREEN
-0.796	-10.426
-0.860	-10.342
-0.932	-10.264
-0.987	-10.174
-1.124	-9.948
-1.227	-9.705
-1.232	-9.438
-1.234	-9.278
-1.220	-9.118
-1.223	-8.958
-1.225	-8.827
-1.289	-8.680
-1.339	-8.570
-1.384	-8.470
-1.440	-8.383
-1.517	-8.305
-1.629	-8.192
-1.673	-8.182
-1.747	-8.071
-1.817	-7.965
-1.807	-7.878
-1.807	-7.757
POLYLINE GREEN
-4.083	-14.543
-4.211	-14.076
-4.314	-13.602
-4.466	-13.143
-4.581	-12.796
-4.746	-12.469
-4.882	-12.130
-4.895	-12.095
-4.903	-12.043
-4.902	-12.005
-4.900	-11.955
-4.887	-11.901
-4.866	-11.856
-4.785	-11.678
-4.741	-11.617
-4.588	-11.468
-4.382	-11.266
-4.024	-11.014
-3.849	-10.728
-3.591	-10.305
-3.549	-9.877
-3.536	-9.379
-3.530	-9.155
-3.560	-8.931
-3.572	-8.707
POLYLINE GREEN
-3.745	-6.345
-3.465	-5.977
-3.191	-5.604
-2.906	-5.240
-2.793	-5.096
-2.629	-5.018
-2.453	-4.984
-2.397	-4.973
-2.316	-4.967
-2.266	-5.003
-2.185	-5.062
-2.188	-5.201
-2.190	-5.284
-2.191	-5.317
-2.191	-5.351
-2.203	-5.382
-2.344	-5.753
-2.503	-6.116
-2.648	-6.485
-2.673	-6.550
-2.693	-6.640
-2.641	-6.698
-2.635	-6.705
-2.628	-6.713
-2.619	-6.717
-2.524	-6.762
-2.428	-6.808
-2.333	-6.853
-2.328	-6.851
-2.315	-6.850
-2.319	-6.847
-2.361	-6.815
-2.408	-6.789
-2.452	-6.760
POLYLINE GREEN
-2.414	-8.089
-2.414	-8.089
POLYLINE GREEN
-2.344	-7.912
-2.387	-7.883
-2.435	-7.836
-2.490	-7.821
-2.580	-7.796
-2.684	-7.843
-2.751	-7.900
-2.837	-7.973
-2.902	-8.072
-2.937	-8.178
-2.988	-8.331
-2.968	-8.560
-2.854	-8.683
-2.791	-8.752
-2.687	-8.788
-2.596	-8.793
-2.504	-8.799
-2.398	-8.778
-2.338	-8.703
-2.236	-8.575
-2.232	-8.354
-2.218	-8.218
-2.207	-8.111
-2.216	-7.949
-2.284	-7.855
-2.362	-7.746
-2.437	-7.747
-2.567	-7.712
POLYLINE GREEN
-3.059	-14.657
-2.972	-14.623
-2.883	-14.595
-2.798	-14.555
-2.748	-14.532
-2.700	-14.502
-2.656	-14.468
-2.293	-14.190
-1.946	-13.890
-1.577	-13.620
-1.312	-13.426
-1.023	-13.266
-0.756	-13.074
-0.672	-13.014
-0.550	-12.897
-0.487	-12.795
-0.379	-12.619
-0.391	-12.381
-0.402	-12.189
-0.418	-11.905
-0.489	-11.745
-0.542	-11.467
-0.554	-11.407
-0.543	-11.329
-0.531	-11.270
-0.494	-11.096
-0.436	-10.956
-0.458	-10.773
-0.462	-10.738
-0.496	-10.714
-0.514	-10.684
POLYLINE GREEN
-2.608	-12.882
-2.127	-12.542
-2.485	-12.774
-1.449	-12.336
POLYLINE GREEN
-3.086	-36.947
-3.006	-36.716
-2.985	-36.682
-2.958	-36.363
-2.947	-36.230
-2.959	-36.096
-2.964	-35.963
-2.965	-35.939
-2.969	-35.914
-2.977	-35.891
-3.017	-35.780
-3.057	-35.669
-3.097	-35.558
-3.127	-35.491
-3.164	-35.427
-3.188	-35.358
-3.231	-35.231
-3.264	-35.101
-3.296	-34.972
-3.309	-34.921
-3.308	-34.867
-3.325	-34.817
-3.359	-34.719
-3.401	-34.623
-3.448	-34.531
-3.515	-34.398
-3.577	-34.317
-3.673	-34.211
-3.726	-34.152
-3.786	-34.098
-3.838	-34.037
-3.894	-33.972
-3.939	-33.898
-3.998	-33.836
-4.082	-33.747
-4.178	-33.670
-4.268	-33.587
-4.270	-33.585
-4.272	-33.580
-4.272	-33.577
-4.276	-33.555
-4.245	-33.532
-4.233	-33.522
-4.205	-33.502
-4.177	-33.484
-4.149	-33.465
POLYLINE GREEN
-4.473	-35.225
-4.451	-35.249
-4.420	-35.284
-4.385	-35.289
-4.287	-35.305
-4.188	-35.321
-4.089	-35.327
-3.830	-35.342
-3.673	-35.294
-3.791	-35.329
POLYLINE RED
-0.102	-35.023
-0.134	-35.023
-0.166	-35.026
-0.198	-35.023
-0.217	-35.022
-0.236	-35.019
-0.254	-35.012
-0.454	-34.927
-0.650	-34.831
-0.851	-34.748
-0.883	-34.734
-0.917	-34.728
-0.951	-34.721
-1.064	-34.697
-1.179	-34.684
-1.290	-34.655
-1.383	-34.631
-1.487	-34.573
-1.565	-34.518
-1.718	-34.411
-1.880	-34.084
-1.915	-34.020
-2.097	-33.681
-2.110	-33.400
-2.168	-33.003
-2.174	-32.966
-2.178	-32.928
-2.170	-32.892
-2.105	-32.596
-2.011	-32.307
-1.952	-32.010
-1.828	-31.385
-1.977	-31.615
-1.780	-31.008
-1.701	-30.767
-1.478	-30.351
-1.343	-30.149
-1.272	-30.043
-1.186	-29.948
-1.101	-29.853
-1.079	-29.828
-1.050	-29.808
-1.023	-29.789
-1.000	-29.776
-0.976	-29.763
-0.953	-29.750
-0.950	-29.751
-0.945	-29.751
-0.945	-29.754
-0.945	-29.761
-0.950	-29.768
-0.955	-29.775
-0.972	-29.800
-0.990	-29.824
-1.008	-29.848
POLYLINE RED
-3.598	-27.356
-3.578	-27.416
-3.573	-27.455
-3.540	-27.504
-3.531	-27.517
-3.521	-27.529
-3.510	-27.542
-3.427	-27.636
-3.332	-27.720
-3.260	-27.822
-3.053	-28.115
-2.877	-28.353
-2.767	-28.672
-2.726	-28.793
-2.766	-28.993
-2.821	-29.102
-2.858	-29.175
-3.001	-29.524
-3.151	-29.630
-3.215	-29.675
-3.300	-29.696
-3.377	-29.700
-3.481	-29.706
-3.581	-29.667
-3.684	-29.684
-3.773	-29.698
-3.820	-29.712
-3.897	-29.750
-3.915	-29.759
-3.930	-29.777
-3.950	-29.782
-3.994	-29.792
-4.040	-29.790
-4.084	-29.794
POLYLINE RED
-2.223	-25.177
-2.223	-25.177
POLYLINE RED
-2.179	-25.122
-2.133	-24.719
-2.163	-24.871
-1.859	-24.180
-1.794	-24.030
-1.712	-23.887
-1.624	-23.749
-1.564	-23.654
-1.489	-23.568
-1.415	-23.482
-1.366	-23.424
-1.269	-23.372
-1.231	-23.306
-1.040	-22.965
-1.079	-23.044
-0.975	-22.753
POLYLINE RED
-0.699	-24.684
-0.788	-24.367
-0.826	-24.326
-0.835	-24.043
-0.842	-23.858
-0.813	-23.980
-0.815	-23.812
-0.817	-23.725
-0.828	-23.639
-0.831	-23.552
-0.831	-23.534
-0.836	-23.512
-0.824	-23.499
-0.799	-23.471
-0.761	-23.459
-0.729	-23.439
POLYLINE RED
-2.894	-25.771
-2.902	-25.760
-3.135	-25.475
-3.177	-25.342
-3.226	-25.189
-3.219	-25.073
-3.248	-24.905
-3.282	-24.703
-3.333	-24.504
-3.364	-24.301
-3.427	-23.882
-3.474	-23.993
-3.350	-23.798
POLYLINE RED
-3.865	-25.609
-3.784	-25.298
-3.733	-25.225
-3.744	-24.941
-3.755	-24.648
-3.807	-24.568
-3.764	-24.323
-3.731	-24.138
-3.717	-24.138
-3.634	-23.982
POLYLINE RED
4.088	-37.643
3.959	-37.586
3.828	-37.533
3.702	-37.471
3.665	-37.452
3.632	-37.427
3.600	-37.401
3.229	-37.100
2.855	-36.801
2.493	-36.489
2.435	-36.439
2.397	-36.369
2.341	-36.316
2.259	-36.248
2.177	-36.180
2.095	-36.112
2.030	-36.069
1.959	-36.036
1.900	-35.984
1.641	-35.755
1.481	-35.488
1.153	-35.375
0.975	-35.313
0.847	-35.400
0.648	-35.421
0.547	-35.432
0.445	-35.425
0.344	-35.425
-0.040	-35.421
-0.423	-35.408
-0.807	-35.409
-0.840	-35.409
-0.873	-35.418
-0.905	-35.429
-0.956	-35.446
-1.008	-35.465
-1.055	-35.492
-1.207	-35.579
-1.354	-35.675
-1.501	-35.770
-1.514	-35.779
-1.525	-35.790
-1.535	-35.802
-1.545	-35.813
-1.554	-35.825
-1.562	-35.839
-1.584	-35.880
-1.607	-35.921
-1.625	-35.964
-1.677	-36.088
-1.665	-36.287
-1.667	-36.388
-1.667	-36.416
-1.663	-36.494
-1.647	-36.531
-1.631	-36.567
-1.595	-36.628
-1.566	-36.660
-1.544	-36.684
-1.518	-36.704
-1.494	-36.727
POLYLINE RED
-0.306	-38.391
-0.332	-38.378
-0.359	-38.367
-0.384	-38.352
-0.404	-38.339
-0.422	-38.325
-0.438	-38.309
-0.522	-38.228
-0.602	-38.142
-0.686	-38.060
-0.807	-37.942
-0.901	-37.886
-0.962	-37.736
-0.970	-37.718
-0.975	-37.699
-0.979	-37.680
-0.996	-37.608
-1.013	-37.537
-1.025	-37.465
-1.035	-37.404
-1.036	-37.343
-1.047	-37.283
-1.053	-37.252
-1.063	-37.221
-1.076	-37.192
-1.103	-37.127
-1.135	-37.068
-1.200	-37.037
-1.202	-37.036
-1.205	-37.037
-1.207	-37.037
-1.242	-37.049
-1.277	-37.062
-1.312	-37.074
POLYLINE RED
2.079	-39.188
2.088	-39.057
2.083	-39.012
2.135	-38.878
2.185	-38.748
2.258	-38.627
2.305	-38.496
2.330	-38.428
2.339	-38.354
2.349	-38.282
2.373	-38.119
2.410	-37.892
2.358	-37.722
2.323	-37.610
2.241	-37.531
2.156	-37.454
2.040	-37.350
1.931	-37.268
1.793	-37.197
1.757	-37.179
1.717	-37.169
1.678	-37.158
1.568	-37.128
1.467	-37.134
1.358	-37.173
1.268	-37.205
1.179	-37.240
1.097	-37.288
0.877	-37.416
0.742	-37.523
0.634	-37.746
0.585	-37.846
0.551	-37.951
0.511	-38.054
0.503	-38.074
0.521	-38.094
0.537	-38.101
0.583	-38.122
0.641	-38.123
0.688	-38.130
POLYLINE RED
2.135	-39.274
2.145	-39.291
2.153	-39.309
2.163	-39.325
2.172	-39.338
2.183	-39.351
2.195	-39.362
2.254	-39.418
2.311	-39.477
2.377	-39.525
2.426	-39.562
2.480	-39.591
2.537	-39.614
2.617	-39.646
2.704	-39.658
2.785	-39.689
3.084	-39.806
2.910	-39.780
3.151	-39.841
3.171	-39.845
3.191	-39.847
3.210	-39.847
3.235	-39.847
3.260	-39.844
3.284	-39.841
3.352	-39.833
3.419	-39.819
3.487	-39.814
3.642	-39.802
3.859	-39.890
3.968	-39.924
4.013	-39.938
4.056	-39.956
4.097	-39.979
4.196	-40.038
4.288	-40.107
4.385	-40.169
4.493	-40.238
4.407	-40.139
4.567	-40.318
4.630	-40.389
4.683	-40.468
4.743	-40.542
4.748	-40.548
4.754	-40.553
4.761	-40.557
4.808	-40.590
4.870	-40.595
4.924	-40.578
4.951	-40.570
4.968	-40.555
4.994	-40.539
POLYLINE RED
5.137	-40.584
5.492	-39.977
4.914	-40.941
5.609	-39.942
5.711	-39.796
5.778	-39.628
5.880	-39.482
5.938	-39.399
6.017	-39.332
6.085	-39.256
6.106	-39.232
6.117	-39.213
6.142	-39.195
6.167	-39.177
6.202	-39.164
6.233	-39.167
6.247	-39.169
6.260	-39.172
6.273	-39.174
POLYLINE RED
6.543	-38.326
6.536	-38.302
6.530	-38.266
6.502	-38.258
6.493	-38.255
6.483	-38.251
6.474	-38.250
6.439	-38.248
6.403	-38.248
6.368	-38.250
6.352	-38.251
6.312	-38.257
6.300	-38.275
6.292	-38.289
6.295	-38.307
6.299	-38.321
6.306	-38.352
6.321	-38.378
6.342	-38.401
6.347	-38.408
6.355	-38.414
6.362	-38.418
6.391	-38.432
6.429	-38.416
6.449	-38.393
6.459	-38.382
6.465	-38.371
6.470	-38.357
6.481	-38.329
6.475	-38.305
6.471	-38.275
POLYLINE RED
6.462	-38.644
6.413	-38.623
6.380	-38.611
6.329	-38.625
6.289	-38.636
6.264	-38.661
6.243	-38.696
6.220	-38.735
6.211	-38.772
6.243	-38.808
6.255	-38.822
6.272	-38.831
6.291	-38.833
6.307	-38.834
6.324	-38.829
6.338	-38.822
6.385	-38.796
6.405	-38.754
6.414	-38.703
6.419	-38.679
6.417	-38.650
6.399	-38.631
6.388	-38.619
6.373	-38.615
6.358	-38.610
POLYLINE RED
6.300	-38.908
6.282	-38.900
6.243	-38.877
6.217	-38.875
6.193	-38.872
6.169	-38.873
6.146	-38.873
6.140	-38.873
6.134	-38.874
6.128	-38.875
6.116	-38.877
6.105	-38.884
6.097	-38.892
6.078	-38.912
6.080	-38.937
6.091	-38.960
6.102	-38.984
6.120	-39.004
6.146	-39.011
6.194	-39.024
6.245	-38.928
6.255	-38.916
6.256	-38.914
6.257	-38.912
6.257	-38.909
6.257	-38.904
6.247	-38.907
6.247	-38.907
6.242	-38.909
6.238	-38.910
6.234	-38.912
6.219	-38.919
6.204	-38.927
6.190	-38.934
POLYLINE RED
5.952	-38.233
5.932	-38.226
5.911	-38.215
5.889	-38.218
5.837	-38.226
5.787	-38.293
5.800	-38.345
5.811	-38.385
5.857	-38.407
5.895	-38.390
5.918	-38.380
5.942	-38.352
5.953	-38.331
5.959	-38.322
6.004	-38.254
6.002	-38.217
6.001	-38.190
5.987	-38.165
5.973	-38.144
5.948	-38.105
5.905	-38.078
5.858	-38.084
5.830	-38.087
5.819	-38.102
5.795	-38.121
POLYLINE RED
5.292	-38.316
5.307	-38.320
5.322	-38.325
5.337	-38.328
5.361	-38.333
5.399	-38.328
5.417	-38.321
5.536	-38.275
5.653	-38.223
5.770	-38.173
5.801	-38.160
5.803	-38.154
5.837	-38.149
5.948	-38.133
6.060	-38.176
6.170	-38.159
6.187	-38.156
6.206	-38.149
6.221	-38.143
POLYLINE RED
6.246	-39.190
6.289	-39.159
6.306	-39.152
6.338	-39.111
6.355	-39.088
6.372	-39.065
6.385	-39.040
6.395	-39.021
6.417	-38.955
6.440	-38.924
6.454	-38.907
6.464	-38.902
6.482	-38.889
6.514	-38.867
6.548	-38.848
6.578	-38.824
6.602	-38.804
6.651	-38.760
6.673	-38.723
6.683	-38.706
6.696	-38.664
6.700	-38.652
POLYLINE RED
6.625	-38.891
6.644	-38.813
6.666	-38.737
6.684	-38.659
6.686	-38.647
6.690	-38.610
6.686	-38.595
6.677	-38.561
6.664	-38.529
6.655	-38.495
6.652	-38.487
6.652	-38.479
6.652	-38.472
6.651	-38.467
6.649	-38.460
6.652	-38.457
6.662	-38.448
6.676	-38.444
6.688	-38.438
POLYLINE RED
6.737	-38.501
6.743	-38.472
6.737	-38.412
6.761	-38.380
6.772	-38.366
6.789	-38.352
6.801	-38.341

ELEVATION
STATIONS
0.000	0.000	0
4.924	-0.016	1
4.939	-0.255	2
7.978	-2.369	3
4.567	-7.386	4
2.745	-11.427	5
-1.435	-12.407	6
-3.779	-16.831	7
0.781	-18.928	8
1.648	-21.299	9
5.196	-23.589	10
0.991	-24.193	11
0.052	-27.020	12
-0.179	-20.675	9.1
-2.817	-23.050	9.2
-5.500	-28.812	9.3
SHOTS
0.000	0.000	4.924	-0.016
4.924	-0.016	4.939	-0.255
4.939	-0.255	5.201	-1.815
4.939	-0.255	5.936	-0.105
4.939	-0.255	7.651	-0.218
4.939	-0.255	4.251	-0.367
4.939	-0.255	5.250	-1.990
4.939	-0.255	6.381	-2.256
4.939	-0.255	7.978	-2.369
7.978	-2.369	4.571	-2.029
7.978	-2.369	6.116	0.369
7.978	-2.369	7.968	-3.820
7.978	-2.369	4.567	-7.386
4.567	-7.386	2.745	-11.427
2.745	-11.427	0.612	-8.747
2.745	-11.427	-2.524	-10.347
2.745	-11.427	-1.186	-6.996
2.745	-11.427	-0.798	-7.524
2.745	-11.427	-3.903	-2.202
2.745	-11.427	-1.806	-10.630
2.745	-11.427	1.885	-10.969
2.745	-11.427	1.810	-12.996
2.745	-11.427	0.681	-5.985
2.745	-11.427	-1.435	-12.407
-1.435	-12.407	-2.099	-12.563
-1.435	-12.407	-4.287	-11.632
-1.435	-12.407	-4.933	-9.458
-1.435	-12.407	-1.499	-12.245
-1.435	-12.407	-4.509	-6.332
-1.435	-12.407	-2.393	-18.854
-1.435	-12.407	-3.553	-14.507
-1.435	-12.407	-1.687	-14.324
-1.435	-12.407	-3.779	-16.831
-3.779	-16.831	-0.904	-16.932
-3.779	-16.831	-3.896	-18.515
-3.779	-16.831	-2.181	-15.802
-3.779	-16.831	0.781	-18.928
0.781	-18.928	-1.201	-25.739
0.781	-18.928	-4.074	-18.707
0.781	-18.928	-4.175	-18.835
0.781	-18.928	-4.044	-19.388
0.781	-18.928	1.648	-21.299
1.648	-21.299	4.169	-21.148
1.648	-21.299	4.408	-21.163
1.648	-21.299	4.334	-20.847
1.648	-21.299	1.846	-22.724
1.648	-21.299	3.453	-24.801
1.648	-21.299	2.303	-20.670
1.648	-21.299	0.355	-21.579
1.648	-21.299	1.924	-21.816
1.648	-21.299	0.409	-21.708
1.648	-21.299	-4.272	-23.263
1.648	-21.299	0.397	-21.714
1.648	-21.299	5.196	-23.589
5.196	-23.589	6.133	-24.739
5.196	-23.589	4.838	-25.265
5.196	-23.589	4.642	-23.800
5.196	-23.589	5.439	-23.748
5.196	-23.589	2.007	-22.970
5.196	-23.589	2.315	-22.682
5.196	-23.589	4.275	-22.491
5.196	-23.589	1.408	-23.629
5.196	-23.589	3.133	-23.722
5.196	-23.589	3.194	-23.721
5.196	-23.589	4.250	-24.584
5.196	-23.589	1.493	-24.486
5.196	-23.589	2.651	-24.552
5.196	-23.589	0.991	-24.193
0.991	-24.193	3.279	-24.060
0.991	-24.193	1.564	-24.081
0.991	-24.193	1.295	-24.169
0.991	-24.193	0.917	-24.367
0.991	-24.193	0.817	-24.359
0.991	-24.193	-1.052	-24.841
0.991	-24.193	-1.229	-24.498
0.991	-24.193	-1.612	-25.040
0.991	-24.193	0.052	-27.020
0.052	-27.020	0.052	-26.397
0.052	-27.020	-0.135	-28.171
1.648	-21.299	-0.179	-20.675
-0.179	-20.675	-0.103	-22.577
-0.179	-20.675	-0.338	-22.155
-0.179	-20.675	-0.881	-22.299
-0.179	-20.675	-3.302	-21.034
-0.179	-20.675	-5.026	-21.596
-0.179	-20.675	-3.278	-22.412
-0.179	-20.675	-2.817	-23.050
-2.817	-23.050	-2.143	-22.872
-2.817	-23.050	-1.480	-20.206
-2.817	-23.050	-4.302	-29.182
-2.817	-23.050	-2.713	-24.308
-2.817	-23.050	-1.969	-24.009
-2.817	-23.050	-3.985	-25.641
-2.817	-23.050	-3.377	-25.882
-2.817	-23.050	-5.105	-25.784
-2.817	-23.050	-3.097	-23.419
-2.817	-23.050	-4.267	-24.965
-2.817	-23.050	-5.500	-28.812

