TRIP
DATE 2025-08-18
DECLINATION 0.0
DATA
0		166.02	37.97	3.946	>
0		166.01	37.98	3.938	>
0		166.11	38.03	3.935	>
0	1	166.05	37.99	3.940	>
1		47.26	-6.56	2.213	>
1		47.41	-6.74	2.211	>
1		47.49	-6.80	2.211	>
1	2	47.39	-6.70	2.212	>
2		198.78	3.92	1.054	>
2		147.18	-3.80	4.956	>
2		209.59	-67.96	1.315	>
2		226.92	-65.14	1.541	>
2		223.52	67.21	4.268	>
2		142.65	-37.35	2.420	>
2		142.69	-37.40	2.419	>
2		142.75	-37.41	2.422	>
2	3	142.70	-37.39	2.420	>
3		142.56	-37.13	2.389	>
3		142.48	-37.06	2.388	>
3		142.66	-37.28	2.404	>
3		31.44	2.52	0.395	>
3		31.72	-0.76	0.388	>
3		340.83	-39.35	0.668	>
3		84.83	80.86	1.622	>
3		244.26	-82.83	9.119	>
3		245.92	-81.71	10.616	>
3		245.20	-81.78	10.708	>
3	4	245.50	-81.75	10.700	>
4		352.20	2.29	2.215	>
4		298.11	-0.48	2.994	>
4		289.09	-0.31	2.795	>
4		257.85	-1.22	1.012	>
4		348.53	-54.07	1.557	>
4		291.35	48.97	5.401	>
4		294.49	-5.49	8.214	>
4		294.42	-5.54	8.214	>
4		294.36	-5.58	8.214	>
4	5	294.42	-5.54	8.214	>
5		196.05	2.99	0.589	>
5		235.20	82.84	2.891	>
5		337.05	-78.32	7.050	>
5		337.56	-78.35	7.053	>
5		337.70	-78.41	7.056	>
5		208.40	-19.93	0.156	>
5		335.60	-78.12	7.104	>
5		334.90	-78.28	7.049	>
5		334.68	-78.03	7.053	>
5	6	335.06	-78.15	7.069	>
6		216.78	-3.36	1.656	>
6		197.12	-3.48	1.880	>
6		172.58	-3.07	2.540	>
6		153.87	-2.49	3.165	>
6		115.72	2.07	2.118	>
6		81.10	-1.69	0.962	>
6		228.48	2.01	1.299	>
6		301.71	2.83	0.251	>
6		243.26	48.69	2.074	>
6		226.63	49.47	3.456	>
6		285.16	67.03	9.149	>
6		138.05	-52.98	1.499	>
6		186.30	-54.40	4.080	>
6		151.98	8.65	4.673	>
6		151.89	8.62	4.667	>
6		152.12	8.72	4.684	>
6	7	152.00	8.66	4.675	>
7		264.87	-7.49	0.695	>
7		223.03	0.55	1.381	>
7		170.25	-0.26	1.217	>
7		191.56	-0.52	1.681	>
7		241.56	-71.83	9.941	>
7		266.46	-78.73	8.303	>
7		267.04	-78.76	8.240	>
7		267.12	-78.73	8.242	>
7	8	266.87	-78.74	8.262	>
8		230.97	-5.25	1.672	>
8		177.24	-1.99	3.023	>
8		162.27	-3.74	5.660	>
8		151.38	-4.13	5.458	>
8		139.14	-2.48	4.798	>
8		128.43	-0.37	3.577	>
8		116.28	2.41	2.531	>
8		87.84	2.21	2.016	>
8		65.03	5.76	2.270	>
8		38.34	3.35	2.199	>
8		14.53	2.61	3.047	>
8		357.58	-2.20	5.695	>
8		352.74	-2.98	4.964	>
8		349.29	-3.96	1.540	>
8		330.96	-9.31	1.061	>
8		297.42	-16.47	0.630	>
8		103.39	-57.83	1.731	>
8		152.79	-10.31	5.656	>
8		152.80	-10.43	5.656	>
8		152.82	-10.41	5.657	>
8		5.58	3.65	2.914	>
8		5.62	3.73	2.911	>
8		5.53	3.81	2.910	>
8	9	152.81	-10.38	5.656	>
9		199.17	-5.16	1.317	>
9		150.68	14.50	0.579	>
9		187.60	-20.12	0.967	>
9		223.88	-39.81	0.785	>
9		201.65	33.69	0.765	>
9		167.79	35.84	0.453	>
9		158.51	3.53	3.672	>
9		159.86	0.49	3.772	>
9		159.58	0.46	3.781	>
9		159.65	0.51	3.783	>
9	10	159.70	0.49	3.779	>
10		17.13	7.92	0.933	>
10		78.90	-84.96	0.873	>
10		265.78	-82.62	3.334	>
10		92.49	16.63	4.760	>
10		92.19	16.95	4.743	>
10		92.24	17.10	4.753	>
10	11	92.31	16.89	4.752	>
11		330.00	1.17	0.668	>
11		312.90	-75.96	0.492	>
11		319.65	46.61	0.546	>
11		48.27	25.15	3.639	>
11		18.50	37.68	0.574	>
11		48.24	26.75	3.596	>
11		47.82	27.17	3.586	>
11		47.89	27.15	14.836	>
11		48.77	27.37	3.607	>
11		48.21	27.67	3.619	>
11		48.44	27.42	3.614	>
11	12	48.48	27.49	3.613	>
12		272.37	0.83	0.512	>
12		249.60	42.45	0.413	>
12		284.02	-56.89	1.104	>
12		11.95	19.85	2.713	>
12		12.48	19.85	2.718	>
12		12.15	19.70	2.700	>
12	13	12.19	19.80	2.710	>
13		296.91	-17.64	1.112	>
13		124.72	4.64	0.546	>
13		338.51	-86.06	0.560	>
13		62.96	17.37	4.582	>
13		62.79	17.46	4.574	>
13		62.91	17.35	4.577	>
13	14	62.89	17.39	4.578	>
14		298.95	-4.34	0.602	>
14		327.40	-54.33	0.502	>
14		136.82	-4.71	1.873	>
14		14.11	24.88	2.000	>
14		13.91	25.53	2.011	>
14		13.78	25.53	2.009	>
14	15	13.93	25.31	2.007	>
15		127.45	54.64	0.379	>
15		34.58	-78.00	0.424	>
15		119.15	0.92	0.466	>
15		36.80	15.53	1.858	>
15		39.84	17.33	2.949	>
15		40.16	17.33	2.928	>
15		40.21	17.30	2.946	>
15	16	40.07	17.32	2.941	>
16		111.14	83.15	1.181	>
16		85.74	-49.51	2.723	>
16		26.57	3.95	1.011	>
16		49.13	9.30	0.865	>
16		77.13	5.28	1.208	>
16		102.01	0.82	1.525	>
16		123.51	-2.04	1.310	>
16		152.83	-12.14	1.287	>
16		153.89	-23.16	0.575	>
16		77.79	21.76	4.530	>
16		77.60	21.82	4.536	>
16		77.91	21.74	4.534	>
16		86.73	-31.21	2.716	>
16		86.92	-31.28	2.711	>
16		86.87	-31.34	2.709	>
16	17	77.76	21.77	4.533	>
17		208.61	70.08	1.421	>
17		209.52	70.15	1.421	>
17		209.40	70.46	1.424	>
17	18	209.18	70.23	1.422	>
18		84.11	-1.62	0.644	>
18		342.19	-18.35	2.545	>
18		331.89	-24.90	2.350	>
18		348.90	-12.94	1.901	>
18		158.53	9.85	2.081	>
18		158.30	10.06	2.080	>
18		158.42	9.43	2.081	>
18	19	158.41	9.78	2.081	>
19		45.34	-1.76	0.692	>
19		64.06	-77.37	0.445	>
19		29.39	46.22	0.391	>
19		113.91	26.39	2.394	>
19		113.54	26.50	2.395	>
19		113.65	26.15	2.384	>
19	20	113.70	26.35	2.391	>
20		228.96	-30.48	0.907	>
20		261.18	-69.92	0.806	>
20		168.46	4.55	4.476	>
20		168.54	4.43	4.472	>
20		168.34	4.74	4.671	>
20		168.32	4.58	4.668	>
20		168.29	4.47	4.669	>
20	21	168.31	4.60	4.669	>
21		249.39	-69.12	0.276	>
21		282.90	78.27	1.179	>
21		258.02	38.27	0.654	>
21		167.42	39.92	1.382	>
21		166.65	39.78	1.377	>
21		166.85	39.85	1.366	>
21	22	166.97	39.85	1.375	>
22		107.50	2.93	0.675	>
22		16.53	4.48	0.807	>
22		342.98	-67.24	0.898	>
22		24.57	79.11	1.237	>
22		266.11	79.10	2.230	>
22		255.39	61.69	5.426	>
22		255.70	61.52	5.430	>
22		255.90	61.57	5.428	>
22	23	255.67	61.59	5.428	>
23		22.19	2.50	1.483	>
23		57.30	1.04	1.500	>
23		89.50	0.26	1.400	>
23		121.20	1.10	0.420	>
23		143.25	27.95	1.868	>
23		78.94	57.54	2.273	>
23		336.02	62.73	1.730	>
16	16.1	86.84	-31.28	2.712	>
16.1		80.47	-87.19	0.649	>
16.1		207.77	-6.06	0.902	>
16.1		188.50	1.54	3.666	>
16.1		188.45	1.54	3.663	>
16.1		188.52	1.54	3.663	>
16.1	16.2	188.49	1.54	3.664	>
16.2		285.45	70.04	0.770	>
16.2		284.47	14.29	0.584	>
16.2		263.96	19.43	1.995	>
16.2		263.90	19.39	2.002	>
16.2		263.97	19.64	1.989	>
16.2	16.3	263.94	19.49	1.995	>
8	8.1	5.58	3.73	2.912	>
8.1		330.74	-19.71	3.084	>
8.1		330.84	-19.71	3.089	>
8.1		330.77	-19.75	3.092	>
8.1	8.2	330.78	-19.72	3.088	>
8.2		343.47	-6.68	5.661	>

PLAN
STATIONS
0.000	0.000	0
0.749	-3.013	1
2.365	-1.526	2
3.531	-3.056	3
2.133	-3.692	4
-5.311	-0.312	5
-5.923	1.005	6
-3.753	-3.076	7
-5.364	-3.164	8
-2.821	-8.112	9
-1.510	-11.656	10
3.033	-11.839	11
5.433	-9.714	12
5.971	-7.222	13
9.860	-5.231	14
10.297	-3.470	15
12.104	-1.322	16
16.218	-0.429	17
15.984	-0.849	18
16.738	-2.756	19
18.700	-3.617	20
19.643	-8.175	21
19.881	-9.204	22
17.379	-9.843	23
14.418	-1.194	16.1
13.877	-4.816	16.2
12.007	-5.015	16.3
-5.082	-0.272	8.1
-6.501	2.265	8.2
SHOTS
0.000	0.000	0.749	-3.013
0.749	-3.013	2.365	-1.526
2.365	-1.526	2.027	-2.522
2.365	-1.526	5.046	-5.682
2.365	-1.526	2.122	-1.955
2.365	-1.526	1.892	-1.968
2.365	-1.526	1.227	-2.725
2.365	-1.526	3.531	-3.056
3.531	-3.056	3.736	-2.719
3.531	-3.056	3.735	-2.726
3.531	-3.056	3.361	-2.568
3.531	-3.056	3.787	-3.032
3.531	-3.056	2.506	-3.550
3.531	-3.056	2.133	-3.680
3.531	-3.056	2.140	-3.698
3.531	-3.056	2.133	-3.692
2.133	-3.692	1.833	-1.500
2.133	-3.692	-0.507	-2.282
2.133	-3.692	-0.508	-2.778
2.133	-3.692	1.144	-3.905
2.133	-3.692	1.952	-2.797
2.133	-3.692	-1.169	-2.401
2.133	-3.692	-5.311	-0.312
-5.311	-0.312	-5.473	-0.877
-5.311	-0.312	-5.607	-0.518
-5.311	-0.312	-5.867	1.003
-5.311	-0.312	-5.854	1.004
-5.311	-0.312	-5.848	0.999
-5.311	-0.312	-5.380	-0.441
-5.311	-0.312	-5.923	1.005
-5.923	1.005	-6.913	-0.319
-5.923	1.005	-6.475	-0.789
-5.923	1.005	-5.596	-1.511
-5.923	1.005	-4.531	-1.834
-5.923	1.005	-4.016	0.086
-5.923	1.005	-4.973	1.153
-5.923	1.005	-6.895	0.144
-5.923	1.005	-6.136	1.136
-5.923	1.005	-7.146	0.389
-5.923	1.005	-7.556	-0.538
-5.923	1.005	-9.369	1.938
-5.923	1.005	-5.320	0.333
-5.923	1.005	-6.183	-1.356
-5.923	1.005	-3.753	-3.076
-3.753	-3.076	-4.440	-3.137
-3.753	-3.076	-4.696	-4.085
-3.753	-3.076	-3.547	-4.275
-3.753	-3.076	-4.090	-4.723
-3.753	-3.076	-6.479	-4.552
-3.753	-3.076	-5.364	-3.164
-5.364	-3.164	-6.658	-4.212
-5.364	-3.164	-5.219	-6.181
-5.364	-3.164	-3.644	-8.543
-5.364	-3.164	-2.757	-7.942
-5.364	-3.164	-2.228	-6.789
-5.364	-3.164	-2.562	-5.387
-5.364	-3.164	-3.097	-4.283
-5.364	-3.164	-3.351	-3.088
-5.364	-3.164	-3.317	-2.210
-5.364	-3.164	-4.002	-1.442
-5.364	-3.164	-4.600	-0.217
-5.364	-3.164	-5.604	2.522
-5.364	-3.164	-5.991	1.754
-5.364	-3.164	-5.650	-1.654
-5.364	-3.164	-5.872	-2.248
-5.364	-3.164	-5.900	-2.886
-5.364	-3.164	-4.468	-3.377
-5.364	-3.164	-2.821	-8.112
-2.821	-8.112	-3.252	-9.351
-2.821	-8.112	-2.547	-8.601
-2.821	-8.112	-2.942	-9.012
-2.821	-8.112	-3.239	-8.547
-2.821	-8.112	-3.056	-8.704
-2.821	-8.112	-2.744	-8.471
-2.821	-8.112	-1.479	-11.523
-2.821	-8.112	-1.510	-11.656
-1.510	-11.656	-1.238	-10.773
-1.510	-11.656	-1.435	-11.642
-1.510	-11.656	-1.937	-11.688
-1.510	-11.656	3.033	-11.839
3.033	-11.839	2.699	-11.261
3.033	-11.839	2.945	-11.758
3.033	-11.839	2.790	-11.553
3.033	-11.839	5.491	-9.647
3.033	-11.839	3.177	-11.408
3.033	-11.839	5.428	-9.700
3.033	-11.839	5.397	-9.697
3.033	-11.839	12.826	-2.987
3.033	-11.839	5.433	-9.714
5.433	-9.714	4.921	-9.693
5.433	-9.714	5.147	-9.820
5.433	-9.714	4.848	-9.568
5.433	-9.714	5.971	-7.222
5.971	-7.222	5.026	-6.742
5.971	-7.222	6.419	-7.532
5.971	-7.222	5.957	-7.186
5.971	-7.222	9.860	-5.231
9.860	-5.231	9.334	-4.940
9.860	-5.231	9.702	-4.984
9.860	-5.231	11.137	-6.592
9.860	-5.231	10.297	-3.470
10.297	-3.470	10.471	-3.604
10.297	-3.470	10.347	-3.398
10.297	-3.470	10.703	-3.697
10.297	-3.470	11.369	-2.037
10.297	-3.470	12.104	-1.322
12.104	-1.322	12.235	-1.372
12.104	-1.322	13.867	-1.190
12.104	-1.322	12.555	-0.420
12.104	-1.322	12.749	-0.763
12.104	-1.322	13.276	-1.054
12.104	-1.322	13.595	-1.639
12.104	-1.322	13.195	-2.044
12.104	-1.322	12.678	-2.441
12.104	-1.322	12.336	-1.796
12.104	-1.322	16.218	-0.429
16.218	-0.429	15.984	-0.849
15.984	-0.849	16.624	-0.783
15.984	-0.849	15.245	1.450
15.984	-0.849	14.979	1.031
15.984	-0.849	15.627	0.969
15.984	-0.849	16.738	-2.756
16.738	-2.756	17.230	-2.270
16.738	-2.756	16.826	-2.713
16.738	-2.756	16.871	-2.520
16.738	-2.756	18.700	-3.617
18.700	-3.617	18.110	-4.130
18.700	-3.617	18.426	-3.660
18.700	-3.617	19.592	-7.989
18.700	-3.617	19.586	-7.987
18.700	-3.617	19.643	-8.175
19.643	-8.175	19.551	-8.210
19.643	-8.175	19.409	-8.122
19.643	-8.175	19.140	-8.282
19.643	-8.175	19.881	-9.204
19.881	-9.204	20.523	-9.406
19.881	-9.204	20.110	-8.432
19.881	-9.204	19.779	-8.871
19.881	-9.204	19.978	-8.991
19.881	-9.204	19.460	-9.232
19.881	-9.204	17.379	-9.843
17.379	-9.843	17.938	-8.471
17.379	-9.843	18.641	-9.033
17.379	-9.843	18.779	-9.831
17.379	-9.843	17.738	-10.060
17.379	-9.843	18.366	-11.165
17.379	-9.843	18.576	-9.609
17.379	-9.843	17.056	-9.119
12.104	-1.322	14.418	-1.194
14.418	-1.194	14.450	-1.189
14.418	-1.194	14.000	-1.987
14.418	-1.194	13.877	-4.816
13.877	-4.816	13.624	-4.746
13.877	-4.816	13.329	-4.675
13.877	-4.816	12.007	-5.015
-5.364	-3.164	-5.082	-0.272
-5.082	-0.272	-6.501	2.265
-6.501	2.265	-8.100	7.656
POLYLINE BLACK
7.240	2.213
7.121	2.313
7.117	2.313
7.160	2.453
POLYLINE BLACK
0.546	-0.704
0.554	-0.704
POLYLINE BLACK
0.631	-0.809
0.607	-0.741
POLYLINE BLACK
0.661	-0.921
0.166	-0.196
0.409	-0.493
-0.036	-0.001
POLYLINE BLACK
-0.146	0.447
-0.289	0.572
-0.392	0.741
-0.458	0.918
-0.482	0.983
-0.502	1.049
-0.524	1.114
POLYLINE BLACK
0.459	-2.966
-0.179	-2.165
0.317	-2.744
-0.131	-2.289
-0.156	-2.262
-0.178	-2.232
-0.201	-2.204
POLYLINE BLACK
-0.453	-1.933
-0.501	-1.879
-0.549	-1.825
-0.598	-1.770
-0.708	-1.632
-0.813	-1.489
-0.929	-1.355
-0.997	-1.277
-1.076	-1.208
-1.150	-1.135
POLYLINE BLACK
-1.541	-0.414
-1.776	-0.022
-1.641	-0.270
-1.908	0.348
POLYLINE BLACK
7.530	6.073
7.550	6.073
POLYLINE BLACK
3.345	-2.040
3.277	-2.016
3.203	-2.003
3.140	-1.967
2.927	-1.843
2.727	-1.698
2.523	-1.561
2.344	-1.440
2.277	-1.356
2.051	-1.274
1.898	-1.219
0.821	-0.901
0.542	-0.818
POLYLINE BLACK
0.598	-3.167
0.681	-2.581
0.625	-2.820
0.915	-2.024
0.929	-1.987
0.951	-1.954
0.973	-1.921
1.067	-1.779
1.164	-1.640
1.264	-1.501
1.450	-1.240
1.312	-1.468
1.432	-1.261
POLYLINE BLACK
1.341	-1.423
1.144	-1.397
1.044	-1.329
0.873	-1.229
POLYLINE BLACK
0.937	-1.947
0.626	-1.794
0.762	-1.849
0.537	-1.765
POLYLINE BLACK
0.615	-2.517
0.289	-2.299
POLYLINE BLACK
0.445	-3.098
0.494	-3.129
0.542	-3.169
0.599	-3.185
0.724	-3.221
1.017	-3.119
1.038	-3.114
1.259	-3.058
1.492	-2.880
1.656	-2.773
1.685	-2.754
1.707	-2.728
1.732	-2.705
1.746	-2.692
1.756	-2.674
1.772	-2.663
1.809	-2.640
1.850	-2.624
1.888	-2.605
POLYLINE BLACK
2.354	-2.428
2.285	-2.429
2.217	-2.438
2.149	-2.432
2.021	-2.420
1.894	-2.394
1.767	-2.376
1.741	-2.373
1.718	-2.379
1.698	-2.361
1.668	-2.335
1.681	-2.284
1.689	-2.253
1.721	-2.125
1.756	-1.999
1.788	-1.871
1.798	-1.832
1.800	-1.806
1.829	-1.777
1.879	-1.725
2.041	-1.652
2.043	-1.651
2.086	-1.629
2.124	-1.693
2.137	-1.720
2.197	-1.835
2.252	-1.953
2.313	-2.068
2.329	-2.097
2.352	-2.123
2.369	-2.152
2.400	-2.208
2.408	-2.283
2.391	-2.344
2.365	-2.439
2.310	-2.488
2.247	-2.566
POLYLINE BLACK
1.444	-2.534
1.280	-2.440
1.114	-2.349
0.951	-2.254
0.876	-2.211
0.967	-2.109
0.992	-2.078
1.034	-2.028
1.083	-1.983
1.124	-1.932
1.140	-1.914
1.150	-1.892
1.163	-1.872
1.194	-1.821
1.223	-1.788
1.275	-1.756
1.288	-1.748
1.306	-1.743
1.321	-1.745
1.401	-1.756
1.401	-1.963
1.404	-1.999
1.413	-2.132
1.423	-2.265
1.430	-2.399
1.434	-2.476
1.296	-2.520
1.254	-2.540
POLYLINE BLACK
3.321	-2.090
3.531	-2.311
3.476	-2.241
3.741	-2.672
3.775	-2.727
3.796	-2.790
3.823	-2.849
POLYLINE BLACK
1.934	-2.710
1.925	-2.698
POLYLINE BLACK
3.289	-2.236
3.367	-2.334
3.445	-2.432
3.523	-2.530
3.530	-2.542
3.538	-2.554
3.544	-2.566
3.579	-2.637
3.514	-2.721
3.449	-2.745
3.419	-2.756
3.388	-2.756
3.355	-2.753
3.270	-2.747
3.218	-2.718
3.129	-2.693
3.072	-2.677
3.066	-2.689
3.022	-2.663
2.929	-2.607
2.932	-2.530
2.989	-2.446
3.043	-2.367
3.128	-2.332
3.211	-2.289
3.217	-2.286
3.223	-2.285
3.230	-2.283
3.282	-2.268
3.334	-2.255
3.385	-2.241
POLYLINE BLACK
3.044	-2.885
3.051	-2.885
POLYLINE BLACK
1.894	-2.579
1.983	-2.571
2.072	-2.553
2.162	-2.556
2.240	-2.558
2.318	-2.570
2.392	-2.593
2.678	-2.682
2.947	-2.758
3.176	-2.947
POLYLINE BLACK
2.135	-3.716
2.570	-3.617
2.326	-3.661
3.086	-3.618
3.169	-3.614
3.253	-3.614
3.336	-3.613
POLYLINE GREEN
-0.458	-2.273
-0.481	-2.266
-0.504	-2.258
-0.527	-2.250
-0.561	-2.236
-0.595	-2.221
-0.630	-2.210
-0.637	-2.208
-0.644	-2.211
-0.651	-2.211
POLYLINE GREEN
-0.528	-2.813
-0.578	-2.757
-0.650	-2.725
-0.719	-2.695
POLYLINE GREEN
-0.517	-2.814
-0.480	-2.885
-0.449	-2.960
-0.405	-3.027
-0.372	-3.077
-0.328	-3.121
-0.286	-3.163
-0.096	-3.354
0.081	-3.459
0.332	-3.604
0.767	-3.854
0.771	-3.830
1.226	-3.974
POLYLINE GREEN
-0.476	-2.282
-0.404	-2.276
-0.330	-2.278
-0.259	-2.263
0.126	-2.182
0.283	-2.094
0.665	-1.913
0.717	-1.889
0.764	-1.854
0.816	-1.829
1.031	-1.726
1.246	-1.621
1.467	-1.530
1.561	-1.491
1.717	-1.448
1.830	-1.470
1.849	-1.473
1.866	-1.481
1.884	-1.488
POLYLINE GREEN
2.179	-3.696
2.002	-3.786
2.077	-3.751
1.719	-3.873
1.591	-3.916
1.462	-3.956
1.332	-3.994
1.323	-3.997
1.281	-4.006
1.264	-4.001
1.219	-3.988
1.174	-3.972
1.129	-3.958
POLYLINE BLACK
-5.549	-0.886
-5.436	-0.936
-5.322	-0.983
-5.210	-1.034
-4.879	-1.184
-4.562	-1.366
-4.219	-1.487
-3.559	-1.721
-2.872	-1.873
-2.208	-2.096
-1.114	-2.462
-1.185	-2.438
-0.561	-2.760
POLYLINE BLACK
-5.318	-0.306
-3.535	-0.695
-5.239	-0.316
-0.470	-2.286
POLYLINE BLACK
-5.306	-0.248
-5.323	-0.547
-5.307	-0.509
-5.402	-0.852
-5.412	-0.890
-5.434	-0.924
-5.450	-0.961
POLYLINE BLACK
-5.132	0.449
-5.137	0.443
POLYLINE BLACK
-5.479	-0.784
-5.680	-0.773
POLYLINE BLACK
-5.324	-0.547
-5.581	-0.461
-5.473	-0.513
-5.655	-0.407
POLYLINE GREEN
1.881	-1.502
1.961	-1.553
2.059	-1.594
2.131	-1.662
POLYLINE GREEN
3.560	-3.103
3.549	-3.133
3.536	-3.162
3.528	-3.193
3.511	-3.260
3.503	-3.329
3.484	-3.395
3.476	-3.422
3.462	-3.446
3.448	-3.470
3.414	-3.534
3.372	-3.572
3.313	-3.612
3.309	-3.614
3.304	-3.617
3.300	-3.619
3.284	-3.625
3.269	-3.632
3.253	-3.638
POLYLINE GREEN
2.131	-1.674
2.010	-1.936
2.060	-1.838
1.991	-1.971
POLYLINE GREEN
2.443	-1.971
2.286	-2.158
POLYLINE GREEN
2.805	-2.215
2.573	-2.484
2.774	-2.259
2.597	-2.442
2.592	-2.448
2.588	-2.455
2.583	-2.461
POLYLINE GREEN
3.191	-2.592
3.021	-2.707
3.115	-2.651
2.906	-2.755
POLYLINE GREEN
3.408	-2.987
3.308	-3.046
3.324	-3.045
3.216	-3.078
3.189	-3.085
3.163	-3.090
3.136	-3.096
POLYLINE GREEN
3.478	-3.423
3.327	-3.418
3.343	-3.429
3.195	-3.379
3.166	-3.370
3.139	-3.354
3.111	-3.342
POLYLINE GREEN
3.944	-2.872
3.930	-3.042
3.857	-3.161
3.773	-3.311
3.732	-3.385
3.627	-3.474
3.578	-3.516
3.533	-3.556
3.490	-3.578
3.434	-3.600
3.387	-3.618
3.340	-3.615
3.290	-3.618
POLYLINE GREEN
3.939	-2.998
3.927	-2.944
3.917	-2.882
3.878	-2.839
3.851	-2.809
3.822	-2.782
3.794	-2.753
POLYLINE GREEN
2.138	-1.662
2.198	-1.718
2.327	-1.842
2.381	-1.886
2.460	-1.949
2.546	-2.001
2.624	-2.065
2.855	-2.258
3.085	-2.453
3.307	-2.656
3.355	-2.699
3.389	-2.754
3.432	-2.802
3.438	-2.810
3.448	-2.815
3.455	-2.822
3.459	-2.825
3.462	-2.828
3.464	-2.832
3.479	-2.860
3.494	-2.889
3.507	-2.918
3.527	-2.965
3.538	-3.067
3.541	-3.098
3.546	-3.145
3.540	-3.159
3.520	-3.196
POLYLINE GREEN
3.839	-2.864
3.852	-2.854
POLYLINE GREEN
3.865	-2.846
3.821	-2.912
3.769	-2.960
3.698	-2.995
3.639	-3.024
3.560	-3.034
3.501	-3.047
POLYLINE GREEN
3.601	-3.033
3.607	-3.175
POLYLINE GREEN
3.699	-2.992
3.740	-3.144
3.734	-3.088
3.741	-3.156
POLYLINE GREEN
3.809	-2.934
3.837	-2.998
POLYLINE BLACK
3.547	-3.699
3.635	-3.852
3.623	-3.792
3.635	-3.859
POLYLINE BLACK
3.722	-4.033
3.788	-4.102
3.769	-4.076
3.836	-4.189
3.843	-4.199
3.846	-4.211
3.852	-4.223
POLYLINE BLACK
3.914	-4.371
4.124	-4.595
4.066	-4.503
4.132	-4.614
POLYLINE BLACK
3.981	-3.024
4.014	-3.150
3.990	-3.073
4.066	-3.250
POLYLINE BLACK
4.237	-3.572
4.244	-3.580
4.253	-3.586
4.260	-3.594
4.267	-3.602
4.273	-3.611
4.279	-3.620
4.373	-3.785
4.352	-3.741
4.396	-3.845
POLYLINE BLACK
4.645	-4.211
4.716	-4.285
4.661	-4.223
4.760	-4.431
POLYLINE BLACK
4.442	-4.662
4.451	-4.643
4.458	-4.618
4.476	-4.605
4.507	-4.582
4.534	-4.563
4.572	-4.558
4.592	-4.555
4.614	-4.557
4.632	-4.565
4.639	-4.568
4.647	-4.577
4.651	-4.582
4.668	-4.602
4.680	-4.623
4.670	-4.649
4.647	-4.714
4.565	-4.786
4.528	-4.831
4.522	-4.838
4.503	-4.862
4.507	-4.878
4.513	-4.896
4.540	-4.903
4.556	-4.907
4.572	-4.910
4.595	-4.909
4.610	-4.906
4.636	-4.901
4.664	-4.893
4.687	-4.880
4.699	-4.873
4.709	-4.865
4.720	-4.857
POLYLINE BLACK
4.682	-5.125
4.680	-5.115
POLYLINE BLACK
4.903	-4.984
4.901	-4.967
4.897	-4.949
4.896	-4.932
4.895	-4.924
4.895	-4.915
4.897	-4.907
4.901	-4.884
4.909	-4.843
4.924	-4.816
4.929	-4.806
4.942	-4.791
4.953	-4.804
4.968	-4.823
4.978	-4.863
4.985	-4.875
4.986	-4.878
4.987	-4.871
4.988	-4.868
4.991	-4.854
4.993	-4.839
4.996	-4.824
4.997	-4.817
5.001	-4.810
5.009	-4.808
5.017	-4.806
5.026	-4.809
5.032	-4.814
5.039	-4.818
5.045	-4.826
5.048	-4.834
5.052	-4.846
5.055	-4.859
5.060	-4.872
5.060	-4.872
5.061	-4.873
5.061	-4.872
5.061	-4.856
5.057	-4.841
5.061	-4.825
5.064	-4.813
5.068	-4.801
5.075	-4.791
5.086	-4.775
5.114	-4.772
5.126	-4.788
5.143	-4.810
5.136	-4.847
5.134	-4.871
POLYLINE BLACK
5.172	-4.777
5.222	-4.754
5.247	-4.732
5.281	-4.688
5.292	-4.673
5.309	-4.648
5.306	-4.627
5.305	-4.620
5.302	-4.614
5.298	-4.609
5.276	-4.584
5.239	-4.616
5.226	-4.635
5.218	-4.647
5.211	-4.661
5.208	-4.676
5.204	-4.695
5.202	-4.712
5.204	-4.732
5.208	-4.767
5.235	-4.794
5.271	-4.792
5.301	-4.791
5.322	-4.767
5.343	-4.750
POLYLINE BLACK
5.501	-4.615
5.502	-4.601
5.503	-4.588
5.494	-4.576
5.491	-4.572
5.486	-4.567
5.481	-4.566
5.460	-4.560
5.437	-4.576
5.422	-4.589
5.395	-4.612
5.390	-4.651
5.399	-4.684
5.401	-4.693
5.406	-4.706
5.412	-4.714
5.431	-4.737
5.469	-4.734
5.484	-4.708
5.490	-4.698
5.496	-4.686
5.501	-4.675
5.507	-4.661
5.520	-4.617
5.512	-4.600
5.511	-4.598
5.509	-4.605
5.508	-4.607
5.507	-4.611
5.507	-4.615
5.507	-4.618
5.507	-4.622
5.507	-4.626
5.508	-4.629
5.511	-4.643
5.518	-4.654
5.525	-4.667
5.536	-4.686
5.555	-4.683
5.575	-4.684
POLYLINE BLACK
5.600	-4.489
5.603	-4.506
5.603	-4.524
5.608	-4.542
5.621	-4.577
5.633	-4.612
5.646	-4.648
5.646	-4.648
5.648	-4.649
5.648	-4.648
5.649	-4.647
5.650	-4.646
5.651	-4.644
5.659	-4.596
5.665	-4.548
5.673	-4.499
5.674	-4.494
5.679	-4.493
5.682	-4.496
5.684	-4.497
5.686	-4.499
5.687	-4.501
5.699	-4.521
5.711	-4.542
5.722	-4.563
5.732	-4.583
5.740	-4.603
5.749	-4.624
POLYLINE BLACK
5.894	-4.438
5.892	-4.435
5.883	-4.420
5.876	-4.415
5.865	-4.409
5.853	-4.417
5.844	-4.423
5.807	-4.452
5.796	-4.498
5.812	-4.543
5.817	-4.557
5.827	-4.577
5.846	-4.572
5.870	-4.564
5.883	-4.509
5.885	-4.497
5.898	-4.439
5.905	-4.384
5.898	-4.325
5.894	-4.298
5.887	-4.271
5.879	-4.244
5.875	-4.232
5.870	-4.221
5.866	-4.209
5.865	-4.208
5.864	-4.207
5.863	-4.206
5.860	-4.205
5.858	-4.211
5.858	-4.212
5.856	-4.224
5.854	-4.237
5.853	-4.249
5.852	-4.265
5.852	-4.282
5.855	-4.298
5.876	-4.407
5.905	-4.462
5.956	-4.569
5.962	-4.582
5.971	-4.594
5.979	-4.606
POLYLINE BLACK
6.015	-4.473
6.019	-4.472
6.032	-4.471
6.038	-4.467
6.061	-4.452
6.077	-4.421
6.084	-4.395
6.093	-4.362
6.088	-4.318
6.074	-4.286
6.072	-4.282
6.068	-4.273
6.061	-4.272
6.046	-4.268
6.030	-4.297
6.026	-4.307
6.011	-4.355
6.029	-4.420
6.048	-4.463
6.052	-4.472
6.057	-4.480
6.062	-4.489
6.067	-4.497
6.075	-4.503
6.084	-4.498
6.129	-4.472
6.158	-4.360
6.170	-4.336
6.170	-4.334
6.173	-4.338
6.174	-4.339
6.186	-4.363
6.197	-4.388
6.210	-4.412
6.213	-4.418
6.217	-4.423
6.222	-4.428
6.223	-4.430
6.236	-4.446
6.243	-4.438
6.244	-4.437
6.245	-4.434
6.245	-4.432
6.249	-4.380
6.251	-4.328
6.253	-4.276
POLYLINE BLACK
-5.332	-0.319
-5.420	-0.238
-5.373	-0.268
-5.467	-0.223
POLYLINE BLACK
-4.879	1.213
-4.643	1.022
-4.497	0.919
-4.292	0.664
-4.101	0.426
-4.043	0.311
-3.928	0.099
POLYLINE BLACK
-4.821	1.145
-5.075	1.301
-5.350	1.367
-5.645	1.386
-5.715	1.390
-5.844	1.375
-5.912	1.349
-6.004	1.313
-6.092	1.270
-6.180	1.226
-6.210	1.211
-6.236	1.189
-6.266	1.173
-6.307	1.150
-6.350	1.131
-6.392	1.110
POLYLINE BLACK
-6.269	1.136
-6.468	0.908
-6.668	0.680
-6.866	0.450
-6.937	0.368
-7.006	0.285
-7.075	0.200
-7.082	0.192
-7.086	0.172
-7.087	0.161
-7.089	0.127
-7.069	0.074
-7.057	0.053
-6.843	-0.332
-6.628	-0.718
-6.399	-1.095
-6.367	-1.148
-6.322	-1.193
-6.277	-1.235
-6.225	-1.284
-6.165	-1.323
-6.109	-1.366
-5.829	-1.578
-5.964	-1.460
-5.782	-1.628
POLYLINE BLACK
-6.508	0.759
-6.405	0.691
-6.299	0.627
-6.198	0.555
-6.165	0.532
-6.136	0.504
-6.108	0.474
-6.006	0.367
-5.951	0.283
-5.971	0.132
-5.973	0.112
-5.977	0.091
-5.985	0.072
-6.024	-0.033
-6.062	-0.138
-6.110	-0.240
-6.145	-0.315
-6.207	-0.435
-6.288	-0.486
-6.304	-0.496
-6.321	-0.505
-6.338	-0.512
-6.408	-0.541
-6.479	-0.575
-6.556	-0.584
-6.620	-0.591
-6.728	-0.567
-6.772	-0.561
POLYLINE BLACK
-6.519	-0.548
-6.668	-0.304
-6.596	-0.408
-6.729	-0.230
POLYLINE BLACK
-6.208	-0.336
-6.527	-0.122
-6.415	-0.217
-6.568	-0.079
POLYLINE BLACK
-5.952	-0.049
-6.241	0.032
-6.201	0.010
-6.399	0.133
POLYLINE BLACK
-6.278	0.719
-6.454	0.448
POLYLINE BLACK
-6.748	0.397
-6.722	0.400
-6.695	0.404
-6.669	0.407
-6.614	0.412
-6.603	0.348
-6.619	0.308
-6.629	0.281
-6.652	0.259
-6.666	0.235
-6.673	0.224
-6.678	0.211
-6.682	0.198
-6.685	0.187
-6.688	0.176
-6.689	0.164
-6.691	0.149
-6.683	0.094
-6.663	0.090
-6.625	0.083
-6.587	0.084
-6.549	0.081
POLYLINE BLACK
-6.734	-0.078
-6.661	-0.094
-6.692	-0.075
-6.645	-0.143
POLYLINE BLACK
-7.027	0.058
-6.846	0.038
POLYLINE BLACK
-6.893	0.363
-6.834	0.308
POLYLINE BLACK
-6.647	0.645
-6.525	0.550
POLYLINE BLACK
-6.414	1.932
-6.350	1.933
-6.250	1.947
-6.201	1.887
-6.167	1.846
-6.178	1.781
-6.193	1.735
-6.211	1.682
-6.284	1.571
-6.293	1.553
-6.322	1.497
-6.335	1.423
-6.305	1.365
-6.293	1.343
-6.252	1.320
-6.242	1.312
POLYLINE BLACK
-6.004	1.474
-6.039	1.386
-6.076	1.298
-6.108	1.209
-6.125	1.160
-6.134	1.110
-6.150	1.060
-6.151	1.056
-6.155	1.051
-6.158	1.048
-6.190	1.013
-6.254	1.059
-6.278	1.074
-6.299	1.088
-6.317	1.105
-6.337	1.122
-6.565	1.318
-6.501	1.248
-6.595	1.355
POLYLINE BLACK
-6.328	1.370
-6.328	1.372
POLYLINE BLACK
-6.326	1.374
-6.246	1.254
-6.243	1.265
-6.192	1.124
-6.184	1.102
-6.181	1.078
-6.176	1.056
POLYLINE BLACK
-5.817	-1.544
-5.749	-1.580
-5.684	-1.620
-5.614	-1.652
-5.556	-1.679
-5.489	-1.683
-5.427	-1.690
-5.245	-1.711
-5.062	-1.726
-4.881	-1.753
-4.810	-1.763
-4.716	-1.787
-4.649	-1.825
-4.509	-1.904
-4.367	-2.234
-4.339	-2.282
POLYLINE BLACK
-3.965	0.067
-3.989	-0.122
-4.012	-0.310
-4.037	-0.498
-4.052	-0.619
-4.057	-0.583
-4.049	-0.680
-4.042	-0.759
-4.026	-0.838
-4.027	-0.917
-4.028	-1.010
-4.044	-1.102
-4.058	-1.193
-4.070	-1.272
-4.137	-1.396
-4.156	-1.454
-4.169	-1.493
-4.174	-1.533
-4.181	-1.573
-4.185	-1.593
-4.184	-1.614
-4.178	-1.633
-4.176	-1.642
-4.173	-1.651
-4.168	-1.659
-4.140	-1.710
-4.099	-1.755
-4.080	-1.810
-3.958	-2.169
-3.860	-2.535
-3.748	-2.896
-3.739	-2.926
-3.722	-2.954
-3.716	-2.985
-3.702	-3.068
-3.698	-3.153
-3.689	-3.236
POLYLINE BLACK
-6.791	-4.327
-6.625	-4.533
-6.451	-4.732
-6.292	-4.943
-6.080	-5.227
-5.890	-5.525
-5.680	-5.811
-5.436	-6.144
-5.584	-5.841
-5.204	-6.262
-5.086	-6.392
-4.987	-6.539
-4.893	-6.687
-4.514	-7.283
-4.163	-7.896
-3.784	-8.492
-3.747	-8.550
-3.661	-8.640
-3.583	-8.664
-3.565	-8.670
-3.546	-8.672
-3.527	-8.676
POLYLINE BLACK
-3.116	-4.311
-2.910	-4.676
-2.691	-5.034
-2.498	-5.407
-2.428	-5.542
-2.372	-5.686
-2.330	-5.832
-2.222	-6.211
-2.135	-6.498
-2.155	-6.867
-2.159	-6.938
-2.176	-7.008
-2.186	-7.079
POLYLINE BLACK
-3.059	-4.432
-3.089	-4.357
-3.112	-4.278
-3.148	-4.206
-3.246	-4.007
-3.599	-3.682
-3.664	-3.613
POLYLINE BLACK
-5.902	-2.285
-5.829	-2.201
-5.868	-2.249
-5.789	-2.140
POLYLINE BLACK
-5.870	-2.263
-5.906	-2.634
-5.890	-2.682
-5.989	-2.914
POLYLINE GREEN
-5.983	-2.867
-5.735	-2.311
-5.856	-2.609
-5.630	-1.969
POLYLINE GREEN
-5.760	-1.971
-5.664	-1.845
-5.684	-1.850
-5.724	-1.689
POLYLINE GREEN
-4.633	-0.238
-3.848	-1.552
-4.398	-0.712
-3.388	-2.039
-3.362	-2.073
-3.340	-2.156
-3.334	-2.191
-3.268	-2.600
-3.481	-3.113
-3.540	-3.503
-3.562	-3.650
-3.546	-3.800
-3.555	-3.948
-3.558	-3.997
-3.567	-4.045
-3.574	-4.094
POLYLINE GREEN
-4.415	-0.685
-4.761	-1.300
POLYLINE GREEN
-3.853	-1.395
-4.131	-1.750
-3.980	-1.572
-4.308	-1.925
POLYLINE GREEN
-3.375	-2.318
-3.491	-2.370
-3.676	-2.472
-3.825	-2.496
-3.885	-2.506
-3.946	-2.507
-4.007	-2.512
POLYLINE GREEN
-3.416	-3.191
-3.810	-3.267
-3.637	-3.246
-3.935	-3.269
POLYLINE GREEN
-5.588	-1.438
-5.234	-1.888
POLYLINE BROWN
-4.817	-3.971
-4.798	-3.923
-4.780	-3.874
-4.762	-3.826
-4.758	-3.819
-4.755	-3.811
-4.750	-3.805
-4.674	-3.703
-4.484	-3.624
-4.395	-3.752
-4.349	-3.818
-4.329	-3.912
-4.306	-3.981
-4.300	-4.000
-4.297	-4.020
-4.290	-4.038
-4.275	-4.075
-4.253	-4.108
-4.227	-4.137
-4.165	-4.209
-4.023	-4.129
-3.995	-4.061
-3.976	-4.017
-3.959	-3.972
-3.942	-3.927
POLYLINE BROWN
-4.196	-4.781
-4.184	-4.730
-4.175	-4.678
-4.159	-4.628
-4.142	-4.575
-4.107	-4.513
-4.072	-4.469
-4.060	-4.454
-4.046	-4.441
-4.032	-4.429
-3.960	-4.373
-3.897	-4.341
-3.839	-4.430
-3.731	-4.593
-3.795	-4.537
-3.673	-4.795
-3.652	-4.840
-3.624	-4.880
-3.596	-4.921
-3.559	-4.972
-3.503	-5.040
-3.432	-5.035
-3.340	-5.027
-3.299	-4.968
-3.223	-4.907
POLYLINE BROWN
-3.524	-5.688
-3.506	-5.601
-3.507	-5.559
-3.472	-5.490
-3.446	-5.438
-3.398	-5.409
-3.343	-5.392
-3.268	-5.368
-3.207	-5.384
-3.169	-5.458
-3.054	-5.679
-2.972	-5.974
-2.740	-6.115
-2.696	-6.141
-2.642	-6.153
-2.595	-6.130
-2.489	-6.076
-2.431	-5.944
-2.374	-5.856
POLYLINE BROWN
-3.406	-6.542
-3.370	-6.495
-3.337	-6.450
-3.282	-6.426
-3.210	-6.394
-3.094	-6.434
-3.041	-6.487
-3.035	-6.493
-3.030	-6.501
-3.025	-6.508
-2.952	-6.607
-2.907	-6.689
-2.821	-6.765
-2.798	-6.785
-2.766	-6.811
-2.733	-6.809
-2.691	-6.807
-2.654	-6.768
-2.625	-6.747
POLYLINE BROWN
-4.493	-6.961
-4.456	-6.883
-4.422	-6.803
-4.383	-6.726
-4.370	-6.699
-4.337	-6.667
-4.314	-6.650
-4.210	-6.570
-4.168	-6.620
-4.081	-6.704
-4.012	-6.771
-3.948	-6.843
-3.878	-6.908
-3.810	-6.972
-3.682	-7.027
-3.596	-6.961
-3.568	-6.939
-3.550	-6.903
-3.532	-6.874
POLYLINE BROWN
-4.085	-7.699
-4.044	-7.624
-4.006	-7.548
-3.962	-7.474
-3.947	-7.449
-3.908	-7.422
-3.886	-7.408
-3.855	-7.388
-3.805	-7.385
-3.775	-7.409
-3.701	-7.469
-3.616	-7.562
-3.520	-7.607
-3.433	-7.648
-3.399	-7.622
-3.304	-7.594
POLYLINE BLACK
-5.422	-4.791
-5.384	-4.839
-5.346	-4.886
-5.308	-4.933
-5.220	-5.048
-5.135	-5.164
-5.044	-5.277
-4.962	-5.380
-4.784	-5.487
-4.980	-5.535
-4.999	-5.539
-5.019	-5.543
-5.039	-5.543
-5.152	-5.543
-5.265	-5.536
-5.378	-5.532
-5.396	-5.531
-5.407	-5.533
-5.422	-5.526
-5.436	-5.520
-5.447	-5.505
-5.449	-5.490
-5.460	-5.401
-5.460	-5.311
-5.477	-5.223
-5.491	-5.146
-5.521	-5.074
-5.542	-4.999
-5.545	-4.987
-5.543	-4.965
-5.541	-4.954
-5.520	-4.862
-5.417	-4.857
-5.342	-4.840
POLYLINE BLACK
-4.142	-5.239
-4.125	-5.302
-4.116	-5.368
-4.091	-5.429
-4.022	-5.594
-3.936	-5.752
-3.861	-5.915
-3.859	-5.919
-3.859	-5.925
-3.859	-5.930
-3.860	-5.951
-3.886	-5.968
-3.906	-5.969
-4.062	-5.974
-4.218	-5.978
-4.374	-5.979
-4.428	-5.979
-4.475	-5.958
-4.468	-5.895
-4.456	-5.768
-4.455	-5.603
-4.405	-5.471
-4.378	-5.399
-4.249	-5.390
-4.199	-5.382
-4.149	-5.373
-4.097	-5.371
-4.047	-5.365
POLYLINE BLACK
-5.580	-4.075
-5.565	-4.139
-5.563	-4.174
-5.529	-4.228
-5.481	-4.304
-5.384	-4.382
-5.448	-4.477
-5.459	-4.494
-5.482	-4.514
-5.503	-4.515
-5.655	-4.525
-5.807	-4.527
-5.959	-4.539
-6.013	-4.548
-6.066	-4.556
-6.119	-4.564
-6.122	-4.563
-6.126	-4.563
-6.127	-4.561
-6.129	-4.554
-6.112	-4.538
-6.112	-4.538
-6.022	-4.465
-5.929	-4.398
-5.841	-4.323
-5.821	-4.306
-5.806	-4.284
-5.789	-4.264
-5.687	-4.139
-5.751	-4.207
-5.671	-4.127
POLYLINE BLACK
-4.790	-3.030
-4.760	-3.128
-4.722	-3.224
-4.699	-3.324
-4.689	-3.370
-4.691	-3.417
-4.690	-3.464
-4.687	-3.605
-4.846	-3.643
-4.953	-3.592
-5.034	-3.554
-5.103	-3.489
-5.138	-3.406
-5.152	-3.374
-5.167	-3.335
-5.156	-3.299
-5.152	-3.287
-5.141	-3.267
-5.132	-3.259
-5.047	-3.181
-4.958	-3.109
-4.874	-3.030
-4.848	-3.005
-4.826	-2.976
-4.802	-2.949
POLYLINE BLACK
-2.217	-7.016
-2.194	-7.534
-2.285	-8.054
-2.431	-8.551
POLYLINE BLACK
-3.449	-8.616
-3.376	-8.609
-3.308	-8.608
-3.241	-8.640
-3.235	-8.643
-3.196	-8.664
-3.183	-8.678
-3.172	-8.691
-3.161	-8.705
-3.151	-8.719
POLYLINE BLACK
-2.413	-8.359
-2.418	-8.466
-2.469	-8.555
-2.515	-8.650
POLYLINE BLACK
-3.422	-8.623
-3.521	-8.646
-3.467	-8.636
-3.585	-8.650
POLYLINE BLACK
-2.500	-8.620
-2.103	-9.311
-1.707	-10.002
-1.311	-10.693
-1.285	-10.730
-1.259	-10.765
-1.235	-10.802
-1.220	-10.825
-1.208	-10.851
-1.195	-10.875
POLYLINE BLACK
-3.196	-8.709
-2.676	-9.970
-2.822	-9.715
-2.047	-11.077
-1.945	-11.256
-1.586	-11.645
-1.500	-11.743
POLYLINE BLACK
-2.594	-8.724
-2.790	-8.776
POLYLINE BLACK
-2.901	-8.787
-2.960	-8.787
-2.989	-8.781
-3.038	-8.792
-3.049	-8.794
-3.061	-8.798
-3.072	-8.801
POLYLINE BLACK
-3.005	-8.764
-3.006	-8.663
POLYLINE BLACK
-2.689	-8.752
-2.723	-8.657
POLYLINE BLACK
-3.003	-8.781
-3.001	-8.728
POLYLINE BLACK
2.999	-11.867
-0.153	-11.915
0.695	-12.069
-1.212	-11.781
-1.440	-11.747
-1.446	-11.745
-1.622	-11.660
POLYLINE BLACK
-1.270	-10.757
0.515	-10.939
-0.155	-10.909
0.735	-10.939
POLYLINE BLACK
0.704	-11.013
0.762	-11.004
0.820	-10.989
0.879	-10.985
1.054	-10.976
1.511	-11.004
1.637	-11.022
2.078	-11.084
2.586	-11.085
3.009	-11.282
POLYLINE BLACK
5.365	-9.785
5.204	-10.041
5.169	-9.958
4.897	-10.227
3.543	-11.566
5.113	-10.145
4.026	-11.110
3.197	-11.847
3.565	-11.608
3.006	-11.935
POLYLINE BLACK
2.852	-11.241
2.923	-11.219
2.997	-11.204
3.066	-11.177
3.363	-11.061
3.732	-10.670
3.876	-10.541
4.212	-10.241
4.460	-9.852
4.813	-9.571
POLYLINE BLACK
5.005	-6.747
5.044	-7.646
5.058	-7.632
5.001	-8.773
4.988	-9.033
4.951	-9.290
4.926	-9.548
POLYLINE BLACK
6.389	-7.488
6.248	-7.980
6.417	-7.424
6.069	-8.301
6.004	-8.466
5.944	-8.634
5.891	-8.803
5.847	-8.942
5.826	-9.088
5.780	-9.227
5.740	-9.349
5.606	-9.535
5.537	-9.624
5.536	-9.625
5.459	-9.709
5.429	-9.725
5.375	-9.752
5.319	-9.776
5.264	-9.802
POLYLINE BLACK
9.708	-5.775
9.676	-5.801
9.648	-5.835
9.611	-5.852
8.896	-6.179
8.161	-6.461
7.454	-6.805
7.159	-6.948
6.887	-7.136
6.610	-7.311
6.571	-7.336
6.539	-7.370
6.507	-7.404
6.443	-7.474
6.426	-7.510
6.383	-7.584
POLYLINE BLACK
5.000	-6.684
6.786	-5.795
5.482	-6.412
9.223	-5.071
9.257	-5.058
9.293	-5.052
9.327	-5.039
9.514	-4.969
9.639	-4.757
9.740	-4.613
9.804	-4.521
9.860	-4.423
9.906	-4.320
9.973	-4.172
10.115	-3.729
10.239	-3.513
10.260	-3.476
10.290	-3.445
10.315	-3.411
POLYLINE BLACK
10.820	-3.722
10.813	-3.765
10.811	-3.808
10.799	-3.849
10.784	-3.899
10.764	-3.948
10.739	-3.993
10.387	-4.654
10.506	-4.494
10.283	-4.777
POLYLINE BLACK
9.699	-5.774
10.395	-6.364
POLYLINE BLACK
10.509	-5.363
10.607	-5.496
10.674	-5.617
10.807	-5.713
10.904	-5.782
11.008	-5.840
11.109	-5.904
POLYLINE BLACK
11.436	-6.020
11.479	-6.015
11.522	-6.008
11.565	-6.005
11.670	-6.000
11.734	-6.033
11.662	-6.133
11.592	-6.232
11.419	-6.295
11.338	-6.343
11.289	-6.372
11.234	-6.461
11.280	-6.514
11.306	-6.543
11.357	-6.560
11.392	-6.570
11.438	-6.583
11.487	-6.580
11.534	-6.581
POLYLINE BLACK
11.043	-6.878
11.097	-6.978
POLYLINE BLACK
11.584	-7.443
11.601	-7.378
11.611	-7.311
11.635	-7.248
11.654	-7.195
11.685	-7.147
11.713	-7.099
11.723	-7.082
11.741	-7.049
11.766	-7.042
11.803	-7.032
11.839	-7.078
11.857	-7.102
11.867	-7.116
11.885	-7.150
11.888	-7.169
11.899	-7.246
11.897	-7.326
11.916	-7.402
11.922	-7.427
11.919	-7.351
11.927	-7.326
11.945	-7.267
11.968	-7.209
11.994	-7.153
12.019	-7.098
12.052	-7.044
12.095	-7.001
12.123	-6.974
12.164	-6.989
12.188	-7.013
12.226	-7.052
12.252	-7.105
12.260	-7.159
12.269	-7.231
12.272	-7.304
12.278	-7.376
12.280	-7.389
12.278	-7.405
12.291	-7.412
12.324	-7.431
12.402	-7.366
12.409	-7.361
12.431	-7.344
12.451	-7.325
12.470	-7.304
12.486	-7.287
12.501	-7.267
12.513	-7.247
12.535	-7.209
12.553	-7.169
12.573	-7.131
12.580	-7.117
12.594	-7.074
12.594	-7.090
12.593	-7.142
12.575	-7.193
12.571	-7.245
12.566	-7.300
12.568	-7.361
12.583	-7.415
12.586	-7.429
12.592	-7.442
12.598	-7.454
12.601	-7.461
12.603	-7.470
12.610	-7.474
12.636	-7.488
12.664	-7.495
12.692	-7.506
POLYLINE BLACK
12.652	-6.733
12.549	-6.841
POLYLINE BLACK
12.941	-6.970
12.874	-7.004
12.814	-7.038
12.814	-7.119
12.814	-7.152
12.819	-7.186
12.838	-7.214
12.843	-7.222
12.849	-7.229
12.855	-7.235
12.892	-7.267
12.932	-7.296
12.967	-7.330
12.969	-7.331
13.014	-7.370
13.000	-7.391
12.991	-7.404
12.965	-7.405
12.952	-7.404
12.916	-7.399
12.881	-7.392
12.845	-7.387
POLYLINE BLACK
13.297	-6.547
13.266	-7.455
POLYLINE BLACK
13.489	-6.906
13.459	-6.922
13.428	-6.937
13.399	-6.955
13.366	-6.975
13.339	-7.014
13.325	-7.049
13.305	-7.097
13.292	-7.151
13.299	-7.203
13.303	-7.234
13.320	-7.263
13.341	-7.286
13.391	-7.340
13.462	-7.345
13.528	-7.316
13.564	-7.301
13.590	-7.276
13.613	-7.245
13.628	-7.224
13.644	-7.157
13.657	-7.180
13.679	-7.216
13.648	-7.263
13.648	-7.305
13.648	-7.392
13.667	-7.404
13.717	-7.480
POLYLINE BLACK
11.342	-7.791
11.299	-7.824
11.254	-7.855
11.212	-7.890
11.105	-7.982
11.042	-8.224
11.175	-8.319
11.219	-8.351
11.275	-8.356
11.326	-8.343
11.425	-8.318
11.482	-8.230
11.549	-8.161
11.568	-8.142
11.579	-8.111
11.605	-8.103
11.618	-8.099
11.604	-8.130
11.604	-8.144
11.604	-8.179
11.601	-8.214
11.603	-8.249
11.606	-8.306
11.614	-8.366
11.648	-8.414
11.672	-8.449
11.710	-8.454
11.749	-8.467
POLYLINE BLACK
11.756	-7.695
11.712	-7.865
POLYLINE BLACK
12.118	-8.042
12.114	-7.972
12.123	-7.874
12.029	-7.921
11.990	-7.941
11.952	-7.965
11.929	-8.003
11.901	-8.047
11.893	-8.123
11.887	-8.163
11.882	-8.197
11.874	-8.249
11.893	-8.284
11.922	-8.337
12.006	-8.327
12.050	-8.304
12.102	-8.276
12.143	-8.215
12.168	-8.164
12.183	-8.131
12.194	-8.097
12.206	-8.062
12.214	-8.040
12.224	-7.971
12.227	-7.994
12.229	-8.021
12.184	-8.285
12.263	-8.326
12.295	-8.343
12.355	-8.320
12.379	-8.315
POLYLINE BLACK
12.636	-7.715
12.605	-7.739
12.567	-7.756
12.548	-7.791
12.504	-7.870
12.550	-7.980
12.603	-8.041
12.630	-8.072
12.718	-8.149
12.745	-8.208
12.757	-8.233
12.731	-8.272
12.704	-8.273
12.642	-8.278
12.580	-8.275
12.517	-8.275
POLYLINE BLACK
12.940	-7.835
12.953	-7.998
12.903	-8.180
12.980	-8.325
13.020	-8.400
13.040	-8.165
13.074	-8.087
13.089	-8.052
13.119	-8.012
13.148	-7.985
13.169	-7.965
13.207	-7.938
13.239	-7.952
13.307	-7.981
13.323	-8.213
13.327	-8.234
13.344	-8.316
13.454	-8.277
13.494	-8.243
13.543	-8.200
13.557	-8.138
13.594	-8.086
13.596	-8.083
13.599	-8.092
13.602	-8.095
13.602	-8.126
13.599	-8.157
13.601	-8.188
13.603	-8.216
13.610	-8.244
13.616	-8.272
13.634	-8.346
13.710	-8.301
13.745	-8.270
13.842	-8.186
13.881	-8.048
13.915	-7.933
13.923	-7.904
13.920	-7.874
13.923	-7.845
POLYLINE BLACK
13.738	-7.211
13.756	-7.183
13.773	-7.153
13.793	-7.126
13.820	-7.090
13.865	-7.060
13.908	-7.045
14.018	-7.007
14.089	-7.070
14.122	-7.171
14.136	-7.211
14.139	-7.258
14.128	-7.299
14.090	-7.434
13.872	-7.528
13.776	-7.397
13.703	-7.298
13.741	-7.077
13.866	-7.032
14.004	-6.983
14.107	-7.165
14.133	-7.274
14.164	-7.408
14.189	-7.543
14.217	-7.678
POLYLINE BLACK
13.939	-8.048
13.911	-7.967
13.896	-7.902
13.804	-7.941
13.778	-7.951
13.755	-7.971
13.741	-7.995
13.713	-8.041
13.701	-8.095
13.699	-8.148
13.698	-8.175
13.729	-8.227
13.732	-8.235
POLYLINE BLACK
6.145	-5.632
6.186	-5.595
6.223	-5.551
6.270	-5.521
6.874	-5.137
6.766	-5.245
7.417	-4.930
7.600	-4.842
7.782	-4.749
7.960	-4.651
7.966	-4.648
7.960	-4.637
7.955	-4.633
7.889	-4.585
7.551	-4.614
7.528	-4.615
POLYLINE BLACK
7.992	-4.652
7.616	-5.200
7.705	-4.978
7.603	-5.257
POLYLINE BLACK
7.259	-3.914
7.304	-3.972
7.338	-4.000
7.360	-4.064
7.381	-4.125
7.382	-4.194
7.368	-4.257
7.345	-4.358
7.240	-4.499
7.120	-4.449
7.017	-4.406
6.981	-4.268
7.021	-4.170
7.037	-4.128
7.068	-4.093
7.105	-4.067
7.162	-4.027
7.224	-4.028
7.293	-4.020
POLYLINE BLACK
7.552	-3.729
7.592	-3.757
7.643	-3.781
7.660	-3.830
7.703	-3.955
7.545	-4.106
7.496	-4.180
7.464	-4.229
7.454	-4.338
7.495	-4.386
7.525	-4.421
7.590	-4.442
7.613	-4.389
7.635	-4.340
7.610	-4.292
7.581	-4.254
7.537	-4.197
7.489	-4.144
7.447	-4.086
7.431	-4.064
7.420	-4.038
7.409	-4.013
7.363	-3.910
7.429	-3.863
7.527	-3.840
7.566	-3.831
7.621	-3.835
7.657	-3.834
POLYLINE BLACK
7.836	-4.271
7.831	-4.298
POLYLINE BLACK
8.022	-3.910
8.043	-3.873
8.063	-3.795
8.119	-3.786
8.143	-3.783
8.169	-3.791
8.189	-3.802
8.272	-3.847
8.258	-3.973
8.243	-4.048
8.227	-4.128
8.206	-4.139
8.170	-4.222
8.165	-4.232
8.165	-4.251
8.170	-4.261
8.183	-4.292
8.234	-4.299
8.258	-4.303
8.469	-4.335
8.478	-4.265
8.570	-4.080
POLYLINE BLACK
8.914	-3.556
8.862	-3.561
8.811	-3.563
8.759	-3.572
8.719	-3.578
8.685	-3.586
8.653	-3.609
8.584	-3.660
8.611	-3.801
8.647	-3.861
8.681	-3.918
8.721	-3.971
8.755	-4.027
8.758	-4.033
8.760	-4.040
8.760	-4.047
8.765	-4.109
8.665	-4.135
8.620	-4.135
8.579	-4.135
8.548	-4.120
8.507	-4.107
POLYLINE BLACK
7.143	-4.967
7.143	-4.963
POLYLINE BLACK
7.142	-4.963
7.142	-4.963
POLYLINE BLACK
6.137	-5.515
6.560	-4.899
POLYLINE BLACK
10.123	-3.472
10.190	-3.320
10.237	-3.158
10.322	-3.016
10.904	-2.050
11.156	-1.675
11.960	-0.944
12.439	-0.509
12.392	-0.724
12.602	-0.427
POLYLINE BLACK
12.507	-0.427
12.547	-0.426
12.587	-0.422
12.627	-0.423
12.696	-0.426
12.888	-0.486
12.906	-0.489
12.963	-0.498
13.021	-0.496
13.078	-0.495
13.267	-0.492
13.455	-0.482
13.643	-0.476
POLYLINE BLACK
10.766	-3.788
10.806	-3.735
10.840	-3.677
10.887	-3.629
10.967	-3.547
11.051	-3.468
11.143	-3.401
11.389	-3.221
11.636	-3.040
11.901	-2.889
12.266	-2.681
12.503	-2.612
12.858	-2.492
POLYLINE BLACK
13.616	-0.466
13.637	-0.468
13.658	-0.473
13.679	-0.473
13.787	-0.473
13.919	-0.426
14.007	-0.391
14.263	-0.290
14.720	-0.167
14.846	0.148
14.853	0.165
14.860	0.182
14.861	0.200
14.881	0.435
14.893	0.670
14.909	0.904
POLYLINE BLACK
15.035	1.280
14.937	1.086
15.007	1.231
14.862	0.829
POLYLINE BLACK
15.030	1.206
14.998	1.426
15.004	1.333
14.999	1.482
POLYLINE BLACK
15.881	0.725
15.580	1.409
15.670	1.126
15.550	1.552
POLYLINE BLACK
15.788	0.710
16.332	-0.166
15.943	0.504
16.293	-0.185
16.343	-0.285
16.396	-0.385
16.454	-0.482
16.479	-0.524
16.512	-0.561
16.540	-0.600
POLYLINE BLACK
16.549	-0.568
16.730	-0.981
16.915	-1.392
17.090	-1.808
17.134	-1.912
17.160	-2.024
17.207	-2.127
17.287	-2.304
17.386	-2.437
17.525	-2.572
17.742	-2.782
17.959	-2.991
18.190	-3.185
19.180	-4.019
18.582	-3.425
18.880	-3.724
POLYLINE BLACK
15.958	-0.962
15.975	-1.008
15.989	-1.055
16.009	-1.099
16.152	-1.421
16.308	-1.738
16.448	-2.062
16.799	-2.876
16.536	-2.412
16.785	-2.830
POLYLINE BLACK
15.635	1.525
15.641	1.602
15.666	1.668
15.719	1.725
15.990	2.012
15.878	1.933
16.035	2.037
POLYLINE BLACK
15.999	2.142
16.312	2.324
POLYLINE BLACK
16.136	2.091
16.302	2.180
16.227	2.135
16.362	2.222
POLYLINE BLACK
15.853	2.163
15.820	2.148
15.482	1.967
15.325	1.938
15.188	1.912
15.053	1.937
14.922	1.978
14.751	2.032
14.703	2.074
14.521	2.089
14.503	2.091
14.486	2.076
14.468	2.070
POLYLINE BLACK
14.297	2.077
14.251	2.095
14.206	2.112
14.161	2.129
14.131	2.143
14.103	2.160
14.071	2.171
14.057	2.177
14.041	2.175
14.025	2.177
POLYLINE BLACK
14.007	2.057
14.156	2.051
14.194	2.012
14.338	1.936
POLYLINE BLACK
14.581	1.847
14.665	1.817
14.741	1.801
14.812	1.751
14.848	1.727
14.881	1.698
14.915	1.672
POLYLINE BLACK
16.518	2.403
16.770	2.420
16.660	2.399
16.851	2.450
POLYLINE BLACK
16.636	2.585
16.705	2.557
16.772	2.527
16.841	2.501
16.862	2.493
16.884	2.492
16.905	2.485
16.923	2.479
16.911	2.457
16.904	2.449
16.801	2.327
16.828	2.355
16.756	2.286
POLYLINE BLACK
13.914	2.147
13.520	2.265
POLYLINE BLACK
13.731	2.299
13.709	2.269
13.597	2.320
13.565	2.307
13.525	2.291
13.538	2.206
13.550	2.178
13.584	2.098
13.623	2.021
13.659	1.943
POLYLINE BLACK
13.748	2.378
13.769	2.379
13.791	2.388
13.810	2.381
13.819	2.379
13.797	2.370
13.790	2.365
13.739	2.333
13.685	2.306
13.638	2.269
13.628	2.261
13.627	2.246
13.621	2.234
POLYLINE BLACK
16.712	-2.759
16.786	-2.824
16.859	-2.889
16.932	-2.954
17.285	-3.262
17.646	-3.561
17.991	-3.878
18.070	-3.950
18.131	-4.039
18.200	-4.120
POLYLINE BLACK
18.166	-4.150
18.200	-4.203
18.242	-4.253
18.268	-4.310
18.389	-4.570
18.526	-5.062
18.573	-5.292
18.836	-6.566
18.911	-7.105
19.087	-8.240
POLYLINE BLACK
18.849	-3.664
19.139	-4.440
19.073	-4.187
19.266	-5.033
19.381	-5.538
19.534	-6.038
19.600	-6.552
19.674	-7.123
19.656	-7.703
19.684	-8.279
POLYLINE BLACK
19.732	-8.168
19.809	-8.297
19.901	-8.364
20.028	-8.440
20.066	-8.462
20.108	-8.477
20.143	-8.503
20.210	-8.552
20.272	-8.608
20.330	-8.666
20.363	-8.699
20.392	-8.737
20.418	-8.777
20.566	-9.010
20.646	-9.252
20.581	-9.528
POLYLINE BLACK
19.097	-8.185
18.859	-8.218
19.025	-8.187
18.614	-8.339
POLYLINE BLACK
18.584	-8.316
18.584	-8.315
POLYLINE BLACK
19.457	-9.688
19.357	-9.781
19.250	-9.866
19.157	-9.966
19.070	-10.060
19.001	-10.169
18.920	-10.269
18.910	-10.282
18.890	-10.280
18.877	-10.273
18.872	-10.270
18.867	-10.266
18.862	-10.261
18.781	-10.179
18.699	-10.097
18.619	-10.013
18.608	-10.001
18.612	-9.982
18.621	-9.971
18.728	-9.831
19.438	-9.688
19.468	-9.680
19.472	-9.679
19.478	-9.684
19.479	-9.688
19.479	-9.695
19.475	-9.703
19.470	-9.708
19.414	-9.772
18.973	-10.228
18.992	-10.137
19.027	-9.976
19.225	-9.904
19.346	-9.792
19.355	-9.785
19.339	-9.815
19.332	-9.825
19.306	-9.858
19.280	-9.892
19.247	-9.920
19.143	-10.011
19.035	-10.096
18.925	-10.178
18.909	-10.191
18.854	-10.218
18.869	-10.204
19.019	-10.061
19.344	-9.998
19.333	-9.791
19.321	-9.597
19.024	-10.028
18.865	-10.140
18.857	-10.146
18.874	-10.122
18.878	-10.112
18.913	-10.078
18.946	-10.041
18.984	-10.011
19.071	-9.942
19.161	-9.880
19.252	-9.817
19.270	-9.805
19.290	-9.796
19.310	-9.787
19.314	-9.785
19.304	-9.793
19.301	-9.796
19.180	-9.871
19.061	-9.950
18.938	-10.021
18.898	-10.037
18.859	-10.054
18.820	-10.071
18.825	-10.063
18.828	-10.053
18.836	-10.048
18.963	-9.964
19.091	-9.881
19.222	-9.804
19.250	-9.787
19.342	-9.753
19.312	-9.765
19.153	-9.830
18.917	-9.959
18.717	-9.980
18.703	-9.982
18.740	-9.965
18.752	-9.959
18.924	-9.885
19.142	-9.878
19.270	-9.741
19.391	-9.612
18.942	-9.873
18.777	-9.934
18.754	-9.942
18.684	-9.957
18.706	-9.948
18.890	-9.876
19.076	-9.808
19.263	-9.742
19.267	-9.741
19.266	-9.749
19.268	-9.752
19.145	-9.842
19.020	-9.929
18.898	-10.022
18.868	-10.045
18.842	-10.073
18.814	-10.098
POLYLINE BLACK
19.134	-9.330
18.920	-9.512
18.709	-9.696
18.494	-9.877
18.475	-9.893
18.449	-9.868
18.441	-9.854
18.437	-9.848
18.324	-9.728
18.373	-9.680
18.377	-9.676
18.382	-9.672
18.387	-9.669
18.546	-9.591
18.704	-9.512
18.864	-9.436
18.938	-9.401
19.014	-9.369
19.089	-9.335
19.100	-9.330
19.110	-9.316
19.123	-9.319
19.131	-9.320
19.119	-9.335
19.113	-9.340
18.992	-9.457
18.870	-9.574
18.743	-9.684
18.699	-9.723
18.556	-9.823
18.601	-9.786
18.731	-9.680
18.867	-9.580
18.999	-9.476
19.000	-9.475
18.996	-9.476
18.995	-9.475
18.921	-9.519
18.847	-9.562
18.774	-9.606
18.709	-9.645
18.647	-9.688
18.581	-9.726
18.561	-9.737
18.541	-9.750
18.519	-9.752
18.509	-9.753
18.528	-9.736
18.535	-9.730
18.669	-9.631
18.805	-9.533
18.942	-9.438
18.961	-9.425
19.022	-9.393
19.003	-9.406
18.859	-9.507
18.715	-9.609
18.564	-9.702
18.515	-9.732
18.355	-9.804
18.405	-9.774
18.589	-9.665
18.782	-9.574
18.965	-9.464
19.093	-9.387
18.703	-9.608
18.569	-9.676
18.469	-9.726
18.505	-9.689
18.545	-9.667
18.641	-9.614
18.740	-9.565
18.835	-9.510
18.845	-9.504
18.811	-9.515
18.800	-9.519
18.697	-9.553
18.402	-9.684
18.491	-9.622
19.216	-9.276
19.156	-9.278
18.984	-9.390
18.793	-9.515
18.603	-9.639
18.412	-9.764
POLYLINE BLACK
18.665	-9.014
18.532	-9.165
18.400	-9.317
18.265	-9.466
18.249	-9.483
18.220	-9.496
18.197	-9.499
18.154	-9.503
18.100	-9.478
18.070	-9.450
18.037	-9.418
18.006	-9.385
17.976	-9.351
17.973	-9.347
17.972	-9.342
17.971	-9.337
17.966	-9.312
17.990	-9.287
18.009	-9.275
18.070	-9.235
18.129	-9.193
18.194	-9.161
18.353	-9.082
18.517	-9.012
18.680	-8.941
18.704	-8.931
18.701	-8.963
18.697	-8.973
18.692	-8.986
18.689	-9.000
18.681	-9.010
18.221	-9.538
17.890	-9.836
18.729	-9.055
18.732	-9.052
18.722	-9.057
18.718	-9.058
18.523	-9.192
18.330	-9.327
18.135	-9.458
18.122	-9.467
18.115	-9.463
18.119	-9.448
18.123	-9.438
18.127	-9.428
18.133	-9.419
18.165	-9.373
18.195	-9.325
18.232	-9.283
18.278	-9.230
18.330	-9.182
18.383	-9.136
18.416	-9.113
18.448	-9.090
18.481	-9.066
18.476	-9.073
18.472	-9.081
18.465	-9.086
18.353	-9.177
18.241	-9.269
18.125	-9.354
18.091	-9.373
18.058	-9.392
18.023	-9.409
18.022	-9.410
18.020	-9.407
18.018	-9.406
18.023	-9.400
18.027	-9.393
18.034	-9.388
18.154	-9.298
18.274	-9.207
18.398	-9.122
18.668	-8.939
18.511	-9.068
18.488	-9.082
18.362	-9.159
17.980	-9.387
18.108	-9.313
18.287	-9.209
18.462	-9.097
18.641	-8.993
18.644	-8.991
18.643	-8.999
18.644	-9.001
18.637	-9.012
18.631	-9.022
18.624	-9.032
18.557	-9.102
18.493	-9.177
18.421	-9.243
18.358	-9.301
18.287	-9.348
18.220	-9.400
18.206	-9.411
18.217	-9.394
18.218	-9.393
18.300	-9.315
18.381	-9.235
18.463	-9.158
18.481	-9.142
18.503	-9.130
18.519	-9.112
18.524	-9.106
18.503	-9.119
18.495	-9.123
18.348	-9.216
18.203	-9.313
18.053	-9.403
18.038	-9.412
18.075	-9.374
18.090	-9.365
18.214	-9.280
18.340	-9.197
18.470	-9.120
18.481	-9.114
18.456	-9.142
18.448	-9.154
18.391	-9.199
18.334	-9.246
18.276	-9.291
18.255	-9.307
18.232	-9.320
18.210	-9.334
POLYLINE BLACK
18.665	-8.338
18.509	-8.370
18.420	-8.390
18.252	-8.418
18.219	-8.423
18.185	-8.420
18.154	-8.430
18.030	-8.472
17.985	-8.499
17.893	-8.549
POLYLINE BLACK
20.545	-9.539
20.374	-9.729
20.211	-9.925
20.033	-10.109
19.929	-10.215
19.827	-10.325
19.702	-10.405
19.294	-10.670
18.864	-10.899
18.442	-11.141
18.423	-11.152
18.401	-11.158
18.380	-11.165
18.358	-11.171
18.336	-11.175
18.314	-11.180
POLYLINE BLACK
18.334	-11.193
18.278	-11.156
18.223	-11.118
18.167	-11.080
18.137	-11.063
18.103	-11.051
18.076	-11.029
17.902	-10.894
17.635	-10.590
17.524	-10.475
17.432	-10.380
17.453	-10.428
17.371	-10.292
17.347	-10.251
17.323	-10.208
17.306	-10.163
17.279	-10.090
17.270	-9.981
17.222	-9.907
17.194	-9.863
17.160	-9.821
17.129	-9.778
17.120	-9.766
17.109	-9.756
17.103	-9.743
17.062	-9.653
17.003	-9.529
16.991	-9.421
16.983	-9.351
16.982	-9.280
16.979	-9.210
16.979	-9.193
16.980	-9.170
16.987	-9.153
16.989	-9.148
16.991	-9.142
16.995	-9.138
17.032	-9.098
17.067	-9.056
17.109	-9.021
17.229	-8.918
17.359	-8.828
17.481	-8.726
17.509	-8.702
17.530	-8.671
17.556	-8.645
17.566	-8.635
17.588	-8.622
17.600	-8.614
POLYLINE BLACK
17.899	-8.446
17.719	-8.578
POLYLINE BLACK
18.242	-8.632
18.162	-8.754
18.085	-8.878
18.003	-8.998
17.993	-9.013
17.948	-9.088
17.908	-9.103
17.857	-9.122
17.760	-9.067
17.726	-9.054
17.695	-9.043
17.663	-9.035
17.632	-9.024
17.619	-9.020
17.619	-9.007
17.625	-8.998
17.635	-8.984
17.663	-8.965
17.671	-8.961
17.785	-8.897
17.904	-8.840
18.017	-8.774
18.066	-8.744
18.109	-8.704
18.158	-8.673
18.179	-8.659
18.203	-8.650
18.225	-8.638
18.232	-8.634
18.240	-8.629
18.248	-8.624
18.248	-8.625
18.250	-8.625
18.250	-8.626
18.249	-8.628
18.249	-8.631
18.247	-8.633
18.126	-8.767
18.003	-8.901
17.881	-9.035
POLYLINE BLACK
18.142	-8.778
18.257	-8.660
18.094	-8.830
17.932	-8.975
17.914	-8.992
17.892	-9.004
17.871	-9.018
17.860	-9.025
17.867	-9.010
17.867	-9.008
17.890	-8.977
17.908	-8.943
17.934	-8.916
17.996	-8.850
18.064	-8.789
18.130	-8.727
18.138	-8.720
18.147	-8.714
18.156	-8.708
18.157	-8.708
18.158	-8.710
18.159	-8.711
18.076	-8.789
17.997	-8.871
17.912	-8.946
17.884	-8.971
17.851	-8.989
17.819	-9.009
17.803	-9.016
17.788	-9.023
17.772	-9.030
17.769	-9.030
17.765	-9.032
17.764	-9.029
17.763	-9.026
17.765	-9.023
17.767	-9.020
17.778	-9.006
17.789	-8.990
17.803	-8.979
18.199	-8.652
18.268	-8.642
17.764	-8.980
17.744	-8.990
17.724	-9.002
17.703	-9.011
17.702	-9.012
17.700	-9.010
17.700	-9.008
17.702	-9.004
17.705	-9.001
17.708	-8.998
17.735	-8.974
17.760	-8.948
17.790	-8.927
17.887	-8.865
17.984	-8.802
18.081	-8.739
18.082	-8.740
18.084	-8.740
18.084	-8.741
18.083	-8.745
18.081	-8.749
18.078	-8.752
17.831	-9.064
17.960	-9.038
17.814	-9.063
POLYLINE BLACK
-5.915	-2.906
-5.999	-2.931
-6.090	-2.944
-6.177	-2.925
-6.213	-2.918
-6.239	-2.904
-6.273	-2.889
POLYLINE BLACK
-6.164	-2.887
-6.344	-2.894
-6.258	-2.898
-6.420	-2.881
POLYLINE GREEN
12.128	-1.294
12.128	-1.298
POLYLINE GREEN
13.006	-5.276
12.110	-5.245
12.424	-5.314
12.045	-5.222
POLYLINE GREEN
13.282	-4.557
12.900	-4.683
12.513	-4.798
12.134	-4.934
12.070	-4.957
12.012	-4.996
11.956	-5.034
11.804	-5.134
11.733	-5.227
11.690	-5.399
POLYLINE GREEN
12.018	-5.178
11.840	-5.536
11.910	-5.364
11.797	-5.691
POLYLINE GREEN
13.157	-4.587
13.295	-4.388
13.457	-4.177
13.476	-3.924
13.496	-3.662
13.393	-3.348
13.332	-3.129
13.291	-2.983
13.231	-2.753
13.076	-2.663
12.931	-2.579
12.749	-2.612
12.591	-2.621
POLYLINE GREEN
12.805	-5.577
12.757	-5.586
12.702	-5.588
12.665	-5.625
12.633	-5.655
12.621	-5.700
12.613	-5.742
12.597	-5.831
12.638	-5.914
12.714	-5.962
12.810	-6.022
12.952	-6.011
13.043	-5.945
13.088	-5.914
13.123	-5.864
13.141	-5.813
13.151	-5.783
13.159	-5.753
13.165	-5.722
13.170	-5.696
13.171	-5.670
13.172	-5.644
13.172	-5.634
13.168	-5.605
13.168	-5.615
13.164	-5.695
13.240	-5.851
13.296	-5.898
13.322	-5.920
13.356	-5.932
13.386	-5.949
POLYLINE GREEN
13.217	-5.467
13.196	-5.473
POLYLINE GREEN
13.756	-5.481
13.705	-5.437
13.647	-5.382
13.578	-5.422
13.453	-5.495
13.394	-5.718
13.554	-5.787
13.629	-5.819
13.697	-5.784
13.750	-5.727
13.764	-5.712
13.776	-5.694
13.788	-5.678
13.800	-5.661
13.806	-5.639
13.822	-5.628
13.831	-5.622
13.817	-5.649
13.816	-5.659
13.815	-5.670
13.817	-5.685
13.821	-5.695
13.861	-5.790
13.992	-5.725
14.055	-5.713
POLYLINE GREEN
14.206	-5.223
14.179	-5.230
14.153	-5.235
14.127	-5.244
14.061	-5.265
14.068	-5.383
14.128	-5.418
14.184	-5.451
14.262	-5.477
14.307	-5.532
14.357	-5.593
14.308	-5.695
14.236	-5.711
14.230	-5.713
14.224	-5.713
14.218	-5.713
14.173	-5.710
14.128	-5.707
14.083	-5.704
POLYLINE GREEN
14.506	-5.191
14.538	-5.310
14.571	-5.429
14.603	-5.549
14.606	-5.570
14.614	-5.633
14.611	-5.612
14.592	-5.468
14.575	-5.429
14.592	-5.299
14.596	-5.268
14.604	-5.236
14.613	-5.205
14.628	-5.157
14.691	-5.061
14.747	-5.121
14.784	-5.160
14.814	-5.227
14.834	-5.269
14.870	-5.344
14.880	-5.399
14.942	-5.456
15.001	-5.510
15.070	-5.433
15.100	-5.385
15.164	-5.280
15.176	-5.126
15.148	-5.008
15.147	-5.002
15.133	-4.998
15.131	-5.003
15.120	-5.028
15.121	-5.091
15.125	-5.118
15.132	-5.159
15.146	-5.194
15.167	-5.230
15.187	-5.266
15.216	-5.299
15.254	-5.318
15.291	-5.335
15.338	-5.339
15.375	-5.319
15.454	-5.276
15.461	-5.159
15.471	-5.082
15.474	-5.059
15.468	-5.033
15.480	-5.013
15.484	-5.005
15.497	-5.024
15.500	-5.032
15.578	-5.224
15.651	-5.417
15.724	-5.611
15.746	-5.671
15.672	-5.724
15.619	-5.709
15.566	-5.695
15.542	-5.623
15.535	-5.577
15.525	-5.517
15.518	-5.445
15.529	-5.382
15.541	-5.320
15.609	-5.287
15.650	-5.251
POLYLINE GREEN
14.150	-6.379
14.195	-6.448
14.246	-6.514
14.286	-6.586
14.325	-6.656
14.342	-6.872
14.388	-6.806
14.462	-6.698
14.394	-6.544
14.405	-6.413
14.418	-6.249
14.459	-6.233
14.547	-6.371
14.574	-6.413
14.598	-6.457
14.617	-6.504
14.644	-6.570
14.658	-6.774
14.684	-6.707
14.717	-6.619
14.652	-6.521
14.646	-6.428
14.643	-6.374
14.650	-6.321
14.655	-6.267
14.665	-6.160
14.763	-6.276
14.778	-6.312
14.906	-6.624
14.806	-6.508
14.912	-6.620
POLYLINE GREEN
14.970	-6.331
15.011	-6.266
15.058	-6.212
15.080	-6.140
15.092	-6.099
15.102	-6.033
15.067	-5.999
15.054	-5.985
15.034	-5.979
15.016	-5.979
14.962	-5.977
14.923	-6.012
14.906	-6.063
14.878	-6.150
14.884	-6.218
14.887	-6.319
14.890	-6.403
14.911	-6.470
14.970	-6.529
14.984	-6.543
15.000	-6.555
15.018	-6.562
15.112	-6.599
15.245	-6.530
15.321	-6.480
15.350	-6.460
15.382	-6.419
15.403	-6.396
POLYLINE GREEN
15.551	-6.014
15.547	-5.994
15.546	-5.946
15.530	-5.920
15.495	-5.861
15.397	-5.865
15.343	-5.889
15.324	-5.897
15.306	-5.912
15.293	-5.927
15.244	-5.979
15.236	-6.058
15.241	-6.126
15.249	-6.246
15.272	-6.359
15.393	-6.408
15.564	-6.478
15.621	-6.096
15.614	-6.008
15.613	-5.992
15.619	-5.968
15.605	-5.960
15.593	-5.953
15.597	-5.985
15.596	-5.999
15.594	-6.039
15.597	-6.084
15.610	-6.122
15.622	-6.155
15.637	-6.187
15.652	-6.219
15.706	-6.329
15.755	-6.279
15.834	-6.224
POLYLINE GREEN
15.876	-5.797
15.897	-5.945
15.877	-6.105
15.939	-6.241
15.964	-6.297
15.911	-5.871
15.984	-5.826
16.017	-5.806
16.064	-5.858
16.080	-5.877
16.103	-5.903
16.128	-5.944
16.138	-5.977
16.173	-6.093
16.174	-6.118
16.188	-6.215
POLYLINE GREEN
16.364	-5.762
16.395	-5.818
16.438	-5.875
16.438	-5.942
16.438	-5.985
16.429	-6.044
16.393	-6.072
16.349	-6.106
16.284	-6.067
16.258	-6.029
16.245	-6.010
16.237	-5.987
16.233	-5.965
16.211	-5.845
16.275	-5.609
16.439	-5.694
16.493	-5.721
16.516	-5.781
16.544	-5.831
POLYLINE GREEN
16.397	-5.184
16.405	-5.655
16.386	-5.446
16.481	-6.013
16.486	-6.042
16.518	-6.024
16.527	-6.010
16.594	-5.909
16.660	-5.807
16.724	-5.704
16.754	-5.655
16.722	-5.588
16.694	-5.548
16.647	-5.482
16.601	-5.471
16.612	-5.575
16.620	-5.650
16.630	-5.726
16.644	-5.801
16.660	-5.883
16.709	-5.951
16.764	-5.849
16.813	-5.752
16.863	-5.655
16.912	-5.558
16.915	-5.555
16.917	-5.552
16.921	-5.550
16.934	-5.546
16.945	-5.571
16.947	-5.578
16.968	-5.663
16.986	-5.749
17.008	-5.833
17.013	-5.856
17.030	-5.874
17.041	-5.843
17.055	-5.806
17.064	-5.767
17.079	-5.731
17.109	-5.661
17.124	-5.665
17.161	-5.599
17.198	-5.531
17.227	-5.434
17.170	-5.368
17.130	-5.322
17.067	-5.348
17.030	-5.385
16.959	-5.456
16.919	-5.627
16.941	-5.724
16.946	-5.750
16.954	-5.775
16.964	-5.800
16.980	-5.840
17.003	-5.890
17.049	-5.903
17.092	-5.916
17.147	-5.892
17.183	-5.883
POLYLINE GREEN
17.203	-4.965
17.241	-5.109
17.279	-5.253
17.317	-5.397
17.328	-5.487
17.331	-5.579
17.351	-5.668
17.361	-5.715
17.389	-5.757
17.407	-5.801
POLYLINE GREEN
17.657	-5.084
17.558	-5.213
17.458	-5.342
17.360	-5.472
17.323	-5.521
17.375	-5.553
17.414	-5.571
17.570	-5.640
17.727	-5.708
17.883	-5.777
POLYLINE GREEN
11.738	-5.811
11.503	-6.135
POLYLINE GREEN
11.363	-6.024
10.946	-6.107
POLYLINE GREEN
11.544	-5.462
11.500	-5.550
11.458	-5.636
11.420	-5.726
POLYLINE GREEN
14.451	-1.209
14.613	-1.882
14.566	-2.582
14.405	-3.247
14.299	-3.682
14.170	-4.111
14.039	-4.539
14.007	-4.646
13.959	-4.747
13.915	-4.850
13.908	-4.865
13.897	-4.880
13.886	-4.893
13.802	-4.995
13.619	-5.093
13.503	-5.135
13.138	-5.268
13.156	-5.260
12.912	-5.298
POLYLINE BLACK
13.591	-1.718
15.013	-1.337
13.279	-1.784
14.726	-1.469
14.799	-1.453
14.871	-1.430
14.938	-1.397
15.078	-1.328
15.216	-1.253
15.345	-1.165
15.522	-1.044
15.683	-0.901
15.853	-0.772
15.926	-0.718
16.045	-0.780
16.076	-0.853
16.143	-1.011
16.152	-1.065
16.196	-1.229
POLYLINE BLACK
12.769	-2.521
12.886	-2.411
13.004	-2.303
13.118	-2.190
13.157	-2.150
13.187	-2.100
13.230	-2.064
13.523	-1.818
13.475	-1.851
13.702	-1.746
POLYLINE BLACK
10.273	-4.829
10.306	-5.140
10.299	-5.005
10.304	-5.232
POLYLINE GREEN
-5.124	0.667
-5.124	0.669
POLYLINE GREEN
-5.590	-1.160
-5.472	-1.197
-5.486	-1.192
-5.393	-1.263
POLYLINE GREEN
-5.640	-1.973
-5.390	-2.101
POLYLINE GREEN
-5.829	-2.494
-5.593	-2.621
-5.685	-2.562
-5.545	-2.658
POLYLINE GREEN
-5.701	-2.028
-5.661	-1.729
-5.645	-1.427
-5.583	-1.132
-5.504	-0.760
-5.430	-0.585
-5.316	-0.304
POLYLINE GREEN
-4.597	-0.224
-4.599	-0.167
-4.603	-0.109
-4.603	-0.052
-4.601	0.065
-4.575	0.183
-4.591	0.299
-4.648	0.711
-4.700	0.820
-4.818	1.129
POLYLINE GREEN
-5.075	-0.123
-5.039	-0.146
-4.942	-0.170
-4.918	-0.218
-4.900	-0.253
-4.922	-0.283
-4.945	-0.309
-4.979	-0.348
-5.014	-0.385
-5.049	-0.422
-5.051	-0.424
-5.055	-0.424
-5.057	-0.423
-5.066	-0.421
-5.073	-0.412
-5.078	-0.406
-5.100	-0.377
-5.121	-0.347
-5.145	-0.320
-5.145	-0.320
-5.197	-0.281
-5.210	-0.256
-5.222	-0.233
-5.191	-0.200
-5.175	-0.189
-5.139	-0.164
-5.102	-0.139
-5.064	-0.117
-5.055	-0.112
-5.045	-0.111
-5.035	-0.108
POLYLINE GREEN
-4.447	0.021
-4.456	-0.095
-4.478	-0.060
-4.443	-0.104
POLYLINE GREEN
-4.382	0.024
-4.392	-0.125
-4.419	-0.163
-4.387	-0.115
POLYLINE GREEN
-4.314	0.022
-4.320	-0.103
-4.314	-0.050
-4.326	-0.136
POLYLINE GREEN
-4.460	-0.190
-4.477	-0.274
-4.475	-0.237
-4.473	-0.301
POLYLINE GREEN
-4.381	-0.174
-4.394	-0.303
POLYLINE GREEN
-4.310	-0.183
-4.329	-0.337
POLYLINE GREEN
-5.988	2.426
-5.795	2.307
-5.596	2.199
-5.409	2.071
-5.325	2.013
-5.250	1.942
-5.178	1.869
-5.119	1.809
-4.968	1.631
-4.925	1.526
-4.872	1.395
-4.827	1.260
-4.784	1.125
-4.766	1.065
-4.765	1.021
-4.762	0.964
POLYLINE GREEN
-6.533	2.287
-6.529	2.285
POLYLINE GREEN
-6.104	2.577
-6.286	3.005
-6.207	2.864
-6.298	3.024
POLYLINE GREEN
-6.644	2.349
-6.669	2.656
POLYLINE GREEN
-6.852	2.938
-6.902	3.305
POLYLINE GREEN
-6.326	3.216
-6.485	3.637
POLYLINE GREEN
-7.372	4.856
-7.287	4.893
-7.295	4.895
-7.201	4.912
-7.163	4.918
-7.116	4.916
-7.087	4.886
-7.067	4.865
-7.059	4.832
-7.056	4.804
-7.052	4.772
-7.048	4.713
-7.058	4.677
-7.127	4.433
-7.078	4.641
-7.165	4.403
-7.179	4.367
-7.186	4.330
-7.195	4.293
-7.197	4.280
-7.198	4.267
-7.199	4.255
-7.201	4.229
-7.184	4.206
-7.162	4.194
-7.104	4.163
-7.080	4.166
-7.009	4.169
-6.989	4.170
-6.967	4.175
-6.950	4.184
-6.897	4.210
-6.864	4.257
-6.824	4.300
POLYLINE GREEN
-7.031	3.896
-7.019	3.879
-6.985	3.836
-7.027	3.834
-7.032	3.834
-7.046	3.833
-7.048	3.842
-7.053	3.859
-7.030	3.864
-7.020	3.868
POLYLINE GREEN
-6.263	5.143
-6.235	5.031
-6.209	4.918
-6.179	4.806
-6.177	4.796
-6.166	4.796
-6.162	4.806
-6.136	4.876
-6.114	4.948
-6.089	5.018
-6.088	5.022
-6.085	5.024
-6.082	5.026
-6.055	5.049
-6.007	4.995
-6.000	4.973
-5.989	4.937
-5.981	4.900
-5.971	4.864
-5.963	4.839
-5.933	4.813
-5.905	4.822
-5.886	4.829
-5.871	4.852
-5.862	4.866
-5.811	4.948
-5.796	5.016
-5.790	5.114
-5.789	5.137
-5.789	5.161
-5.794	5.184
-5.796	5.191
-5.801	5.173
-5.803	5.166
-5.806	5.152
-5.807	5.136
-5.807	5.121
-5.808	5.102
-5.807	5.082
-5.803	5.062
-5.795	5.012
-5.777	4.972
-5.752	4.927
-5.743	4.910
-5.724	4.878
-5.701	4.871
-5.664	4.860
-5.609	4.903
-5.590	4.928
-5.582	4.939
-5.575	4.952
-5.567	4.963
POLYLINE GREEN
-5.718	5.475
-5.742	5.392
-5.732	5.436
-5.747	5.344
POLYLINE GREEN
-5.454	5.352
-5.478	5.354
-5.502	5.360
-5.524	5.347
-5.574	5.318
-5.579	5.236
-5.540	5.196
-5.486	5.142
-5.450	5.135
-5.384	5.095
-5.365	5.084
-5.330	5.057
-5.330	5.029
-5.330	5.014
-5.339	4.999
-5.348	4.986
-5.380	4.943
-5.437	4.924
-5.482	4.959
-5.507	4.979
-5.513	5.019
-5.523	5.044
POLYLINE GREEN
-5.279	5.604
-5.156	4.862
POLYLINE GREEN
-4.987	5.450
-5.028	5.376
-5.152	5.207
-5.164	5.100
-5.168	5.062
-5.170	5.008
-5.139	4.980
-5.110	4.953
-5.060	4.952
-5.024	4.960
-4.970	4.973
-4.914	4.989
-4.872	5.027
-4.795	5.098
-4.775	5.206
-4.780	5.306
-4.780	5.318
-4.782	5.330
-4.785	5.341
-4.792	5.365
-4.820	5.345
-4.828	5.333
-4.836	5.322
-4.839	5.306
-4.839	5.292
-4.837	5.257
-4.826	5.210
-4.815	5.180
-4.789	5.111
-4.724	5.008
-4.635	5.037
-4.585	5.054
-4.569	5.098
-4.541	5.142
POLYLINE GREEN
-4.812	5.637
-4.827	5.485
POLYLINE GREEN
-5.980	4.459
-5.999	4.465
-6.022	4.477
-6.045	4.476
-6.093	4.473
-6.127	4.416
-6.129	4.372
-6.133	4.309
-6.119	4.251
-6.091	4.193
-6.083	4.177
-6.065	4.144
-6.045	4.134
-6.006	4.116
-5.945	4.136
-5.910	4.147
-5.880	4.156
-5.856	4.172
-5.836	4.196
-5.802	4.237
-5.796	4.287
-5.789	4.339
-5.786	4.357
-5.790	4.377
-5.783	4.394
-5.780	4.402
-5.778	4.378
-5.776	4.370
-5.769	4.343
-5.766	4.314
-5.756	4.287
-5.744	4.251
-5.727	4.215
-5.710	4.180
-5.698	4.156
-5.675	4.108
-5.638	4.113
-5.614	4.117
-5.584	4.153
-5.577	4.159
POLYLINE GREEN
-5.800	4.653
-5.800	4.620
POLYLINE GREEN
-5.371	4.413
-5.399	4.457
-5.422	4.483
-5.475	4.481
-5.494	4.481
-5.517	4.476
-5.534	4.464
-5.565	4.442
-5.583	4.402
-5.597	4.369
-5.602	4.356
-5.609	4.331
-5.608	4.316
-5.606	4.283
-5.600	4.236
-5.574	4.212
-5.549	4.189
-5.513	4.181
-5.480	4.181
-5.407	4.182
-5.332	4.261
-5.317	4.330
-5.315	4.340
-5.313	4.350
-5.313	4.360
-5.313	4.368
-5.309	4.386
-5.316	4.383
-5.324	4.380
-5.320	4.366
-5.321	4.357
-5.328	4.301
-5.298	4.230
-5.232	4.257
-5.148	4.291
-5.108	4.341
-5.092	4.429
-5.090	4.438
-5.095	4.472
-5.075	4.470
-5.071	4.470
-5.066	4.469
-5.063	4.466
-5.033	4.448
-5.003	4.430
-4.976	4.408
-4.925	4.367
-4.870	4.294
-4.937	4.240
-4.962	4.219
-4.982	4.216
-5.015	4.202
POLYLINE GREEN
-4.805	4.626
-4.761	4.523
-4.719	4.419
-4.673	4.316
-4.667	4.302
-4.648	4.329
-4.648	4.330
-4.636	4.351
-4.624	4.371
-4.616	4.393
-4.599	4.437
-4.589	4.484
-4.574	4.528
-4.569	4.545
-4.546	4.524
-4.543	4.519
-4.527	4.496
-4.512	4.473
-4.498	4.449
-4.490	4.435
-4.483	4.419
-4.478	4.404
-4.470	4.380
-4.465	4.356
-4.458	4.333
POLYLINE GREEN
-4.162	4.613
-4.183	4.658
-4.189	4.684
-4.216	4.718
-4.227	4.731
-4.246	4.743
-4.259	4.750
-4.339	4.793
-4.436	4.765
-4.467	4.676
-4.489	4.614
-4.471	4.546
-4.447	4.487
-4.436	4.460
-4.408	4.404
-4.377	4.390
-4.331	4.370
-4.262	4.392
-4.222	4.416
-4.189	4.436
-4.165	4.471
-4.148	4.504
-4.132	4.535
-4.133	4.575
-4.140	4.608
-4.141	4.612
-4.146	4.617
-4.148	4.615
-4.160	4.604
-4.170	4.545
-4.170	4.542
-4.177	4.498
-4.164	4.412
-4.125	4.382
-4.104	4.366
-4.081	4.358
-4.056	4.347
POLYLINE GREEN
-3.998	4.764
-3.972	4.656
-3.947	4.548
-3.920	4.440
-3.919	4.435
-3.913	4.427
-3.906	4.426
-3.900	4.425
-3.893	4.432
-3.890	4.436
-3.882	4.446
-3.874	4.456
-3.867	4.467
-3.858	4.483
-3.852	4.500
-3.843	4.515
-3.830	4.539
-3.801	4.539
-3.778	4.532
-3.764	4.527
-3.751	4.519
-3.739	4.509
-3.718	4.491
-3.669	4.411
-3.643	4.470
-3.638	4.482
-3.631	4.493
-3.629	4.506
-3.620	4.604
-3.611	4.701
-3.603	4.798
-3.601	4.799
-3.600	4.801
-3.598	4.800
-3.596	4.799
-3.593	4.797
-3.592	4.794
-3.582	4.777
-3.528	4.657
-3.482	4.613
-3.461	4.594
-3.426	4.568
-3.398	4.590
-3.369	4.613
-3.336	4.686
-3.334	4.720
-3.331	4.782
-3.333	4.844
-3.333	4.907
-3.333	4.919
-3.341	4.955
-3.336	4.944
-3.320	4.911
-3.313	4.874
-3.301	4.839
-3.264	4.765
-3.228	4.691
-3.191	4.618
-3.184	4.605
-3.168	4.593
-3.153	4.592
-3.091	4.586
-3.058	4.699
-3.049	4.727
-3.031	4.778
-3.018	4.830
-3.008	4.883
-3.001	4.922
-2.999	4.961
-2.998	5.000
-2.997	5.017
-2.999	5.034
-3.002	5.051
-3.003	5.057
-3.004	5.064
-3.007	5.070
-3.009	5.072
-3.013	5.072
-3.014	5.071
-3.019	5.068
-3.021	5.063
-3.023	5.058
-3.031	5.040
-3.042	5.022
-3.044	5.002
-3.066	4.764
-3.044	4.424
-3.128	4.162
-3.151	4.088
-3.198	4.008
-3.268	3.969
-3.352	3.923
-3.455	3.920
-3.544	3.953
-3.568	3.962
-3.597	3.986
-3.615	3.998
POLYLINE GREEN
-5.692	3.825
-5.578	3.275
POLYLINE GREEN
-5.412	3.808
-5.497	3.730
-5.558	3.659
-5.597	3.552
-5.606	3.527
-5.607	3.504
-5.606	3.478
-5.605	3.438
-5.593	3.405
-5.553	3.392
-5.536	3.386
-5.519	3.383
-5.501	3.384
-5.464	3.386
-5.430	3.399
-5.396	3.414
-5.345	3.435
-5.308	3.476
-5.286	3.526
-5.277	3.546
-5.263	3.589
-5.267	3.612
-5.268	3.616
-5.275	3.611
-5.277	3.608
-5.283	3.601
-5.287	3.592
-5.291	3.583
-5.299	3.562
-5.303	3.541
-5.303	3.519
-5.302	3.470
-5.277	3.391
-5.219	3.382
-5.169	3.375
-5.112	3.435
-5.089	3.473
-5.057	3.530
-5.043	3.649
-5.098	3.697
-5.115	3.713
-5.137	3.719
-5.159	3.722
-5.181	3.725
-5.208	3.724
-5.226	3.708
-5.267	3.671
-5.265	3.597
-5.270	3.550
POLYLINE GREEN
-4.966	3.753
-4.935	3.646
-4.905	3.538
-4.873	3.431
-4.871	3.426
-4.868	3.421
-4.865	3.417
-4.855	3.402
-4.852	3.428
-4.852	3.432
-4.849	3.445
-4.827	3.626
-4.787	3.645
-4.762	3.657
-4.723	3.611
-4.709	3.601
-4.691	3.588
-4.665	3.577
-4.642	3.581
-4.594	3.589
-4.563	3.653
-4.536	3.686
-4.529	3.694
-4.513	3.709
-4.502	3.697
-4.444	3.629
-4.441	3.187
-4.441	3.159
-4.440	3.130
-4.444	3.076
-4.480	3.064
-4.484	3.062
-4.489	3.060
-4.493	3.062
-4.511	3.069
-4.528	3.080
-4.545	3.089
POLYLINE GREEN
-4.385	3.986
-4.281	3.316
-4.332	3.557
-4.266	3.256
POLYLINE GREEN
-4.451	3.632
-4.052	3.815
POLYLINE GREEN
-3.965	3.678
-3.946	3.684
-3.929	3.686
-3.916	3.698
-3.908	3.705
-3.901	3.715
-3.898	3.724
-3.878	3.772
-3.880	3.821
-3.925	3.853
-3.960	3.878
-4.000	3.866
-4.036	3.850
-4.054	3.842
-4.076	3.828
-4.087	3.810
-4.109	3.773
-4.116	3.724
-4.115	3.681
-4.113	3.628
-4.106	3.560
-4.078	3.512
-4.050	3.463
-3.966	3.493
-3.935	3.523
-3.913	3.544
-3.892	3.566
-3.873	3.591
-3.858	3.610
-3.846	3.630
-3.834	3.652
-3.827	3.663
-3.822	3.676
-3.818	3.688
-3.814	3.698
-3.812	3.708
-3.811	3.719
-3.810	3.722
-3.811	3.731
-3.812	3.728
-3.847	3.645
-3.834	3.600
-3.810	3.514
-3.807	3.503
-3.801	3.490
-3.790	3.484
-3.766	3.473
-3.734	3.497
-3.719	3.512
-3.689	3.540
-3.669	3.578
-3.654	3.616
-3.640	3.650
-3.631	3.685
-3.621	3.720
-3.618	3.731
-3.617	3.765
-3.614	3.754
-3.608	3.734
-3.616	3.713
-3.613	3.693
-3.609	3.664
-3.600	3.636
-3.592	3.608
-3.590	3.600
-3.586	3.586
-3.578	3.579
-3.555	3.562
-3.516	3.602
-3.505	3.614
-3.472	3.650
-3.456	3.683
-3.436	3.730
-3.427	3.753
-3.425	3.779
-3.413	3.801
-3.410	3.806
-3.408	3.789
-3.407	3.784
-3.403	3.761
-3.401	3.739
-3.396	3.717
-3.394	3.704
-3.385	3.672
-3.368	3.667
-3.354	3.663
-3.336	3.676
-3.327	3.684
-3.279	3.729
-3.266	3.750
-3.231	3.811
-3.218	3.834
-3.208	3.859
-3.195	3.883
-3.193	3.887
-3.190	3.891
-3.186	3.893
-3.184	3.894
-3.181	3.894
-3.179	3.893
-3.177	3.890
-3.175	3.885
-3.176	3.881
-3.181	3.548
-3.157	3.409
-3.217	3.146
-3.222	3.127
-3.235	3.083
-3.254	3.065
-3.284	3.036
-3.360	3.057
-3.379	3.091
-3.430	3.185
-3.375	3.345
-3.332	3.426
-3.315	3.457
-3.076	3.797
-3.031	3.969
-3.012	4.040
-3.008	4.093
-3.013	4.164
-3.015	4.182
-3.019	4.200
-3.023	4.217
-3.024	4.221
-3.026	4.226
-3.030	4.228
-3.039	4.234
-3.049	4.215
-3.050	4.214
-3.059	4.196
-3.077	4.156
-3.076	4.135
-3.072	3.993
-3.062	3.852
-3.053	3.710
-3.052	3.694
-3.047	3.666
-3.030	3.656
-3.003	3.641
-2.963	3.676
-2.950	3.694
-2.923	3.733
-2.899	3.774
-2.874	3.814
-2.867	3.826
-2.864	3.840
-2.855	3.850
-2.849	3.858
-2.864	3.833
-2.866	3.823
-2.869	3.812
-2.872	3.800
-2.873	3.789
-2.874	3.770
-2.875	3.750
-2.873	3.731
-2.871	3.706
-2.868	3.655
-2.830	3.661
-2.824	3.662
-2.812	3.666
-2.807	3.669
-2.780	3.691
-2.755	3.714
-2.729	3.737
POLYLINE GREEN
15.327	-7.048
15.307	-7.176
15.280	-7.302
15.268	-7.431
15.235	-7.777
15.244	-8.128
15.191	-8.472
15.154	-8.711
15.077	-8.943
14.999	-9.172
14.908	-9.440
14.755	-9.727
14.573	-9.948
14.463	-10.080
14.342	-10.202
14.215	-10.317
14.119	-10.404
14.011	-10.479
13.904	-10.551
13.757	-10.651
13.553	-10.726
13.376	-10.662
13.242	-10.613
13.101	-10.484
13.026	-10.371
12.849	-10.107
12.692	-9.830
12.526	-9.559
POLYLINE GREEN
12.621	-11.289
12.656	-11.415
12.592	-11.653
12.673	-11.801
12.684	-11.821
12.699	-11.838
12.722	-11.841
12.767	-11.847
12.836	-11.798
12.869	-11.780
POLYLINE GREEN
12.923	-11.066
12.293	-11.335
POLYLINE GREEN
13.199	-11.336
13.175	-11.439
13.141	-11.501
13.054	-11.563
13.032	-11.578
13.009	-11.588
12.982	-11.584
12.883	-11.570
12.871	-11.446
12.912	-11.373
12.930	-11.342
12.958	-11.319
12.988	-11.303
13.056	-11.267
13.115	-11.303
13.154	-11.362
13.171	-11.387
13.183	-11.417
13.189	-11.446
13.216	-11.579
13.151	-11.694
13.157	-11.823
13.161	-11.906
13.225	-11.971
13.305	-11.987
13.334	-11.993
13.371	-11.982
13.397	-11.977
POLYLINE GREEN
13.565	-11.201
13.526	-11.216
13.470	-11.224
13.455	-11.271
13.441	-11.314
13.447	-11.491
13.523	-11.471
13.537	-11.468
13.558	-11.455
13.566	-11.446
13.645	-11.356
13.718	-11.261
13.798	-11.172
13.819	-11.148
13.831	-11.208
13.832	-11.210
13.850	-11.280
13.880	-11.426
13.984	-11.379
14.061	-11.345
14.120	-11.279
14.154	-11.203
14.169	-11.170
14.178	-11.135
14.189	-11.101
14.195	-11.082
14.190	-11.031
14.205	-11.044
14.224	-11.059
14.206	-11.093
14.209	-11.117
14.215	-11.166
14.264	-11.177
14.304	-11.168
14.365	-11.153
14.421	-11.100
14.463	-11.058
14.497	-11.024
14.541	-10.970
14.540	-10.917
14.539	-10.879
14.511	-10.848
14.483	-10.826
14.418	-10.775
14.360	-10.759
14.292	-10.816
14.233	-10.864
14.210	-10.934
14.203	-11.008
14.191	-11.125
14.203	-11.163
14.226	-11.284
14.230	-11.307
14.240	-11.328
14.242	-11.351
14.251	-11.430
14.254	-11.535
14.219	-11.610
14.207	-11.637
14.191	-11.661
14.176	-11.686
POLYLINE GREEN
13.017	-12.183
12.999	-12.192
12.961	-12.202
12.945	-12.225
12.932	-12.244
12.935	-12.273
12.942	-12.294
12.955	-12.330
12.976	-12.382
13.003	-12.412
13.073	-12.494
13.174	-12.558
13.159	-12.680
13.154	-12.717
13.128	-12.747
13.103	-12.772
13.063	-12.811
12.982	-12.884
12.918	-12.883
12.893	-12.882
12.869	-12.871
12.849	-12.856
12.798	-12.818
12.775	-12.774
12.779	-12.709
12.782	-12.660
12.790	-12.617
12.810	-12.572
12.835	-12.516
12.870	-12.466
12.915	-12.423
13.002	-12.339
13.068	-12.298
13.176	-12.243
13.191	-12.235
13.238	-12.216
13.265	-12.214
13.295	-12.211
13.328	-12.227
13.348	-12.249
13.381	-12.286
13.414	-12.328
13.433	-12.374
13.483	-12.498
13.466	-12.589
13.614	-12.566
13.641	-12.562
13.676	-12.550
13.695	-12.529
13.784	-12.434
13.836	-12.380
13.895	-12.268
13.934	-12.195
13.946	-12.116
13.958	-12.035
13.966	-11.977
13.951	-11.932
13.893	-11.914
13.861	-11.904
13.824	-11.923
13.802	-11.945
13.735	-12.013
13.707	-12.055
13.706	-12.151
13.706	-12.234
13.739	-12.322
13.800	-12.381
13.854	-12.434
13.915	-12.481
13.970	-12.534
13.983	-12.546
13.999	-12.566
14.005	-12.585
14.027	-12.657
13.989	-12.820
13.894	-12.829
13.836	-12.835
13.767	-12.793
13.722	-12.775
POLYLINE GREEN
13.832	-11.746
13.832	-11.755
POLYLINE GREEN
10.322	-6.233
10.319	-6.235
POLYLINE GREEN
10.328	-6.243
10.723	-6.341
10.522	-6.312
10.932	-6.328
POLYLINE GREEN
11.194	-6.269
11.428	-6.211
11.300	-6.234
11.579	-6.209
POLYLINE GREEN
10.981	-5.831
11.367	-5.905
11.211	-5.886
11.447	-5.909
POLYLINE BLACK
-6.188	-2.994
-7.063	-3.197
-6.734	-3.157
-7.159	-3.201
POLYLINE BLACK
-6.904	-4.248
-7.446	-3.829
-7.269	-3.993
-7.473	-3.802
POLYLINE BLACK
-8.057	-3.040
-8.024	-3.000
-7.997	-2.971
-7.947	-2.956
-7.892	-2.939
-7.842	-2.927
-7.786	-2.928
-7.759	-2.928
-7.728	-2.937
-7.704	-2.947
-7.633	-2.979
-7.590	-3.015
-7.604	-3.096
-7.607	-3.114
-7.613	-3.131
-7.623	-3.147
-7.627	-3.153
-7.631	-3.160
-7.637	-3.165
-7.761	-3.259
-7.889	-3.347
-8.012	-3.442
-8.048	-3.469
-8.086	-3.514
-8.091	-3.561
-8.103	-3.690
-7.913	-3.743
-7.816	-3.712
-7.761	-3.694
-7.712	-3.662
-7.675	-3.618
-7.662	-3.602
-7.651	-3.584
-7.640	-3.567
POLYLINE BLACK
-8.061	-4.104
-8.044	-4.123
POLYLINE BLACK
-7.913	-4.127
-7.984	-4.061
POLYLINE BLACK
1.164	-0.370
1.175	-0.351
1.184	-0.331
1.197	-0.313
1.230	-0.263
1.328	-0.229
1.387	-0.245
1.475	-0.269
1.470	-0.330
1.448	-0.406
1.444	-0.421
1.440	-0.436
1.431	-0.449
1.368	-0.539
1.301	-0.625
1.235	-0.712
1.218	-0.734
1.190	-0.749
1.180	-0.776
1.178	-0.780
1.237	-0.760
1.239	-0.759
1.257	-0.755
1.278	-0.757
1.295	-0.764
1.342	-0.785
1.440	-0.870
1.443	-0.872
1.458	-0.883
1.480	-0.886
1.498	-0.883
1.585	-0.867
1.593	-0.725
1.607	-0.672
POLYLINE BLACK
1.719	-0.467
1.733	-0.502
1.746	-0.538
1.759	-0.573
1.772	-0.656
1.757	-0.749
1.799	-0.822
1.824	-0.865
1.809	-0.724
1.817	-0.675
1.821	-0.657
1.827	-0.638
1.835	-0.621
1.846	-0.592
1.866	-0.552
1.902	-0.549
1.927	-0.547
1.952	-0.561
1.970	-0.577
1.986	-0.590
1.998	-0.612
2.002	-0.632
2.010	-0.669
1.995	-0.769
2.023	-0.744
2.056	-0.714
2.022	-0.655
2.024	-0.611
2.026	-0.575
2.044	-0.513
2.081	-0.495
2.100	-0.485
2.122	-0.490
2.142	-0.498
2.228	-0.533
2.218	-0.661
2.233	-0.730
2.242	-0.772
2.259	-0.808
2.283	-0.843
2.304	-0.876
2.350	-0.887
2.381	-0.859
2.408	-0.834
2.432	-0.806
2.458	-0.780
POLYLINE BLACK
0.466	-3.116
0.449	-3.057
0.430	-2.952
0.390	-2.889
0.382	-2.876
0.355	-2.841
0.361	-2.855
0.542	-3.266
0.372	-2.819
0.466	-3.073
POLYLINE BLACK
1.505	-1.181
1.501	-1.206
1.499	-1.231
1.493	-1.256
1.490	-1.268
1.487	-1.281
1.480	-1.291
1.436	-1.362
1.394	-1.435
1.341	-1.498
1.178	-1.689
1.048	-1.738
0.961	-1.952
0.891	-2.123
0.830	-2.298
0.779	-2.475
0.515	-3.381
0.718	-2.901
0.583	-3.214
POLYLINE BLACK
0.700	-2.632
0.332	-2.397
0.712	-2.629
0.405	-2.468
0.381	-2.456
0.360	-2.438
0.338	-2.423
POLYLINE BLACK
0.951	-1.979
0.853	-1.881
0.717	-1.837
0.586	-1.802
POLYLINE GREEN
2.870	-3.647
2.828	-3.503
2.729	-3.389
2.636	-3.276
POLYLINE GREEN
2.323	-3.665
2.105	-3.420
2.269	-3.620
2.081	-3.347
2.062	-3.318
2.039	-3.292
2.018	-3.265
POLYLINE GREEN
1.749	-3.927
1.577	-3.527
1.655	-3.671
1.545	-3.478
POLYLINE GREEN
1.628	-1.427
1.585	-1.904
1.631	-1.732
1.563	-1.956
POLYLINE GREEN
0.969	-1.835
0.978	-1.962
0.975	-1.889
0.971	-2.053
POLYLINE GREEN
0.590	-2.072
0.594	-2.427
POLYLINE GREEN
0.179	-2.212
0.314	-2.538
0.280	-2.415
0.320	-2.568
POLYLINE GREEN
0.392	-3.631
0.529	-3.355
POLYLINE BLUE
-6.454	1.870
-6.412	1.897
-6.366	1.938
-6.313	1.941
-6.276	1.942
-6.243	1.924
-6.213	1.906
-6.156	1.870
-6.135	1.821
-6.147	1.754
-6.167	1.636
-6.289	1.552
-6.291	1.433
-6.294	1.307
-6.192	1.150
-6.141	1.049
POLYLINE BLUE
-6.004	1.510
-6.040	1.409
-6.079	1.310
-6.114	1.208
-6.125	1.176
-6.122	1.152
-6.140	1.127
-6.164	1.093
-6.206	1.080
-6.240	1.106
-6.282	1.137
-6.321	1.171
-6.363	1.201
-6.404	1.230
-6.466	1.241
-6.510	1.254
POLYLINE BLUE
-6.210	0.572
-6.200	0.538
-6.183	0.503
-6.191	0.467
-6.210	0.382
-6.361	0.319
-6.412	0.288
-6.415	0.286
-6.418	0.284
-6.420	0.281
-6.439	0.258
-6.457	0.235
-6.476	0.211
POLYLINE BLUE
-6.454	0.420
-6.458	0.338
-6.464	0.257
-6.467	0.175
-6.469	0.112
-6.298	0.171
-6.299	0.152
-6.338	0.145
-6.377	0.138
-6.415	0.131
-6.419	0.132
-6.424	0.132
-6.428	0.135
-6.441	0.142
-6.438	0.161
-6.436	0.173
-6.429	0.220
-6.421	0.266
-6.415	0.312
-6.413	0.335
-6.420	0.359
-6.412	0.381
-6.409	0.391
-6.404	0.360
-6.402	0.349
-6.392	0.307
-6.387	0.264
-6.377	0.221
-6.369	0.184
-6.332	0.153
-6.293	0.153
-6.213	0.154
-6.303	0.155
-6.257	0.157
-6.236	0.158
-6.214	0.159
-6.193	0.159
POLYLINE BLUE
-6.171	0.523
-6.190	0.474
-6.193	0.379
-6.246	0.339
-6.280	0.312
-6.330	0.311
-6.370	0.301
-6.417	0.289
-6.422	0.202
-6.403	0.170
-6.397	0.160
-6.387	0.153
-6.380	0.145
POLYLINE BLUE
-6.417	0.478
-6.290	0.399
-6.474	0.238
-6.381	0.179
-6.346	0.158
-6.315	0.159
-6.278	0.149
-6.248	0.141
-6.219	0.129
-6.190	0.120
POLYLINE GREEN
-6.549	2.259
-6.603	2.146
-6.656	2.033
-6.710	1.920
-6.750	1.856
-6.798	1.797
-6.829	1.729
-6.919	1.531
-6.981	1.200
-7.016	1.009
-7.028	0.941
-7.029	0.850
-7.009	0.783
-6.965	0.628
-6.918	0.492
-6.824	0.361
-6.781	0.302
-6.736	0.243
-6.680	0.197
-6.533	0.076
-6.375	-0.031
-6.218	-0.138
-6.193	-0.155
-6.163	-0.167
-6.133	-0.176
-5.105	-0.478
-5.597	-0.296
-5.203	-0.445
POLYLINE GREEN
-6.587	1.026
-6.455	1.075
-6.420	1.101
-6.300	1.115
-6.281	1.117
-6.224	1.118
-6.202	1.109
-6.131	1.080
-6.060	1.049
-5.991	1.016
-5.974	1.008
-5.959	0.996
-5.945	0.984
-5.884	0.932
-5.839	0.867
-5.843	0.784
-5.845	0.729
-5.876	0.673
-5.906	0.629
-5.960	0.552
-6.038	0.498
-6.124	0.461
-6.147	0.451
-6.280	0.397
-6.338	0.395
-6.432	0.392
-6.538	0.413
-6.626	0.433
-6.693	0.448
-6.755	0.503
-6.779	0.568
-6.798	0.622
-6.836	0.708
-6.826	0.775
-6.824	0.788
-6.818	0.810
-6.811	0.820
-6.750	0.904
-6.687	0.987
-6.624	1.069
-6.612	1.085
-6.588	1.098
-6.568	1.102
-6.533	1.110
-6.509	1.103
-6.470	1.100
POLYLINE GREEN
-6.800	0.661
-6.799	0.664
POLYLINE GREEN
-6.792	0.773
-6.721	0.678
-6.652	0.581
-6.579	0.487
-6.577	0.485
-6.575	0.491
-6.573	0.493
-6.576	0.507
-6.576	0.523
-6.582	0.537
-6.627	0.638
-6.682	0.735
-6.727	0.836
-6.731	0.844
-6.715	0.825
-6.709	0.819
-6.620	0.722
-6.531	0.623
-6.442	0.526
-6.433	0.516
-6.423	0.517
-6.427	0.533
-6.438	0.569
-6.445	0.606
-6.460	0.640
-6.497	0.718
-6.542	0.791
-6.582	0.867
-6.583	0.868
-6.581	0.869
-6.580	0.868
-6.577	0.868
-6.575	0.867
-6.573	0.865
-6.469	0.766
-6.368	0.664
-6.262	0.567
-6.260	0.565
-6.259	0.573
-6.259	0.576
-6.260	0.585
-6.262	0.593
-6.266	0.602
-6.277	0.633
-6.288	0.664
-6.304	0.693
-6.343	0.766
-6.390	0.835
-6.430	0.907
-6.431	0.909
-6.429	0.914
-6.426	0.914
-6.422	0.915
-6.417	0.912
-6.413	0.910
-6.396	0.899
-6.377	0.889
-6.362	0.876
-6.271	0.792
-6.185	0.701
-6.093	0.617
-6.091	0.615
-6.092	0.624
-6.091	0.627
-6.101	0.650
-6.109	0.674
-6.122	0.695
-6.178	0.785
-6.241	0.871
-6.297	0.961
-6.298	0.964
-6.289	0.960
-6.286	0.959
-6.250	0.929
-6.212	0.900
-6.178	0.867
-6.112	0.805
-6.052	0.737
-5.987	0.676
-5.984	0.673
-5.985	0.682
-5.984	0.685
-5.995	0.712
-6.004	0.740
-6.019	0.765
-6.071	0.854
-6.131	0.937
-6.183	1.026
-6.185	1.028
-6.179	1.027
-6.177	1.028
-6.142	0.999
-6.106	0.972
-6.073	0.940
-5.926	0.796
-5.948	0.820
-5.867	0.697
POLYLINE GREEN
-7.206	0.872
-7.887	1.063
POLYLINE GREEN
-7.790	1.160
-7.891	1.135
-7.830	1.153
-7.966	1.097
-7.976	1.093
-7.988	1.090
-7.990	1.078
-7.994	1.056
-7.956	1.020
-7.952	1.015
-7.896	0.958
-7.837	0.904
-7.780	0.848
POLYLINE GREEN
-8.612	1.258
-8.508	1.268
-8.500	1.276
-8.391	1.254
-8.341	1.243
-8.270	1.225
-8.227	1.188
-8.155	1.124
-8.172	1.047
-8.244	0.989
-8.284	0.956
-8.354	0.924
-8.400	0.910
-8.507	0.878
-8.606	0.859
-8.715	0.877
-8.774	0.887
-8.833	0.931
-8.848	0.991
-8.851	1.005
-8.849	1.024
-8.847	1.037
-8.838	1.091
-8.806	1.129
-8.758	1.155
-8.643	1.214
-8.508	1.208
-8.384	1.212
POLYLINE GREEN
-8.671	1.132
-8.656	1.086
-8.636	1.043
-8.633	0.995
-8.632	0.982
-8.634	0.980
-8.637	0.969
-8.638	0.964
-8.644	0.958
-8.641	0.955
-8.637	0.952
-8.631	0.957
-8.628	0.961
-8.572	1.018
-8.520	1.080
-8.464	1.137
-8.462	1.139
-8.459	1.138
-8.458	1.137
-8.456	1.134
-8.455	1.130
-8.455	1.126
-8.457	1.105
-8.458	1.084
-8.464	1.063
-8.474	1.021
-8.493	0.981
-8.503	0.940
-8.504	0.936
-8.497	0.942
-8.493	0.944
-8.449	0.991
-8.405	1.039
-8.359	1.085
-8.352	1.090
-8.344	1.096
-8.337	1.102
-8.335	1.100
-8.332	1.100
-8.332	1.098
-8.331	1.092
-8.333	1.087
-8.335	1.081
-8.342	1.061
-8.351	1.041
-8.360	1.021
-8.365	1.010
-8.375	1.000
-8.377	0.988
-8.377	0.984
-8.369	0.986
-8.365	0.988
-8.322	1.010
-8.280	1.035
-8.237	1.059
POLYLINE GREEN
-8.995	1.512
-8.972	1.435
-8.950	1.359
-8.928	1.282
-8.925	1.279
-8.924	1.274
-8.920	1.273
-8.918	1.272
-8.916	1.276
-8.913	1.277
-8.903	1.301
-8.894	1.324
-8.883	1.347
-8.876	1.363
-8.858	1.370
-8.842	1.371
-8.829	1.371
-8.826	1.369
-8.816	1.372
-8.783	1.384
-8.776	1.441
-8.776	1.470
-8.777	1.488
-8.780	1.506
-8.782	1.523
POLYLINE GREEN
-8.625	1.575
-8.613	1.564
-8.601	1.554
-8.589	1.543
-8.555	1.510
-8.543	1.407
-8.595	1.384
-8.603	1.380
-8.613	1.378
-8.622	1.380
-8.639	1.383
-8.650	1.399
-8.657	1.413
-8.673	1.445
-8.694	1.496
-8.664	1.527
-8.636	1.556
-8.592	1.554
-8.555	1.557
POLYLINE GREEN
-8.458	1.607
-8.438	1.590
-8.419	1.574
-8.412	1.548
-8.407	1.528
-8.409	1.506
-8.416	1.486
-8.429	1.448
-8.463	1.419
-8.494	1.459
-8.521	1.493
-8.512	1.571
-8.475	1.596
-8.463	1.605
-8.442	1.604
-8.429	1.605
POLYLINE GREEN
-8.420	1.838
-8.324	1.420
POLYLINE GREEN
1.255	-17.829
1.155	-17.736
1.068	-17.657
0.932	-17.638
0.470	-17.573
0.036	-18.254
0.207	-18.666
0.345	-18.998
0.718	-19.106
1.043	-19.127
1.291	-19.143
1.342	-19.057
1.610	-18.928
POLYLINE GREEN
2.116	-17.100
2.184	-17.087
2.350	-16.997
2.448	-17.047
2.597	-17.122
2.516	-17.403
2.480	-17.505
2.370	-17.816
2.243	-18.122
2.130	-18.433
2.122	-18.457
2.125	-18.506
2.135	-18.531
2.184	-18.658
2.397	-18.626
2.491	-18.584
2.595	-18.537
2.697	-18.485
2.800	-18.435
POLYLINE GREEN
3.318	-16.968
3.301	-17.716
3.289	-17.265
3.428	-18.319
POLYLINE GREEN
3.168	-17.062
3.472	-16.946
3.775	-16.829
4.079	-16.713
4.153	-16.697
4.226	-16.671
4.302	-16.666
4.395	-16.661
4.488	-16.679
4.581	-16.685
POLYLINE GREEN
3.560	-17.401
4.404	-17.193
4.048	-17.227
4.616	-17.207
POLYLINE GREEN
3.589	-18.312
4.682	-17.822
POLYLINE GREEN
5.272	-16.217
5.206	-16.615
5.135	-17.011
5.075	-17.409
5.071	-17.433
5.074	-17.457
5.080	-17.481
5.117	-17.630
5.355	-17.384
5.358	-17.381
5.393	-17.350
5.422	-17.313
5.452	-17.278
5.614	-17.084
5.766	-16.881
5.935	-16.693
6.006	-16.614
6.092	-16.550
6.170	-16.478
POLYLINE GREEN
5.727	-16.761
5.770	-16.859
5.806	-16.960
5.855	-17.055
5.880	-17.105
5.918	-17.147
5.948	-17.193
5.956	-17.205
5.963	-17.216
5.969	-17.229
6.008	-17.309
6.045	-17.390
6.082	-17.470
POLYLINE GREEN
6.805	-16.437
6.634	-16.580
6.536	-16.727
6.506	-16.948
6.459	-17.302
6.801	-17.415
7.062	-17.227
7.236	-17.101
7.358	-16.926
7.444	-16.731
7.499	-16.606
7.594	-16.296
7.454	-16.180
7.333	-16.080
7.086	-16.214
6.987	-16.284
6.828	-16.397
6.777	-16.572
6.692	-16.745
POLYLINE GREEN
8.435	-15.690
8.408	-15.775
8.334	-15.923
8.341	-16.040
8.353	-16.252
8.607	-16.412
8.796	-16.441
8.907	-16.457
8.998	-16.423
9.113	-16.403
POLYLINE GREEN
10.030	-15.291
10.021	-15.357
POLYLINE GREEN
10.087	-15.325
9.893	-15.671
9.853	-16.172
9.506	-16.362
9.229	-16.513
9.711	-15.765
9.823	-15.469
9.844	-15.413
9.908	-15.407
9.942	-15.453
9.991	-15.516
10.040	-15.581
10.074	-15.653
10.193	-15.906
10.292	-16.167
10.401	-16.425
POLYLINE GREEN
9.839	-15.746
10.128	-15.676
9.961	-15.709
10.344	-15.661
POLYLINE GREEN
10.875	-15.121
10.947	-16.239
POLYLINE GREEN
10.888	-15.479
10.950	-15.308
11.000	-15.096
11.168	-14.991
11.359	-14.871
11.654	-14.986
11.750	-15.177
11.803	-15.283
11.781	-15.415
11.739	-15.519
11.607	-15.856
11.266	-16.061
10.919	-16.123
10.905	-16.125
10.891	-16.123
10.877	-16.122
10.818	-16.117
10.759	-16.110
10.699	-16.104
POLYLINE GREEN
12.888	-14.578
12.711	-14.609
12.517	-14.633
12.377	-14.761
12.245	-14.880
12.183	-14.948
12.099	-15.087
12.056	-15.160
12.060	-15.251
12.092	-15.327
12.124	-15.400
12.167	-15.472
12.234	-15.518
12.433	-15.655
12.719	-15.519
12.783	-15.301
12.801	-15.240
12.819	-15.179
12.824	-15.115
12.837	-14.941
12.851	-14.693
12.808	-14.502
12.771	-14.336
12.605	-14.087
12.428	-14.254
12.415	-14.266
12.404	-14.279
12.395	-14.294
12.325	-14.416
12.259	-14.540
12.191	-14.662
POLYLINE GREEN
13.708	-14.053
13.711	-14.211
13.704	-14.369
13.717	-14.526
13.724	-14.609
13.745	-14.691
13.767	-14.771
13.778	-14.815
13.796	-14.857
13.815	-14.898
13.914	-15.106
14.024	-14.820
14.149	-14.861
14.279	-14.904
14.309	-15.166
14.513	-15.003
14.718	-14.838
14.795	-14.607
14.898	-14.369
14.915	-14.329
14.924	-14.285
14.942	-14.246
14.994	-14.137
15.053	-14.031
15.109	-13.924
POLYLINE GREEN
16.299	-13.346
15.992	-13.946
15.988	-13.888
15.789	-14.685
15.784	-14.708
15.830	-14.663
15.851	-14.651
15.921	-14.538
16.007	-14.432
16.061	-14.310
16.154	-14.100
16.208	-13.875
16.288	-13.659
16.343	-13.510
16.461	-13.710
16.482	-13.752
16.512	-13.813
16.533	-13.878
16.557	-13.941
16.731	-14.393
16.603	-14.118
16.858	-14.593
POLYLINE GREEN
15.907	-14.091
16.817	-13.843
16.403	-13.923
17.141	-13.814
POLYLINE GREEN
12.490	-17.181
12.588	-19.145
12.423	-16.427
12.633	-18.344
12.636	-18.372
12.590	-18.306
12.575	-18.282
12.530	-18.210
12.487	-18.137
12.453	-18.060
12.424	-17.995
12.402	-17.927
12.386	-17.858
12.336	-17.647
12.345	-17.423
12.415	-17.217
12.463	-17.076
12.529	-16.938
12.622	-16.820
12.672	-16.757
12.728	-16.709
12.797	-16.671
12.913	-16.607
13.098	-16.589
13.168	-16.725
13.302	-16.983
13.043	-17.220
12.865	-17.360
12.823	-17.394
12.775	-17.420
12.727	-17.445
12.720	-17.450
12.564	-17.504
12.566	-17.518
12.571	-17.550
12.629	-17.540
12.660	-17.549
12.902	-17.616
13.163	-17.661
13.361	-17.832
13.464	-17.921
13.561	-18.018
13.661	-18.111
POLYLINE GREEN
14.566	-16.776
14.524	-17.000
14.478	-17.245
14.553	-17.469
14.597	-17.601
14.763	-17.709
14.897	-17.634
14.994	-17.579
15.080	-17.420
15.116	-17.330
15.247	-16.994
15.266	-16.843
15.338	-16.503
POLYLINE GREEN
16.444	-16.132
16.386	-16.464
16.352	-16.800
16.271	-17.126
16.222	-17.326
16.311	-16.716
16.349	-16.514
16.375	-16.376
16.419	-16.242
16.465	-16.110
16.493	-16.025
16.550	-15.933
16.610	-15.866
16.723	-15.740
16.969	-15.648
17.036	-15.866
17.074	-15.989
16.940	-16.085
16.858	-16.145
16.728	-16.240
16.548	-16.284
16.658	-16.472
16.776	-16.672
17.146	-16.583
17.274	-16.712
17.374	-16.812
17.443	-16.939
17.527	-17.053
POLYLINE GREEN
18.642	-15.558
18.442	-15.834
18.257	-16.654
18.043	-16.388
17.820	-16.112
18.382	-15.765
18.565	-15.461
18.593	-15.414
18.636	-15.464
18.647	-15.484
18.663	-15.511
18.672	-15.542
18.679	-15.572
18.747	-15.838
18.825	-16.102
18.874	-16.371
18.886	-16.438
18.866	-16.507
18.862	-16.575
POLYLINE GREEN
18.539	-15.818
18.839	-15.800
18.680	-15.794
19.016	-15.850

ELEVATION
STATIONS
0.000	0.000	0
0.749	2.425	1
2.365	2.167	2
3.531	0.697	3
2.133	-9.892	4
-5.311	-10.684	5
-5.923	-17.602	6
-3.753	-16.898	7
-5.364	-25.001	8
-2.821	-26.020	9
-1.510	-25.988	10
3.033	-24.607	11
5.433	-22.939	12
5.971	-22.021	13
9.860	-20.653	14
10.297	-19.795	15
12.104	-18.919	16
16.218	-17.238	17
15.984	-15.900	18
16.738	-15.546	19
18.700	-14.485	20
19.643	-14.111	21
19.881	-13.230	22
17.379	-8.455	23
14.418	-20.327	16.1
13.877	-20.229	16.2
12.007	-19.563	16.3
-5.082	-24.811	8.1
-6.501	-25.854	8.2
SHOTS
0.000	0.000	0.749	2.425
0.749	2.425	2.365	2.167
2.365	2.167	2.027	2.239
2.365	2.167	5.046	1.839
2.365	2.167	2.122	0.948
2.365	2.167	1.892	0.769
2.365	2.167	1.227	6.102
2.365	2.167	3.531	0.697
3.531	0.697	3.736	0.715
3.531	0.697	3.735	0.692
3.531	0.697	3.361	0.274
3.531	0.697	3.787	2.299
3.531	0.697	2.506	-8.350
3.531	0.697	2.133	-9.808
3.531	0.697	2.140	-9.900
3.531	0.697	2.133	-9.892
2.133	-9.892	1.833	-9.804
2.133	-9.892	-0.507	-9.917
2.133	-9.892	-0.508	-9.907
2.133	-9.892	1.144	-9.913
2.133	-9.892	1.952	-11.153
2.133	-9.892	-1.169	-5.818
2.133	-9.892	-5.311	-10.684
-5.311	-10.684	-5.473	-10.654
-5.311	-10.684	-5.607	-7.816
-5.311	-10.684	-5.867	-17.588
-5.311	-10.684	-5.854	-17.592
-5.311	-10.684	-5.848	-17.597
-5.311	-10.684	-5.380	-10.738
-5.311	-10.684	-5.923	-17.602
-5.923	-17.602	-6.913	-17.699
-5.923	-17.602	-6.475	-17.716
-5.923	-17.602	-5.596	-17.738
-5.923	-17.602	-4.531	-17.740
-5.923	-17.602	-4.016	-17.526
-5.923	-17.602	-4.973	-17.631
-5.923	-17.602	-6.895	-17.557
-5.923	-17.602	-6.136	-17.590
-5.923	-17.602	-7.146	-16.044
-5.923	-17.602	-7.556	-14.976
-5.923	-17.602	-9.369	-9.179
-5.923	-17.602	-5.320	-18.799
-5.923	-17.602	-6.183	-20.920
-5.923	-17.602	-3.753	-16.898
-3.753	-16.898	-4.440	-16.989
-3.753	-16.898	-4.696	-16.885
-3.753	-16.898	-3.547	-16.904
-3.753	-16.898	-4.090	-16.913
-3.753	-16.898	-6.479	-26.343
-3.753	-16.898	-5.364	-25.001
-5.364	-25.001	-6.658	-25.154
-5.364	-25.001	-5.219	-25.106
-5.364	-25.001	-3.644	-25.370
-5.364	-25.001	-2.757	-25.394
-5.364	-25.001	-2.228	-25.209
-5.364	-25.001	-2.562	-25.024
-5.364	-25.001	-3.097	-24.894
-5.364	-25.001	-3.351	-24.923
-5.364	-25.001	-3.317	-24.773
-5.364	-25.001	-4.002	-24.873
-5.364	-25.001	-4.600	-24.862
-5.364	-25.001	-5.604	-25.219
-5.364	-25.001	-5.991	-25.259
-5.364	-25.001	-5.650	-25.107
-5.364	-25.001	-5.872	-25.173
-5.364	-25.001	-5.900	-25.179
-5.364	-25.001	-4.468	-26.466
-5.364	-25.001	-2.821	-26.020
-2.821	-26.020	-3.252	-26.138
-2.821	-26.020	-2.547	-25.875
-2.821	-26.020	-2.942	-26.353
-2.821	-26.020	-3.239	-26.523
-2.821	-26.020	-3.056	-25.596
-2.821	-26.020	-2.744	-25.755
-2.821	-26.020	-1.479	-25.794
-2.821	-26.020	-1.510	-25.988
-1.510	-25.988	-1.238	-25.859
-1.510	-25.988	-1.435	-26.857
-1.510	-25.988	-1.937	-29.294
-1.510	-25.988	3.033	-24.607
3.033	-24.607	2.699	-24.593
3.033	-24.607	2.945	-25.084
3.033	-24.607	2.790	-24.210
3.033	-24.607	5.491	-23.061
3.033	-24.607	3.177	-24.256
3.033	-24.607	5.428	-22.988
3.033	-24.607	5.397	-22.970
3.033	-24.607	12.826	-17.836
3.033	-24.607	5.433	-22.939
5.433	-22.939	4.921	-22.932
5.433	-22.939	5.147	-22.661
5.433	-22.939	4.848	-23.864
5.433	-22.939	5.971	-22.021
5.971	-22.021	5.026	-22.358
5.971	-22.021	6.419	-21.977
5.971	-22.021	5.957	-22.580
5.971	-22.021	9.860	-20.653
9.860	-20.653	9.334	-20.699
9.860	-20.653	9.702	-21.061
9.860	-20.653	11.137	-20.807
9.860	-20.653	10.297	-19.795
10.297	-19.795	10.471	-19.486
10.297	-19.795	10.347	-20.210
10.297	-19.795	10.703	-19.787
10.297	-19.795	11.369	-19.298
10.297	-19.795	12.104	-18.919
12.104	-18.919	12.235	-17.747
12.104	-18.919	13.867	-20.990
12.104	-18.919	12.555	-18.850
12.104	-18.919	12.749	-18.780
12.104	-18.919	13.276	-18.808
12.104	-18.919	13.595	-18.897
12.104	-18.919	13.195	-18.966
12.104	-18.919	12.678	-19.190
12.104	-18.919	12.336	-19.146
12.104	-18.919	16.218	-17.238
16.218	-17.238	15.984	-15.900
15.984	-15.900	16.624	-15.918
15.984	-15.900	15.245	-16.701
15.984	-15.900	14.979	-16.889
15.984	-15.900	15.627	-16.325
15.984	-15.900	16.738	-15.546
16.738	-15.546	17.230	-15.567
16.738	-15.546	16.826	-15.980
16.738	-15.546	16.871	-15.264
16.738	-15.546	18.700	-14.485
18.700	-14.485	18.110	-14.945
18.700	-14.485	18.426	-15.242
18.700	-14.485	19.592	-14.130
18.700	-14.485	19.586	-14.139
18.700	-14.485	19.643	-14.111
19.643	-14.111	19.551	-14.369
19.643	-14.111	19.409	-12.956
19.643	-14.111	19.140	-13.706
19.643	-14.111	19.881	-13.230
19.881	-13.230	20.523	-13.195
19.881	-13.230	20.110	-13.167
19.881	-13.230	19.779	-14.058
19.881	-13.230	19.978	-12.015
19.881	-13.230	19.460	-11.040
19.881	-13.230	17.379	-8.455
17.379	-8.455	17.938	-8.391
17.379	-8.455	18.641	-8.428
17.379	-8.455	18.779	-8.449
17.379	-8.455	17.738	-8.447
17.379	-8.455	18.366	-7.580
17.379	-8.455	18.576	-6.538
17.379	-8.455	17.056	-6.918
12.104	-18.919	14.418	-20.327
14.418	-20.327	14.450	-20.976
14.418	-20.327	14.000	-20.423
14.418	-20.327	13.877	-20.229
13.877	-20.229	13.624	-19.505
13.877	-20.229	13.329	-20.085
13.877	-20.229	12.007	-19.563
-5.364	-25.001	-5.082	-24.811
-5.082	-24.811	-6.501	-25.854
-6.501	-25.854	-8.100	-26.512

