TRIP
DATE 2025-08-26
DECLINATION 0.0
DATA
0		101.53	23.35	7.533	>
0		101.56	23.32	7.537	>
0		101.52	23.32	7.535	>
0	1	101.54	23.33	7.535	>
1		92.69	-6.76	5.890	>
1		92.72	-6.77	5.935	>
1		92.69	-6.76	5.939	>
1	2	92.70	-6.76	5.921	>
2		143.45	4.89	1.593	>
2		85.06	2.83	3.372	>
2		10.11	78.43	2.280	>
2		79.80	-89.02	0.643	>
2		75.00	2.68	13.639	>
2		59.74	7.57	10.892	>
2		49.59	15.07	10.510	>
2		49.73	15.03	10.448	>
2		49.61	15.29	25.507	>
2		49.61	15.17	10.481	>
2		49.86	15.23	10.502	>
2		49.81	15.18	10.507	>
2	3	49.76	15.19	10.497	>
3		152.92	21.65	1.118	>
3		210.65	2.69	1.887	>
3		252.77	80.01	1.358	>
3		240.90	-11.02	5.184	>
3		297.58	23.96	4.996	>
3		188.92	-45.99	3.868	>
3		355.34	26.69	1.643	>
3		40.57	26.41	4.667	>
3		40.59	26.43	4.666	>
3		40.62	26.27	4.675	>
3	4	40.59	26.37	4.669	>
4		306.10	6.02	1.135	>
4		299.04	31.05	1.778	>
4		303.85	54.62	1.526	>
4		214.46	-7.22	3.374	>
4		212.54	-34.39	3.185	>
4		181.57	-38.18	9.872	>
4		247.94	-19.11	1.576	>
4		276.18	11.08	2.328	>
4		12.00	21.19	6.060	>
4		11.93	21.23	6.068	>
4		11.95	21.20	6.064	>
4	5	11.96	21.21	6.064	>
5		241.54	11.50	12.579	>
5		241.77	12.46	5.187	>
5		247.09	9.43	2.715	>
5		247.17	39.64	0.934	>
5		243.85	18.85	2.573	>
5		267.47	-14.30	0.995	>
5		309.46	30.75	2.656	>
5		303.52	52.37	3.513	>
5		327.21	50.62	3.760	>
5		326.55	33.04	1.991	>
5		334.93	37.13	3.808	>
5		292.68	35.26	4.042	>
5		270.81	-32.32	0.776	>
5		158.65	-30.20	14.781	>
5		181.68	-27.33	6.910	>
5		155.01	-35.69	6.076	>
5		312.67	35.79	5.818	>
5		312.65	35.57	5.802	>
5		312.68	35.60	5.802	>
5	6	312.67	35.65	5.807	>
6		172.18	-24.75	2.081	>
6		190.91	-15.90	1.747	>
6		208.75	-4.82	2.049	>
6		221.65	3.25	2.236	>
6		239.95	15.70	2.412	>
6		274.71	30.21	2.881	>
6		294.80	36.17	2.657	>
6		78.84	-20.31	1.239	>
6		204.56	40.76	0.993	>
6		208.06	-28.17	1.125	>
6		256.12	27.64	2.865	>
6		256.12	27.69	2.876	>
6		256.20	27.70	2.875	>
6	7	256.14	27.67	2.872	>
7		322.90	32.50	4.158	>
7		317.44	35.07	6.019	>
7		299.95	34.61	4.522	>
7		294.99	29.91	4.194	>
7		270.85	32.64	4.252	>
7		242.27	20.40	0.395	>
7		276.47	21.51	2.608	>
7		275.91	47.57	3.034	>
7		265.66	41.03	8.057	>
7		264.78	40.85	7.422	>
7		331.79	33.28	6.757	>
7		341.80	28.73	4.141	>
7		352.64	15.61	0.958	>
7		249.44	66.48	1.537	>
7		231.83	46.15	2.057	>
7		293.38	35.87	4.649	>
7		293.53	35.62	4.648	>
7		293.75	35.82	4.648	>
7	8	293.55	35.77	4.648	>

PLAN
STATIONS
0.000	0.000	0
6.779	-1.384	1
12.653	-1.661	2
20.386	4.883	3
23.108	8.059	4
24.279	13.590	5
20.809	16.788	6
18.340	16.179	7
14.883	17.686	8
SHOTS
0.000	0.000	6.779	-1.384
6.779	-1.384	12.653	-1.661
12.653	-1.661	13.598	-2.936
12.653	-1.661	16.008	-1.371
12.653	-1.661	12.733	-1.211
12.653	-1.661	12.664	-1.659
12.653	-1.661	25.812	1.866
12.653	-1.661	21.979	3.780
12.653	-1.661	20.380	4.918
12.653	-1.661	20.352	4.861
12.653	-1.661	31.394	14.281
12.653	-1.661	20.386	4.883
20.386	4.883	20.859	3.957
20.386	4.883	19.425	3.261
20.386	4.883	20.161	4.813
20.386	4.883	15.940	2.408
20.386	4.883	16.339	6.996
20.386	4.883	19.969	2.228
20.386	4.883	20.266	6.346
20.386	4.883	23.108	8.059
23.108	8.059	22.196	8.724
23.108	8.059	21.776	8.799
23.108	8.059	22.374	8.552
23.108	8.059	21.214	5.299
23.108	8.059	21.694	5.844
23.108	8.059	22.895	0.302
23.108	8.059	21.728	7.500
23.108	8.059	20.836	8.305
23.108	8.059	24.279	13.590
24.279	13.590	13.442	7.716
24.279	13.590	19.817	11.194
24.279	13.590	21.812	12.547
24.279	13.590	23.616	13.311
24.279	13.590	22.093	12.517
24.279	13.590	23.316	13.547
24.279	13.590	22.517	15.041
24.279	13.590	22.491	14.774
24.279	13.590	22.987	15.595
24.279	13.590	23.359	14.982
24.279	13.590	22.993	16.340
24.279	13.590	21.234	14.863
24.279	13.590	23.623	13.599
24.279	13.590	28.929	1.691
24.279	13.590	24.099	7.454
24.279	13.590	26.364	9.117
24.279	13.590	20.809	16.788
20.809	16.788	21.066	14.916
20.809	16.788	20.491	15.138
20.809	16.788	19.828	14.998
20.809	16.788	19.326	15.120
20.809	16.788	18.800	15.625
20.809	16.788	18.328	16.993
20.809	16.788	18.862	17.688
20.809	16.788	21.949	17.013
20.809	16.788	20.497	16.104
20.809	16.788	20.343	15.913
20.809	16.788	18.340	16.179
18.340	16.179	16.225	18.976
18.340	16.179	15.008	19.807
18.340	16.179	15.115	18.037
18.340	16.179	15.045	17.715
18.340	16.179	14.760	16.232
18.340	16.179	18.012	16.007
18.340	16.179	15.929	16.452
18.340	16.179	16.304	16.390
18.340	16.179	12.279	15.719
18.340	16.179	12.749	15.668
18.340	16.179	15.670	21.157
18.340	16.179	17.206	19.629
18.340	16.179	18.222	17.094
18.340	16.179	17.766	15.964
18.340	16.179	17.220	15.299
18.340	16.179	14.883	17.686
POLYLINE BLACK
13.480	-3.023
13.569	-2.958
13.653	-2.886
13.746	-2.827
14.195	-2.545
14.663	-2.295
15.105	-2.002
16.913	-0.802
15.529	-1.611
16.018	-1.327
POLYLINE BLACK
21.960	3.758
21.902	3.776
21.842	3.789
21.786	3.811
21.747	3.827
21.708	3.844
21.674	3.870
21.209	4.224
20.753	4.590
20.292	4.950
POLYLINE BLACK
13.696	-1.875
13.697	-1.830
13.690	-1.787
13.705	-1.744
13.717	-1.712
13.791	-1.610
13.824	-1.673
13.829	-1.683
13.833	-1.694
13.834	-1.705
13.850	-1.799
13.894	-1.922
13.806	-1.994
13.783	-2.013
13.716	-2.038
13.690	-2.009
13.668	-1.985
13.653	-1.954
13.635	-1.927
POLYLINE BLACK
15.065	-1.104
15.028	-1.145
14.989	-1.184
14.955	-1.227
14.927	-1.263
14.875	-1.349
14.915	-1.396
14.984	-1.475
15.154	-1.406
15.197	-1.324
15.220	-1.279
15.222	-1.226
15.217	-1.178
15.211	-1.106
15.179	-1.085
15.133	-1.008
POLYLINE BLACK
14.203	-0.840
14.165	-0.883
14.124	-0.923
14.088	-0.968
14.068	-0.994
14.021	-1.058
14.019	-1.105
14.016	-1.183
14.124	-1.228
14.188	-1.220
14.250	-1.214
14.293	-1.184
14.351	-1.151
14.440	-1.100
14.484	-1.023
14.424	-0.928
14.386	-0.869
14.298	-0.818
14.251	-0.782
POLYLINE BLACK
16.770	-0.579
16.785	-0.526
16.791	-0.457
16.837	-0.418
16.902	-0.364
17.026	-0.389
17.057	-0.471
17.075	-0.520
17.051	-0.578
17.019	-0.615
16.955	-0.691
16.770	-0.760
16.671	-0.721
16.648	-0.712
16.613	-0.695
16.609	-0.666
16.604	-0.636
16.630	-0.614
16.643	-0.592
16.672	-0.542
16.700	-0.492
16.728	-0.442
POLYLINE BLACK
12.495	-1.120
12.498	-1.120
POLYLINE BLACK
12.943	-0.699
13.511	-0.130
14.090	0.428
14.646	1.008
16.141	2.567
15.318	1.889
15.929	2.384
POLYLINE BLACK
17.776	0.957
17.785	1.051
17.790	1.147
17.804	1.241
17.808	1.264
17.896	1.571
17.969	1.480
17.984	1.461
17.991	1.436
17.997	1.412
18.032	1.270
18.054	1.012
17.885	0.933
17.874	0.928
17.860	0.927
17.848	0.932
17.790	0.954
17.735	0.986
17.678	1.013
POLYLINE BLACK
18.938	2.090
18.910	2.027
18.882	1.964
18.854	1.900
18.859	1.887
18.856	1.867
18.868	1.860
18.927	1.826
19.079	1.897
19.045	1.989
19.039	2.005
19.033	2.026
19.017	2.033
18.922	2.071
18.821	2.091
18.722	2.120
POLYLINE BLACK
15.297	0.312
15.380	0.348
15.592	0.483
15.658	0.330
15.681	0.276
15.689	0.211
15.679	0.153
15.654	0.024
15.578	-0.093
15.471	-0.168
15.415	-0.208
15.346	-0.229
15.294	-0.172
15.259	-0.134
15.259	-0.133
15.271	-0.089
15.297	0.008
15.325	0.103
15.353	0.199
POLYLINE BLACK
18.879	0.566
19.034	0.617
19.156	0.651
19.251	0.502
19.273	0.467
19.284	0.421
19.273	0.380
19.234	0.238
18.990	0.159
18.861	0.158
18.705	0.157
18.703	0.365
18.798	0.445
18.884	0.517
18.968	0.533
19.083	0.581
POLYLINE BLACK
21.935	3.927
21.885	3.883
21.838	3.836
21.786	3.795
21.607	3.655
21.324	3.710
21.132	3.778
21.012	3.821
20.898	3.882
20.776	3.922
20.638	3.967
20.464	3.978
20.322	3.968
19.950	3.940
19.877	3.799
19.543	3.620
19.531	3.614
19.511	3.623
19.506	3.636
19.497	3.661
19.504	3.689
19.508	3.714
19.520	3.777
19.558	3.882
19.597	3.932
19.817	4.216
20.049	4.491
20.276	4.771
POLYLINE BLACK
22.805	0.288
20.642	0.098
20.351	0.154
18.075	-0.443
17.425	-0.613
16.778	-0.858
16.208	-1.221
16.131	-1.269
16.066	-1.333
15.995	-1.389
POLYLINE BLACK
22.826	0.173
22.917	0.208
23.014	0.231
23.099	0.280
26.319	2.149
21.104	-0.678
25.912	1.877
POLYLINE BLACK
22.285	8.750
22.217	8.779
22.152	8.812
22.083	8.836
21.741	8.954
21.279	8.686
21.021	8.569
20.923	8.524
20.764	8.424
20.727	8.306
20.697	8.211
20.733	8.099
20.783	8.017
20.834	7.935
20.902	7.859
20.990	7.816
21.072	7.776
21.242	7.753
21.296	7.735
21.413	7.697
21.667	7.596
21.689	7.444
21.731	7.164
21.218	6.769
21.040	6.675
20.519	6.399
20.462	6.392
20.069	6.274
POLYLINE BLACK
26.393	9.076
26.285	8.998
26.173	8.924
26.070	8.841
25.150	8.098
24.262	7.314
23.323	6.596
23.046	6.384
22.717	6.251
22.429	6.054
22.122	5.845
21.840	5.601
21.541	5.381
21.408	5.284
21.321	5.270
21.236	5.128
21.150	4.983
21.166	4.822
21.148	4.658
21.108	4.294
21.140	4.747
21.121	4.455
POLYLINE BLACK
28.997	1.653
26.370	1.864
27.402	1.815
25.905	1.872
POLYLINE BLACK
21.024	14.798
21.024	14.798
POLYLINE BLACK
24.219	13.594
24.188	13.858
24.170	14.123
24.128	14.385
24.113	14.477
24.083	14.566
24.048	14.651
23.866	15.087
23.677	15.519
23.478	15.947
23.453	16.001
23.413	16.047
23.375	16.092
23.283	16.199
23.254	16.205
23.142	16.278
22.576	16.648
22.143	17.038
21.518	17.234
21.107	17.362
20.693	17.486
20.271	17.578
18.872	17.884
19.665	17.528
18.976	17.869
POLYLINE BLACK
24.183	13.712
25.852	11.136
25.715	11.702
26.523	9.654
26.565	9.547
26.581	9.388
26.516	9.284
26.451	9.178
26.254	9.061
26.195	9.017
POLYLINE BLACK
21.231	14.754
21.376	14.393
POLYLINE BLACK
18.896	17.967
18.804	17.984
18.711	17.997
18.621	18.019
18.402	18.074
18.184	18.317
18.056	18.456
17.985	18.532
17.920	18.615
17.869	18.706
17.741	18.936
17.646	19.182
17.522	19.414
17.492	19.470
17.452	19.521
17.408	19.566
17.238	19.740
17.042	19.888
16.883	20.071
16.666	20.319
16.491	20.603
16.280	20.857
16.174	20.985
15.966	21.173
15.781	21.079
15.745	21.061
15.717	21.028
15.700	20.993
15.653	20.892
15.667	20.744
15.706	20.643
15.880	20.197
16.073	19.759
16.243	19.311
16.248	19.298
16.298	19.143
16.274	19.083
16.231	18.973
16.014	19.089
15.962	19.124
15.928	19.148
15.895	19.174
15.865	19.203
15.700	19.366
15.547	19.541
15.377	19.699
15.270	19.799
15.123	19.883
14.975	19.837
14.649	19.736
14.534	19.246
14.501	18.961
14.485	18.818
14.454	18.522
14.501	18.343
14.524	18.254
14.554	18.166
14.591	18.082
14.714	17.802
14.862	17.659
14.820	17.358
14.782	17.087
14.731	16.818
14.676	16.549
14.669	16.510
14.651	16.474
14.632	16.439
14.547	16.276
14.382	16.166
14.191	16.179
13.878	16.202
13.568	16.259
13.255	16.285
13.129	16.296
12.928	16.229
12.830	16.187
12.609	16.093
12.408	16.020
12.272	15.827
12.243	15.786
12.186	15.707
12.221	15.649
12.270	15.569
12.501	15.561
12.530	15.556
POLYLINE BLACK
17.035	15.076
16.950	15.099
16.867	15.145
16.778	15.144
14.003	15.132
15.850	14.856
12.882	15.419
12.669	15.459
12.629	15.502
12.473	15.606
POLYLINE BLACK
16.903	15.057
16.250	13.876
16.929	15.067
14.851	12.428
14.796	12.358
14.761	12.275
14.717	12.199
POLYLINE BLACK
21.057	14.663
20.652	14.854
20.535	14.782
20.066	14.852
19.967	14.867
19.871	14.898
19.776	14.931
19.600	14.993
19.564	15.035
19.417	15.139
19.204	15.290
18.991	15.441
18.779	15.592
POLYLINE BLACK
18.752	15.690
18.655	15.439
18.704	15.580
18.613	15.264
POLYLINE BLACK
14.669	12.335
13.497	8.196
16.114	17.623
13.432	8.432
13.314	7.651
13.399	7.963
13.243	7.482
POLYLINE BLACK
18.536	15.560
18.443	15.276
18.336	15.162
18.142	14.947
POLYLINE BLACK
18.317	15.279
18.317	15.278
POLYLINE BLACK
18.178	15.033
17.822	14.544
18.019	14.834
17.607	14.148
POLYLINE BLACK
22.036	8.749
22.027	8.927
22.019	9.106
22.010	9.285
21.928	9.781
21.805	10.272
21.763	10.773
21.735	11.108
21.787	11.445
21.799	11.781
POLYLINE BLACK
27.698	9.888
29.304	10.169
30.909	10.450
32.515	10.731
32.727	10.752
32.940	10.768
33.151	10.795
33.236	10.806
33.318	10.829
33.402	10.847
POLYLINE BLACK
26.524	9.601
27.697	9.904
27.133	9.808
28.210	9.918
POLYLINE BLACK
28.799	3.731
29.793	3.650
29.419	3.647
29.917	3.660
POLYLINE BLACK
30.032	4.015
30.201	3.956
30.372	3.902
30.538	3.837
30.621	3.804
30.550	3.704
30.518	3.669
30.305	3.430
30.090	3.193
29.876	2.956
POLYLINE BLACK
13.243	7.888
12.402	7.228
POLYLINE BLACK
11.113	6.660
10.909	6.592
POLYLINE BLACK
12.752	7.246
12.668	7.258
12.494	7.320
12.400	7.257
11.880	6.904
11.381	6.523
10.856	6.179
10.744	6.105
10.621	6.043
10.493	6.004
6.703	4.836
9.581	5.897
6.681	4.772
POLYLINE BLACK
16.834	7.568
16.453	7.178
POLYLINE BLACK
17.775	14.438
16.933	12.681
16.216	11.675
15.815	10.032
15.793	9.944
15.721	9.672
15.858	9.592
15.931	9.549
16.076	9.546
16.124	9.539
POLYLINE BLACK
21.163	14.914
21.121	14.779
21.082	14.721
21.086	14.599
21.090	14.476
21.180	14.362
21.269	14.286
21.667	13.949
22.165	14.006
22.640	13.878
22.895	13.809
23.141	13.707
23.389	13.615
23.411	13.607
23.478	13.578
23.472	13.535
23.467	13.500
23.413	13.464
23.390	13.452
22.979	13.251
22.562	13.062
22.152	12.857
21.914	12.738
21.843	12.452
21.820	12.213
21.748	11.464
21.867	12.067
21.722	11.440
POLYLINE BLACK
15.835	10.325
15.829	10.274
POLYLINE BLACK
15.767	9.236
15.838	8.766
POLYLINE BLACK
20.336	6.468
20.123	6.468
19.910	6.449
19.699	6.466
19.514	6.481
19.329	6.513
19.151	6.564
18.303	6.805
17.463	7.072
16.624	7.340
16.483	7.385
16.336	7.545
16.256	7.662
16.196	7.748
16.137	7.928
16.128	8.005
15.969	9.343
15.970	9.106
15.993	9.809
POLYLINE BLACK
15.747	2.338
15.740	2.626
15.772	3.167
15.678	3.519
15.634	3.682
15.556	3.836
15.523	4.001
15.497	4.130
15.508	4.263
15.501	4.394

ELEVATION
STATIONS
0.000	0.000	0
6.779	2.984	1
12.653	2.287	2
20.386	5.037	3
23.108	7.111	4
24.279	9.305	5
20.809	12.690	6
18.340	14.024	7
14.883	16.741	8
SHOTS
0.000	0.000	6.779	2.984
6.779	2.984	12.653	2.287
12.653	2.287	13.598	2.422
12.653	2.287	16.008	2.453
12.653	2.287	12.733	4.520
12.653	2.287	12.664	1.644
12.653	2.287	25.812	2.924
12.653	2.287	21.979	3.721
12.653	2.287	20.380	5.019
12.653	2.287	20.352	4.997
12.653	2.287	31.394	9.012
12.653	2.287	20.386	5.037
20.386	5.037	20.859	5.450
20.386	5.037	19.425	5.126
20.386	5.037	20.161	6.375
20.386	5.037	15.940	4.046
20.386	5.037	16.339	7.066
20.386	5.037	19.969	2.255
20.386	5.037	20.266	5.775
20.386	5.037	23.108	7.111
23.108	7.111	22.196	7.230
23.108	7.111	21.776	8.028
23.108	7.111	22.374	8.355
23.108	7.111	21.214	6.687
23.108	7.111	21.694	5.312
23.108	7.111	22.895	1.009
23.108	7.111	21.728	6.595
23.108	7.111	20.836	7.558
23.108	7.111	24.279	9.305
24.279	9.305	13.442	11.812
24.279	9.305	19.817	10.424
24.279	9.305	21.812	9.750
24.279	9.305	23.616	9.901
24.279	9.305	22.093	10.136
24.279	9.305	23.316	9.059
24.279	9.305	22.517	10.663
24.279	9.305	22.491	12.087
24.279	9.305	22.987	12.211
24.279	9.305	23.359	10.390
24.279	9.305	22.993	11.604
24.279	9.305	21.234	11.638
24.279	9.305	23.623	8.890
24.279	9.305	28.929	1.871
24.279	9.305	24.099	6.133
24.279	9.305	26.364	5.760
24.279	9.305	20.809	12.690
20.809	12.690	21.066	11.818
20.809	12.690	20.491	12.211
20.809	12.690	19.828	12.518
20.809	12.690	19.326	12.816
20.809	12.690	18.800	13.343
20.809	12.690	18.328	14.140
20.809	12.690	18.862	14.258
20.809	12.690	21.949	12.260
20.809	12.690	20.497	13.338
20.809	12.690	20.343	12.159
20.809	12.690	18.340	14.024
18.340	14.024	16.225	16.258
18.340	14.024	15.008	17.482
18.340	14.024	15.115	16.592
18.340	14.024	15.045	16.115
18.340	14.024	14.760	16.317
18.340	14.024	18.012	14.161
18.340	14.024	15.929	14.980
18.340	14.024	16.304	16.263
18.340	14.024	12.279	19.312
18.340	14.024	12.749	18.878
18.340	14.024	15.670	17.732
18.340	14.024	17.206	16.014
18.340	14.024	18.222	14.281
18.340	14.024	17.766	15.433
18.340	14.024	17.220	15.507
18.340	14.024	14.883	16.741

