TRIP
DATE 2025-08-26
DECLINATION 0.0
DATA
0		355.21	-13.89	2.791	>
0		355.34	-13.72	2.805	>
0		355.21	-13.98	2.806	>
0	1	355.25	-13.86	2.801	>
1		318.73	-53.90	3.735	>
1		317.66	-54.29	3.727	>
1		318.69	-53.98	3.740	>
1	2	318.36	-54.06	3.734	>
2		63.07	-71.30	8.512	>
2		63.68	-71.07	8.460	>
2		63.48	-71.17	8.493	>
2	3	63.41	-71.18	8.488	>
3		63.97	-71.13	8.509	>
3		283.40	0.42	8.723	>
3		295.16	-0.99	4.908	>
3		275.19	-0.58	7.757	>
3		285.42	-0.12	8.408	>
3		285.07	2.77	10.020	>
3		113.59	-0.01	2.713	>
3		119.90	1.58	2.786	>
3		287.70	74.11	19.356	>
3		276.50	76.76	26.567	>
3		205.73	7.22	1.793	>
3		235.30	-85.64	12.613	>
3		232.37	-85.58	12.369	>
3		228.91	-85.91	12.385	>
3		231.90	-85.67	12.443	>
3	4	231.06	-85.72	12.399	>
4		234.00	-85.72	12.404	>
4		234.57	-85.55	9.662	>
4		234.43	-85.61	12.371	>
4		274.22	-0.14	7.564	>
4		301.01	-4.17	4.876	>
4		316.11	-5.70	3.983	>
4		327.18	-6.09	2.948	>
4		1.55	1.76	3.387	>
4		22.05	-2.68	3.080	>
4		31.92	-2.11	2.961	>
4		238.69	-1.55	8.412	>
4		355.67	-35.37	4.343	>
4		356.19	-35.58	4.378	>
4		356.64	-35.49	4.520	>
4		356.93	-35.35	4.363	>
4		356.93	-35.38	3.785	>
4		357.07	-35.32	4.358	>
4		356.59	-35.23	4.363	>
4		356.82	-35.40	4.346	>
4	5	356.83	-35.32	4.356	>
5		230.39	-2.86	9.954	>
5		244.75	-2.13	7.895	>
5		255.04	-5.05	6.937	>
5		262.88	-5.72	2.592	>
5		273.12	-3.99	2.246	>
5		282.36	-1.17	2.228	>
5		144.18	-7.55	2.116	>
5		188.57	1.20	5.174	>
5		280.57	-79.09	7.924	>
5		280.11	-79.30	7.924	>
5		280.33	-79.05	7.925	>
5	6	280.34	-79.15	7.924	>
6		345.82	2.01	2.491	>
6		309.91	-0.63	3.069	>
6		279.89	1.65	2.155	>
6		262.88	69.71	2.714	>
6		19.38	71.50	5.496	>
6		16.67	65.91	4.180	>
6		203.67	-2.22	9.030	>
6		281.26	-71.88	6.801	>
6		281.99	-72.21	6.793	>
6		282.06	-71.90	7.116	>
6		280.98	-71.88	6.802	>
6		280.93	-71.70	6.806	>
6		165.82	-9.93	7.880	>
6		129.12	-1.54	4.034	>
6		119.17	-1.73	1.965	>
6		359.65	-3.61	2.654	>
6		14.16	-4.57	2.929	>
6		180.90	-88.13	11.557	>
6		193.06	-88.19	0.525	>
6		192.74	-87.91	0.525	>
6		189.63	-87.98	0.522	>
6	7	191.81	-88.03	0.524	>
7		252.24	32.06	3.447	>
7		251.04	19.85	3.616	>
7		178.90	-5.15	8.084	>
7		94.93	-2.11	4.395	>
7		57.65	-1.32	5.986	>
7		50.48	1.82	3.462	>
7		29.91	-0.07	2.579	>
7		30.03	1.83	2.572	>
7		175.79	-55.65	13.131	>
7		175.74	-55.94	13.220	>
7		175.32	-55.85	13.284	>
7		256.71	26.04	0.430	>
7		256.56	25.88	0.434	>
7		256.53	25.85	0.434	>
7	8	175.61	-55.81	13.212	>
8		175.54	-55.57	13.206	>
8		73.24	-26.65	8.012	>
8		76.90	-27.55	5.943	>
8		53.43	-17.84	4.308	>
8		57.57	-18.42	6.431	>
8		85.86	-18.75	4.307	>
8		358.75	1.42	6.127	>
8		22.47	-0.85	6.481	>
8		290.56	0.67	3.445	>
8		321.88	3.22	3.995	>
8		171.05	-2.13	0.503	>
8		71.31	-18.93	7.365	>
8		71.56	-22.37	7.576	>
8		71.56	-22.40	7.564	>
8		71.55	-22.53	7.576	>
8	9	71.56	-22.43	7.572	>
9		233.75	-2.04	1.488	>
9		279.04	17.03	2.953	>
9		302.81	18.81	2.095	>
9		320.23	15.38	1.188	>
9		307.62	70.85	5.861	>
9		147.43	-32.04	2.752	>
9		147.25	-32.02	2.752	>
9		147.08	-31.98	2.752	>
9	10	147.25	-32.01	2.752	>
10		348.88	2.04	1.471	>
10		338.75	77.62	2.542	>
10		304.68	68.26	5.976	>
10		26.93	30.57	2.007	>
10		53.15	-8.93	3.309	>
10		60.02	-19.46	4.097	>
10		55.82	-43.78	2.838	>
10		63.39	-46.30	2.685	>
10		63.72	-56.61	2.554	>
10		48.34	-51.11	2.692	>
10		66.15	-30.49	3.936	>
10		66.10	-30.43	4.021	>
10		66.56	-30.35	3.938	>
10		66.51	-30.42	3.989	>
10		66.48	-30.43	4.027	>
10		66.76	-30.39	3.978	>
10	11	66.58	-30.41	3.998	>
11		45.22	9.49	1.219	>
11		84.22	11.65	0.745	>
11		315.62	-1.19	0.584	>
11		239.96	82.74	1.260	>
11		92.35	-85.97	24.329	>
11		91.92	-85.94	24.338	>
11		91.86	-85.90	24.356	>
11	12	92.05	-85.94	24.341	>
12		43.52	-14.86	8.280	>
12		41.57	-13.52	8.375	>
12		41.65	-13.46	8.361	>
12	13	42.25	-13.95	8.339	>
13		41.64	-13.56	8.370	>
13		342.94	28.51	4.396	>
13		350.71	33.37	4.048	>
13		358.32	28.28	3.962	>
13		297.94	5.13	1.186	>
13		199.64	10.09	6.229	>
13		224.64	2.45	2.077	>
13		184.52	7.61	5.710	>
13		182.32	9.45	1.865	>
7	7.1	256.60	25.92	0.433	>
7.1		26.09	-9.32	1.236	>
7.1		352.13	6.02	1.694	>
7.1		348.10	-20.53	4.395	>
7.1		348.03	-20.64	4.393	>
7.1		347.81	-20.63	4.395	>
7.1	7.2	347.98	-20.60	4.394	>
7.2		101.07	-7.51	0.560	>
7.2		109.23	62.80	0.931	>
7.2		126.73	-66.78	1.530	>
7.2		78.05	-71.18	2.528	>
7.2		151.27	-39.57	1.230	>
7.2		5.16	-25.29	4.695	>
7.2		5.13	-25.04	4.692	>
7.2		5.13	-25.16	4.640	>
7.2	7.3	5.14	-25.16	4.676	>
7.3		4.85	-25.21	4.665	>
7.3		5.02	-25.09	4.702	>
7.3		5.02	-25.19	4.653	>
7.3	7.4	4.96	-25.16	4.673	>
7.4		95.00	-0.09	0.402	>
7.4		213.03	82.68	1.167	>
7.4		221.96	77.81	1.073	>
7.4		206.22	-13.29	2.034	>
7.4		185.93	-62.02	4.763	>
7.4		356.31	-6.54	2.834	>
7.4		4.76	-13.27	2.376	>
7.4		8.82	-25.20	2.948	>
7.4		8.48	-25.24	2.945	>
7.4		8.23	-25.36	2.961	>
7.4	7.5	8.51	-25.27	2.951	>
7.5		265.76	-6.76	0.274	>
7.5		96.73	-8.83	0.475	>
7.5		161.91	-76.80	1.275	>
7.5		45.23	-68.15	8.937	>
7.5		6.89	-39.43	4.496	>

PLAN
STATIONS
0.000	0.000	0
-0.225	2.710	1
-1.681	4.348	2
0.767	5.573	3
0.047	4.992	4
-0.149	8.540	5
-1.617	8.808	6
-1.621	8.790	7
-1.053	1.388	8
5.586	3.602	9
6.848	1.640	10
10.012	3.010	11
11.737	2.948	12
17.178	8.939	13
-2.000	8.700	7.1
-2.856	12.723	7.2
-2.477	16.938	7.3
-2.111	21.152	7.4
-1.716	23.792	7.5
SHOTS
0.000	0.000	-0.225	2.710
-0.225	2.710	-1.681	4.348
-1.681	4.348	0.767	5.573
0.767	5.573	3.241	6.781
0.767	5.573	-7.718	7.594
0.767	5.573	-3.674	7.659
0.767	5.573	-6.957	6.275
0.767	5.573	-7.338	7.809
0.767	5.573	-8.897	8.175
0.767	5.573	3.254	4.488
0.767	5.573	3.182	4.185
0.767	5.573	-4.280	7.185
0.767	5.573	-5.277	6.262
0.767	5.573	-0.005	3.971
0.767	5.573	-0.020	5.028
0.767	5.573	0.047	4.992
0.047	4.992	-0.702	4.447
0.047	4.992	-0.564	4.556
0.047	4.992	-0.723	4.441
0.047	4.992	-7.496	5.548
0.047	4.992	-4.120	7.497
0.047	4.992	-2.700	7.848
0.047	4.992	-1.541	7.455
0.047	4.992	0.139	8.376
0.047	4.992	1.202	7.843
0.047	4.992	1.612	7.503
0.047	4.992	-7.137	0.622
0.047	4.992	-0.220	8.523
0.047	4.992	-0.189	8.544
0.047	4.992	-0.168	8.665
0.047	4.992	-0.143	8.545
0.047	4.992	-0.118	8.073
0.047	4.992	-0.149	8.540
-0.149	8.540	-7.808	2.202
-0.149	8.540	-7.285	5.175
-0.149	8.540	-6.825	6.757
-0.149	8.540	-2.708	8.220
-0.149	8.540	-2.387	8.662
-0.149	8.540	-2.325	9.017
-0.149	8.540	1.078	6.839
-0.149	8.540	-0.921	3.425
-0.149	8.540	-1.617	8.808
-1.617	8.808	-2.227	11.222
-1.617	8.808	-3.971	10.777
-1.617	8.808	-3.739	9.178
-1.617	8.808	-2.551	8.691
-1.617	8.808	-1.039	10.453
-1.617	8.808	-1.128	10.443
-1.617	8.808	-5.240	0.544
-1.617	8.808	-3.691	9.221
-1.617	8.808	-3.647	9.239
-1.617	8.808	-3.779	9.270
-1.617	8.808	-3.694	9.211
-1.617	8.808	-3.716	9.213
-1.617	8.808	0.284	1.283
-1.617	8.808	1.511	6.264
-1.617	8.808	0.098	7.851
-1.617	8.808	-1.634	11.457
-1.617	8.808	-0.903	11.639
-1.617	8.808	-1.623	8.430
-1.617	8.808	-1.621	8.790
-1.621	8.790	-4.403	7.899
-1.621	8.790	-4.838	7.685
-1.621	8.790	-1.467	0.740
-1.621	8.790	2.755	8.413
-1.621	8.790	3.435	11.992
-1.621	8.790	1.048	10.992
-1.621	8.790	-0.335	11.026
-1.621	8.790	-0.335	11.016
-1.621	8.790	-1.053	1.388
-1.053	1.388	-0.473	-6.056
-1.053	1.388	5.803	3.453
-1.053	1.388	4.079	2.583
-1.053	1.388	2.240	3.832
-1.053	1.388	4.097	4.660
-1.053	1.388	3.014	1.683
-1.053	1.388	-1.187	7.512
-1.053	1.388	1.423	7.377
-1.053	1.388	-4.279	2.598
-1.053	1.388	-3.516	4.526
-1.053	1.388	-0.975	0.892
-1.053	1.388	5.546	3.621
-1.053	1.388	5.586	3.602
5.586	3.602	4.387	2.723
5.586	3.602	2.798	4.046
5.586	3.602	3.919	4.677
5.586	3.602	4.853	4.483
5.586	3.602	4.063	4.776
5.586	3.602	6.848	1.640
6.848	1.640	6.565	3.082
6.848	1.640	6.651	2.148
6.848	1.640	5.028	2.899
6.848	1.640	7.631	3.180
6.848	1.640	9.464	3.600
6.848	1.640	10.195	3.570
6.848	1.640	8.544	2.791
6.848	1.640	8.507	2.471
6.848	1.640	8.109	2.262
6.848	1.640	8.111	2.763
6.848	1.640	9.951	3.011
6.848	1.640	10.018	3.044
6.848	1.640	9.966	2.992
6.848	1.640	10.012	3.010
10.012	3.010	10.866	3.857
10.012	3.010	10.738	3.083
10.012	3.010	9.604	3.427
10.012	3.010	9.874	2.930
10.012	3.010	11.737	2.948
11.737	2.948	17.178	8.939
17.178	8.939	22.584	15.020
17.178	8.939	16.045	12.632
17.178	8.939	16.632	12.275
17.178	8.939	17.075	12.427
17.178	8.939	16.134	9.492
17.178	8.939	15.116	3.163
17.178	8.939	15.719	7.463
17.178	8.939	16.732	3.297
17.178	8.939	17.103	7.101
-1.621	8.790	-2.000	8.700
-2.000	8.700	-1.463	9.796
-2.000	8.700	-2.230	10.369
-2.000	8.700	-2.856	12.723
-2.856	12.723	-2.311	12.617
-2.856	12.723	-2.455	12.583
-2.856	12.723	-2.373	12.363
-2.856	12.723	-2.058	12.892
-2.856	12.723	-2.400	11.892
-2.856	12.723	-2.477	16.938
-2.477	16.938	-2.111	21.152
-2.111	21.152	-1.711	21.117
-2.111	21.152	-2.192	21.027
-2.111	21.152	-2.263	20.984
-2.111	21.152	-2.986	19.376
-2.111	21.152	-2.342	18.929
-2.111	21.152	-2.292	23.962
-2.111	21.152	-1.919	23.457
-2.111	21.152	-1.716	23.792
-1.716	23.792	-1.987	23.772
-1.716	23.792	-1.250	23.737
-1.716	23.792	-1.626	23.515
-1.716	23.792	0.645	26.134
-1.716	23.792	-1.299	27.239
POLYLINE BLACK
0.187	3.949
0.553	4.002
0.508	4.003
1.041	4.004
1.195	4.005
1.349	3.973
1.502	3.983
1.959	4.010
2.413	4.059
2.867	4.114
2.932	4.122
2.995	4.147
3.056	4.171
3.119	4.196
3.263	4.251
3.336	4.315
3.454	4.420
3.500	4.693
3.499	4.813
3.498	4.847
3.487	5.988
3.356	6.347
3.283	6.548
3.186	6.740
3.090	6.932
3.054	7.004
2.951	7.133
2.883	7.184
2.565	7.428
2.633	7.321
2.224	7.533
2.052	7.622
1.887	7.723
1.721	7.823
1.590	7.902
1.465	7.990
1.333	8.069
1.257	8.114
1.146	8.143
1.057	8.132
0.566	8.071
0.080	7.971
-0.413	7.934
-2.609	7.767
0.232	8.253
-2.525	7.833
-3.148	7.738
-3.201	7.639
-3.771	7.403
-3.913	7.344
-3.881	7.402
-4.049	7.355
-4.378	7.263
-4.697	7.134
-5.029	7.054
-5.348	6.976
-5.623	7.017
-5.908	6.883
-6.039	6.821
-6.158	6.737
-6.288	6.673
-6.377	6.630
-6.474	6.605
-6.563	6.564
-6.645	6.525
-6.730	6.451
-6.789	6.385
-6.877	6.285
-7.122	6.041
-7.167	5.852
-7.229	5.593
-7.105	5.371
-6.985	5.143
-6.871	4.927
-6.783	4.831
-6.579	4.710
-6.313	4.551
-6.050	4.386
-5.774	4.246
-5.537	4.127
-5.063	4.024
-4.831	3.995
-4.299	3.928
-3.765	3.884
-3.231	3.841
-3.045	3.826
-2.876	3.932
-2.696	3.952
-2.519	3.973
-2.339	3.968
-2.161	3.958
-1.751	3.933
-1.345	3.861
-0.935	3.847
-0.683	3.838
-0.430	3.870
-0.179	3.889
0.129	3.912
0.092	3.913
0.333	3.986
POLYLINE BLUE
4.231	4.573
3.184	4.364
4.739	4.689
2.834	4.177
2.692	4.139
2.545	4.110
2.398	4.108
2.097	4.103
1.795	4.134
1.495	4.157
0.617	4.223
-0.259	4.319
-1.138	4.373
-1.262	4.380
-1.388	4.365
-1.510	4.340
-1.871	4.268
-2.224	4.160
-2.584	4.083
-2.646	4.069
-2.744	4.068
-2.813	4.089
-2.890	4.113
-2.938	4.172
-3.007	4.211
-3.128	4.278
-3.279	4.309
-3.405	4.237
-3.595	4.127
-3.701	3.962
-3.770	3.744
-3.909	3.311
-4.011	2.866
-4.120	2.425
-4.130	2.385
-4.129	2.342
-4.128	2.301
-4.122	2.153
-4.063	1.936
-3.943	1.836
-3.436	1.415
-3.077	1.019
-2.472	0.825
-1.643	0.560
-1.104	0.768
-0.223	0.870
-0.079	0.887
0.067	0.884
0.213	0.892
POLYLINE BLUE
4.207	4.607
4.584	4.552
5.049	4.584
5.403	4.385
5.613	4.267
5.800	4.005
5.937	3.858
POLYLINE BLUE
0.205	1.013
0.820	1.057
1.828	1.031
2.505	1.293
2.763	1.392
3.007	1.528
3.248	1.664
3.565	1.842
3.428	1.868
3.739	2.121
4.405	2.665
4.252	2.580
4.777	2.767
POLYLINE BLUE
5.855	3.444
5.870	3.508
5.889	3.570
5.899	3.635
5.921	3.781
5.819	3.984
5.757	4.088
5.712	4.166
5.647	4.230
5.592	4.301
POLYLINE BLUE
4.755	2.859
4.908	2.897
5.077	2.964
5.240	2.928
5.578	2.852
6.104	2.219
6.206	2.131
6.268	2.076
6.340	2.030
6.417	1.997
7.110	1.701
7.154	1.705
7.811	1.657
POLYLINE BLUE
5.888	3.698
6.202	3.471
6.566	3.012
7.021	3.016
7.259	3.018
7.490	3.128
7.727	3.094
8.064	3.046
8.246	2.739
8.614	2.890
8.980	3.040
8.996	3.146
9.417	3.441
9.655	3.608
10.150	3.647
10.373	3.704
10.430	3.718
10.481	3.750
10.536	3.772
10.585	3.792
10.634	3.815
10.685	3.831
10.796	3.866
10.845	3.847
10.972	3.838
POLYLINE BROWN
10.980	3.827
10.188	3.859
9.856	3.899
9.211	3.597
9.081	3.536
8.958	3.381
8.921	3.243
8.840	2.943
8.841	2.617
9.035	2.360
9.133	2.231
9.245	2.136
9.399	2.084
9.650	2.000
9.906	2.019
10.174	2.042
10.692	2.085
11.071	2.130
11.533	2.284
11.639	2.319
11.739	2.373
11.846	2.408
12.097	2.492
12.508	2.534
12.698	2.780
12.759	2.860
12.793	2.963
12.799	3.064
12.825	3.521
12.337	3.771
11.984	3.913
11.901	3.947
11.815	3.977
11.726	3.988
11.299	4.042
11.064	4.070
10.698	3.999
POLYLINE BLUE
7.658	1.834
7.771	1.825
7.884	1.808
7.998	1.807
8.290	1.804
8.680	1.983
8.887	2.075
9.015	2.131
9.127	2.218
9.248	2.290
POLYLINE GREEN
11.211	4.093
11.291	4.127
POLYLINE GREEN
11.380	4.291
11.816	4.428
11.750	4.383
12.288	4.791
12.386	4.865
12.680	5.106
12.776	5.293
13.007	5.746
12.966	5.823
13.354	6.278
13.562	6.522
13.803	6.734
14.037	6.952
14.394	7.284
14.439	7.221
14.698	7.593
16.198	9.752
15.302	8.641
16.092	9.599
POLYLINE GREEN
16.137	9.325
16.230	9.765
16.287	9.854
16.263	10.255
16.249	10.471
16.220	10.564
16.151	10.753
16.054	11.023
15.999	11.081
15.978	11.345
15.956	11.639
16.061	11.947
16.135	12.217
16.162	12.318
16.234	12.449
16.335	12.495
16.442	12.545
16.696	12.583
16.737	12.593
16.940	12.644
17.014	12.693
17.195	12.700
17.315	12.705
17.371	12.673
17.497	12.637
POLYLINE GREEN
13.039	2.856
13.095	2.896
13.149	2.940
13.209	2.974
13.256	3.001
13.307	3.022
13.358	3.038
14.049	3.254
14.157	3.249
15.060	3.261
15.397	3.265
15.732	3.203
16.069	3.211
16.156	3.214
16.713	3.264
16.894	3.393
17.137	3.565
17.154	3.923
17.171	4.185
17.177	4.271
17.173	4.359
17.157	4.443
17.098	4.757
16.990	5.061
16.948	5.377
16.870	5.960
16.970	6.270
17.130	6.843
17.146	6.900
17.178	6.951
17.207	7.003
17.299	7.168
17.405	7.326
17.493	7.494
17.547	7.598
17.592	7.707
17.631	7.819
17.649	7.869
17.660	7.923
17.662	7.977
17.671	8.226
17.640	8.476
17.666	8.724
17.796	9.976
17.996	9.829
17.875	11.139
17.841	11.509
17.727	11.867
17.642	12.229
17.630	12.280
17.577	12.373
17.539	12.416
17.480	12.482
17.416	12.544
17.355	12.608
POLYLINE RED
-2.359	8.475
-2.323	8.569
-2.279	8.660
-2.251	8.757
-2.222	8.855
-2.182	9.121
-2.206	9.227
-2.588	10.923
-2.497	10.651
-2.786	11.455
POLYLINE RED
-2.696	11.310
-2.631	12.253
-2.673	11.395
-2.681	12.479
-2.682	12.561
-2.672	12.643
-2.667	12.726
POLYLINE RED
-0.937	8.715
-1.259	9.715
-1.197	9.454
-1.477	11.026
-1.495	11.128
-1.481	11.233
-1.483	11.336
POLYLINE RED
-2.237	8.633
-2.191	8.402
-2.209	8.205
-2.253	7.982
POLYLINE RED
-0.953	8.836
-0.481	8.216
POLYLINE RED
-2.659	12.639
-2.546	12.488
POLYLINE RED
-2.633	12.583
-2.533	12.598
-2.434	12.616
-2.335	12.628
-2.221	12.641
-2.154	12.620
-2.066	12.704
-2.008	12.761
-1.927	12.920
-1.910	12.947
POLYLINE RED
-1.525	11.012
-1.337	11.802
-1.150	12.592
-0.963	13.382
-0.958	13.513
-0.937	13.645
-0.947	13.776
-1.036	14.945
-1.213	16.109
-1.259	17.281
-1.275	17.689
-1.163	18.093
-1.131	18.501
-1.114	18.706
-1.144	18.915
-1.111	19.119
-1.042	19.547
-0.902	19.961
-0.827	20.388
-0.787	20.613
-0.820	20.863
-0.840	21.089
POLYLINE RED
-2.228	12.372
-2.123	12.622
-1.999	12.864
-1.914	13.121
-1.785	13.508
-1.735	14.376
-1.753	14.662
-1.925	17.470
-1.915	17.052
-2.547	19.321
POLYLINE RED
-2.364	19.059
-2.661	19.694
-2.760	19.769
-2.851	20.433
-2.936	21.057
-2.792	21.652
-2.703	22.265
-2.466	23.889
-2.742	22.185
-2.387	24.278
POLYLINE RED
-0.819	21.077
-0.877	21.480
-0.763	20.720
-1.072	21.921
-1.112	22.075
-1.126	22.234
-1.147	22.391
-1.195	22.755
-1.242	23.118
-1.280	23.483
-1.284	23.523
-1.280	23.564
-1.274	23.605
-1.265	23.663
-1.247	23.720
-1.233	23.777
POLYLINE RED
-1.202	23.758
-1.035	24.109
-1.103	24.010
-0.866	24.323
-0.317	25.047
-0.443	24.926
0.170	25.501
0.238	25.565
0.318	25.616
0.383	25.683
0.426	25.727
0.460	25.779
0.492	25.832
0.548	25.927
0.596	26.026
0.646	26.124
0.651	26.135
0.657	26.146
0.658	26.158
0.659	26.179
0.654	26.201
0.652	26.222
POLYLINE RED
-2.331	24.270
-2.282	24.353
-2.216	24.428
-2.186	24.518
-1.963	25.188
-1.788	25.874
-1.574	26.546
-1.554	26.609
-1.515	26.665
-1.483	26.723
-1.425	26.827
-1.358	26.926
-1.304	27.033
-1.193	27.256
-1.204	27.242
-1.171	27.426
POLYLINE RED
0.669	26.099
0.698	26.462
0.702	26.325
0.521	26.946
0.495	27.036
0.443	27.116
0.404	27.201
POLYLINE RED
0.454	27.142
0.452	27.148
0.430	27.240
0.408	27.261
0.352	27.316
0.295	27.372
0.232	27.419
0.144	27.485
-0.046	27.578
-0.145	27.615
-0.217	27.641
-0.294	27.652
-0.365	27.680
-1.017	27.931
-0.316	27.694
-0.662	27.809
POLYLINE RED
-2.393	24.082
-2.342	24.054
-2.085	23.912
-2.058	23.901
-1.941	23.852
-1.822	23.804
-1.699	23.773
-1.536	23.732
-1.367	23.713
-1.202	23.683

ELEVATION
STATIONS
0.000	0.000	0
-0.225	-0.671	1
-1.681	-3.694	2
0.767	-11.729	3
0.047	-24.093	4
-0.149	-26.611	5
-1.617	-34.394	6
-1.621	-34.917	7
-1.053	-45.846	8
5.586	-48.736	9
6.848	-50.195	10
10.012	-52.218	11
11.737	-76.498	12
17.178	-78.508	13
-2.000	-34.728	7.1
-2.856	-36.274	7.2
-2.477	-38.262	7.3
-2.111	-40.249	7.4
-1.716	-41.509	7.5
SHOTS
0.000	0.000	-0.225	-0.671
-0.225	-0.671	-1.681	-3.694
-1.681	-3.694	0.767	-11.729
0.767	-11.729	3.241	-19.780
0.767	-11.729	-7.718	-11.664
0.767	-11.729	-3.674	-11.814
0.767	-11.729	-6.957	-11.807
0.767	-11.729	-7.338	-11.746
0.767	-11.729	-8.897	-11.245
0.767	-11.729	3.254	-11.729
0.767	-11.729	3.182	-11.652
0.767	-11.729	-4.280	6.888
0.767	-11.729	-5.277	14.132
0.767	-11.729	-0.005	-11.503
0.767	-11.729	-0.020	-24.305
0.767	-11.729	0.047	-24.093
0.047	-24.093	-0.702	-36.462
0.047	-24.093	-0.564	-33.726
0.047	-24.093	-0.723	-36.428
0.047	-24.093	-7.496	-24.112
0.047	-24.093	-4.120	-24.448
0.047	-24.093	-2.700	-24.488
0.047	-24.093	-1.541	-24.406
0.047	-24.093	0.139	-23.989
0.047	-24.093	1.202	-24.237
0.047	-24.093	1.612	-24.202
0.047	-24.093	-7.137	-24.321
0.047	-24.093	-0.220	-26.607
0.047	-24.093	-0.189	-26.640
0.047	-24.093	-0.168	-26.717
0.047	-24.093	-0.143	-26.618
0.047	-24.093	-0.118	-26.285
0.047	-24.093	-0.149	-26.611
-0.149	-26.611	-7.808	-27.107
-0.149	-26.611	-7.285	-26.904
-0.149	-26.611	-6.825	-27.221
-0.149	-26.611	-2.708	-26.870
-0.149	-26.611	-2.387	-26.767
-0.149	-26.611	-2.325	-26.656
-0.149	-26.611	1.078	-26.889
-0.149	-26.611	-0.921	-26.502
-0.149	-26.611	-1.617	-34.394
-1.617	-34.394	-2.227	-34.306
-1.617	-34.394	-3.971	-34.427
-1.617	-34.394	-3.739	-34.332
-1.617	-34.394	-2.551	-31.848
-1.617	-34.394	-1.039	-29.181
-1.617	-34.394	-1.128	-30.578
-1.617	-34.394	-5.240	-34.744
-1.617	-34.394	-3.691	-40.857
-1.617	-34.394	-3.647	-40.862
-1.617	-34.394	-3.779	-41.157
-1.617	-34.394	-3.694	-40.858
-1.617	-34.394	-3.716	-40.855
-1.617	-34.394	0.284	-35.753
-1.617	-34.394	1.511	-34.502
-1.617	-34.394	0.098	-34.453
-1.617	-34.394	-1.634	-34.561
-1.617	-34.394	-0.903	-34.627
-1.617	-34.394	-1.623	-45.944
-1.617	-34.394	-1.621	-34.917
-1.621	-34.917	-4.403	-33.088
-1.621	-34.917	-4.838	-33.689
-1.621	-34.917	-1.467	-35.643
-1.621	-34.917	2.755	-35.079
-1.621	-34.917	3.435	-35.055
-1.621	-34.917	1.048	-34.807
-1.621	-34.917	-0.335	-34.920
-1.621	-34.917	-0.335	-34.835
-1.621	-34.917	-1.053	-45.846
-1.053	-45.846	-0.473	-56.738
-1.053	-45.846	5.803	-49.440
-1.053	-45.846	4.079	-48.595
-1.053	-45.846	2.240	-47.165
-1.053	-45.846	4.097	-47.878
-1.053	-45.846	3.014	-47.230
-1.053	-45.846	-1.187	-45.694
-1.053	-45.846	1.423	-45.942
-1.053	-45.846	-4.279	-45.806
-1.053	-45.846	-3.516	-45.621
-1.053	-45.846	-0.975	-45.865
-1.053	-45.846	5.546	-48.236
-1.053	-45.846	5.586	-48.736
5.586	-48.736	4.387	-48.789
5.586	-48.736	2.798	-47.871
5.586	-48.736	3.919	-48.060
5.586	-48.736	4.853	-48.420
5.586	-48.736	4.063	-43.199
5.586	-48.736	6.848	-50.195
6.848	-50.195	6.565	-50.142
6.848	-50.195	6.651	-47.712
6.848	-50.195	5.028	-44.644
6.848	-50.195	7.631	-49.174
6.848	-50.195	9.464	-50.708
6.848	-50.195	10.195	-51.560
6.848	-50.195	8.544	-52.158
6.848	-50.195	8.507	-52.136
6.848	-50.195	8.109	-52.327
6.848	-50.195	8.111	-52.290
6.848	-50.195	9.951	-52.191
6.848	-50.195	10.018	-52.231
6.848	-50.195	9.966	-52.184
6.848	-50.195	10.012	-52.218
10.012	-52.218	10.866	-52.018
10.012	-52.218	10.738	-52.068
10.012	-52.218	9.604	-52.231
10.012	-52.218	9.874	-50.969
10.012	-52.218	11.737	-76.498
11.737	-76.498	17.178	-78.508
17.178	-78.508	22.584	-80.470
17.178	-78.508	16.045	-76.410
17.178	-78.508	16.632	-76.282
17.178	-78.508	17.075	-76.631
17.178	-78.508	16.134	-78.402
17.178	-78.508	15.116	-77.418
17.178	-78.508	15.719	-78.420
17.178	-78.508	16.732	-77.752
17.178	-78.508	17.103	-78.202
-1.621	-34.917	-2.000	-34.728
-2.000	-34.728	-1.463	-34.928
-2.000	-34.728	-2.230	-34.550
-2.000	-34.728	-2.856	-36.274
-2.856	-36.274	-2.311	-36.347
-2.856	-36.274	-2.455	-35.446
-2.856	-36.274	-2.373	-37.680
-2.856	-36.274	-2.058	-38.667
-2.856	-36.274	-2.400	-37.058
-2.856	-36.274	-2.477	-38.262
-2.477	-38.262	-2.111	-40.249
-2.111	-40.249	-1.711	-40.250
-2.111	-40.249	-2.192	-39.092
-2.111	-40.249	-2.263	-39.201
-2.111	-40.249	-2.986	-40.717
-2.111	-40.249	-2.342	-44.456
-2.111	-40.249	-2.292	-40.572
-2.111	-40.249	-1.919	-40.795
-2.111	-40.249	-1.716	-41.509
-1.716	-41.509	-1.987	-41.541
-1.716	-41.509	-1.250	-41.582
-1.716	-41.509	-1.626	-42.751
-1.716	-41.509	0.645	-49.804
-1.716	-41.509	-1.299	-44.365

