TRIP
DATE 2025-08-21
DECLINATION 0.0
DATA
0		348.55	-13.90	4.020	>
0		348.56	-13.91	4.066	>
0		348.52	-14.01	4.055	>
0		47.79	-3.92	1.247	>
0		23.13	12.44	1.145	>
0		141.15	11.82	0.216	>
0		136.49	19.34	7.180	>
0		136.67	19.37	0.187	>
0		136.62	19.35	0.183	>
0		136.69	19.42	7.198	>
0		136.35	19.51	9.437	>
0		136.66	19.48	7.190	>
0		136.96	19.36	7.174	>
0		136.85	19.42	7.190	>
0	1	136.82	19.42	7.185	>
1		118.35	-4.23	0.504	>
1		144.33	24.37	0.444	>
1		143.93	24.60	2.507	>
1		144.12	24.41	2.516	>
1		144.47	24.25	2.528	>
1	2	144.17	24.42	2.517	>
2		237.07	32.48	1.163	>
2		237.07	33.08	1.159	>
2		236.80	33.24	1.158	>
2	3	236.98	32.93	1.160	>
3		88.01	1.08	1.568	>
3		88.19	1.53	1.634	>
3		87.81	2.05	1.637	>
3		87.89	1.88	1.638	>
3	4	87.96	1.82	1.636	>
4		61.70	8.10	3.881	>
4		61.73	8.17	3.888	>
4		61.75	8.12	3.883	>
4	5	61.73	8.13	3.884	>
5		257.82	-6.35	1.092	>
5		206.69	-8.91	1.452	>
5		181.50	-70.35	0.649	>
5		345.15	58.89	6.383	>
5		344.09	57.82	6.372	>
5		344.10	57.79	6.383	>
5	6	344.45	58.16	6.379	>
6		145.31	-34.94	2.249	>
6		172.76	-40.84	3.709	>
6		190.83	-42.41	0.234	>
6		138.09	-43.02	1.189	>
6		98.97	3.02	3.010	>
6		87.87	4.63	2.821	>
6		240.14	11.56	2.912	>
6		231.20	12.61	0.229	>
6		226.48	9.40	0.192	>
6		222.09	14.21	3.490	>
6		98.54	6.88	3.002	>
6		89.48	5.48	2.881	>
6		172.14	51.05	1.912	>
6		241.05	12.57	2.831	>
6		223.34	14.19	0.218	>
6		238.24	13.40	4.760	>
6		238.51	13.44	4.810	>
6		238.55	13.39	4.775	>
6		94.00	5.91	5.104	>
6		93.66	6.00	5.071	>
6		93.70	5.98	5.066	>
6		214.39	-1.33	0.471	>
6	7	238.43	13.41	4.782	>
7		334.49	-20.07	0.447	>
7		117.04	-19.08	0.641	>
7		256.52	-81.95	0.845	>
7		244.31	-13.96	4.176	>
7		244.22	-14.01	4.182	>
7		244.25	-13.99	4.177	>
7	8	244.26	-13.98	4.178	>
8		109.47	3.48	1.611	>
8		108.75	27.07	1.014	>
8		83.19	-79.82	0.192	>
8		155.08	13.48	2.625	>
8		156.26	13.73	2.619	>
8		155.75	13.47	2.665	>
8		277.96	3.79	0.790	>
8		256.15	44.29	0.679	>
8		251.27	-68.16	0.191	>
8		227.14	27.70	1.965	>
8		228.87	27.25	1.925	>
8		228.77	27.02	1.928	>
8		26.03	1.75	0.896	>
8		324.71	-0.52	0.645	>
8		163.24	13.20	0.998	>
8		120.52	55.35	3.888	>
8		120.14	55.22	3.909	>
8		120.48	55.31	3.890	>
8	9	120.38	55.29	3.896	>
9		261.73	4.12	0.449	>
9		260.21	37.44	0.293	>
9		233.15	-36.58	0.626	>
9		186.05	17.40	1.859	>
9		176.00	3.48	1.830	>
9		185.74	15.31	0.744	>
9		186.43	17.59	1.885	>
9		185.78	17.66	1.864	>
9		186.20	17.92	1.875	>
9	10	186.14	17.72	1.875	>
10		51.66	-0.75	0.926	>
10		23.51	-0.42	1.240	>
10		349.16	5.73	1.115	>
10		333.51	3.84	0.824	>
10		300.58	2.53	0.527	>
10		11.27	67.03	0.852	>
10		357.41	-69.68	1.171	>
10		28.49	54.67	2.275	>
10		28.50	54.68	2.275	>
10		28.25	54.72	2.270	>
10	11	28.41	54.69	2.273	>
11		271.62	7.60	0.605	>
11		242.78	1.38	1.090	>
11		155.30	1.72	0.504	>
11		256.99	61.38	6.464	>
11		259.84	53.82	2.254	>
11		243.02	60.27	3.159	>
11		256.30	-68.83	2.565	>
6	6.1	93.79	5.96	5.080	>
6.1		215.01	64.08	0.271	>
6.1		192.60	-67.74	0.206	>
6.1		139.08	3.19	0.735	>
6.1		139.75	3.59	0.777	>
6.1		139.44	3.50	0.777	>
6.1		98.03	16.90	1.108	>
6.1		98.78	17.42	1.150	>
6.1		98.69	17.58	1.150	>
6.1		138.66	13.33	1.275	>
6.1		138.97	13.71	1.273	>
6.1		138.65	13.17	1.301	>
6.1		71.70	14.29	1.193	>
6.1		71.33	14.25	1.195	>
6.1		71.15	14.05	1.199	>
6.1	6.2	71.39	14.20	1.196	>
6.2		352.66	-28.64	0.763	>
6.2		49.19	-26.79	0.508	>
6.2		116.08	20.41	1.974	>
6.2		122.07	20.37	2.255	>
6.2		110.59	22.30	0.575	>
6.2		128.42	25.24	1.177	>
6.2		9.46	-3.07	0.413	>
6.2		57.49	-15.72	0.506	>
6.2		112.15	18.18	1.959	>
6.2		117.03	17.77	3.335	>

PLAN
STATIONS
0.000	0.000	0
4.636	-4.941	1
5.978	-6.799	2
5.162	-7.330	3
6.796	-7.272	4
10.182	-5.451	5
9.280	-2.209	6
5.317	-4.644	7
1.665	-6.405	8
3.578	-7.526	9
3.387	-9.302	10
4.012	-8.146	11
14.322	-2.543	6.1
15.420	-2.173	6.2
SHOTS
0.000	0.000	0.921	0.836
0.000	0.000	0.439	1.028
0.000	0.000	0.133	-0.165
0.000	0.000	4.664	-4.914
0.000	0.000	0.121	-0.128
0.000	0.000	0.119	-0.125
0.000	0.000	4.656	-4.940
0.000	0.000	6.140	-6.437
0.000	0.000	4.636	-4.941
4.636	-4.941	5.079	-5.180
4.636	-4.941	4.872	-5.270
4.636	-4.941	5.978	-6.799
5.978	-6.799	5.162	-7.330
5.162	-7.330	6.728	-7.276
5.162	-7.330	6.796	-7.272
6.796	-7.272	10.182	-5.451
10.182	-5.451	9.121	-5.680
10.182	-5.451	9.538	-6.732
10.182	-5.451	10.177	-5.669
10.182	-5.451	9.280	-2.209
9.280	-2.209	10.329	-3.725
9.280	-2.209	9.634	-4.992
9.280	-2.209	9.247	-2.379
9.280	-2.209	9.861	-2.856
9.280	-2.209	12.249	-2.678
9.280	-2.209	12.090	-2.105
9.280	-2.209	6.806	-3.629
9.280	-2.209	9.106	-2.349
9.280	-2.209	9.143	-2.339
9.280	-2.209	7.012	-4.720
9.280	-2.209	12.227	-2.652
9.280	-2.209	12.148	-2.183
9.280	-2.209	9.444	-3.399
9.280	-2.209	6.862	-3.547
9.280	-2.209	9.135	-2.363
9.280	-2.209	9.014	-2.597
9.280	-2.209	5.317	-4.644
5.317	-4.644	5.136	-4.265
5.317	-4.644	5.856	-4.919
5.317	-4.644	5.202	-4.671
5.317	-4.644	1.665	-6.405
1.665	-6.405	3.181	-6.940
1.665	-6.405	2.520	-6.695
1.665	-6.405	1.698	-6.400
1.665	-6.405	2.740	-8.719
1.665	-6.405	2.689	-8.733
1.665	-6.405	2.729	-8.768
1.665	-6.405	0.884	-6.295
1.665	-6.405	1.193	-6.521
1.665	-6.405	1.597	-6.427
1.665	-6.405	0.389	-7.588
1.665	-6.405	0.375	-7.530
1.665	-6.405	0.373	-7.537
1.665	-6.405	2.058	-5.600
1.665	-6.405	1.292	-5.878
1.665	-6.405	1.945	-7.335
1.665	-6.405	3.578	-7.526
3.578	-7.526	3.135	-7.591
3.578	-7.526	3.349	-7.566
3.578	-7.526	3.176	-7.828
3.578	-7.526	3.391	-9.290
3.578	-7.526	3.705	-9.348
3.578	-7.526	3.506	-8.240
3.578	-7.526	3.387	-9.302
3.387	-9.302	4.113	-8.727
3.387	-9.302	3.882	-8.165
3.387	-9.302	3.178	-8.212
3.387	-9.302	3.020	-8.566
3.387	-9.302	2.934	-9.034
3.387	-9.302	3.452	-8.976
3.387	-9.302	3.369	-8.895
3.387	-9.302	4.012	-8.146
4.012	-8.146	3.413	-8.129
4.012	-8.146	3.043	-8.645
4.012	-8.146	4.223	-8.604
4.012	-8.146	0.996	-8.843
4.012	-8.146	2.703	-8.381
4.012	-8.146	2.616	-8.857
4.012	-8.146	3.113	-8.365
9.280	-2.209	14.322	-2.543
14.322	-2.543	14.254	-2.640
14.322	-2.543	14.305	-2.619
14.322	-2.543	14.802	-3.097
14.322	-2.543	14.823	-3.135
14.322	-2.543	14.826	-3.132
14.322	-2.543	15.372	-2.691
14.322	-2.543	15.406	-2.710
14.322	-2.543	15.405	-2.709
14.322	-2.543	15.141	-3.474
14.322	-2.543	15.134	-3.476
14.322	-2.543	15.159	-3.494
14.322	-2.543	15.420	-2.173
15.420	-2.173	15.335	-1.509
15.420	-2.173	15.764	-1.877
15.420	-2.173	17.082	-2.986
15.420	-2.173	17.212	-3.295
15.420	-2.173	15.918	-2.360
15.420	-2.173	16.254	-2.835
15.420	-2.173	15.488	-1.766
15.420	-2.173	15.831	-1.911
15.420	-2.173	17.144	-2.875
15.420	-2.173	18.249	-3.616
POLYLINE BLACK
7.428	-7.711
8.080	-7.330
8.733	-6.948
9.385	-6.567
9.490	-6.515
9.598	-6.469
9.700	-6.412
9.834	-6.337
9.962	-6.252
10.093	-6.172
POLYLINE BLACK
9.973	-6.295
9.964	-6.299
POLYLINE BLACK
6.707	-6.817
8.375	-5.816
7.758	-6.114
8.481	-5.772
POLYLINE BLACK
8.458	-5.798
9.078	-5.624
POLYLINE BLACK
8.974	-5.638
9.018	-5.622
9.064	-5.609
9.106	-5.589
9.130	-5.578
9.154	-5.565
9.174	-5.547
9.342	-5.397
9.459	-5.301
9.569	-5.127
POLYLINE BLACK
10.026	-6.211
10.058	-6.112
10.082	-6.011
10.121	-5.915
10.157	-5.826
10.217	-5.748
10.250	-5.657
10.402	-5.238
10.404	-5.205
10.462	-4.915
POLYLINE BLACK
10.349	-3.682
10.352	-3.678
POLYLINE BLACK
9.624	-4.133
10.596	-3.922
9.006	-4.270
10.171	-3.999
10.205	-3.992
10.239	-3.990
10.273	-3.986
POLYLINE BLACK
9.887	-3.809
9.887	-4.476
POLYLINE BLACK
8.583	-2.431
8.902	-2.318
9.220	-2.206
9.539	-2.093
9.594	-2.066
9.648	-2.036
9.705	-2.011
9.740	-1.997
9.777	-1.988
9.812	-1.976
POLYLINE BLACK
9.479	-5.182
9.561	-5.072
POLYLINE BLACK
9.563	-5.075
9.588	-5.043
POLYLINE BLACK
9.811	-2.823
9.811	-2.819
POLYLINE BLACK
9.750	-1.948
10.165	-1.966
10.005	-1.976
10.231	-1.955
POLYLINE BLACK
9.820	-1.978
10.325	-1.782
10.866	-1.695
11.407	-1.725
11.531	-1.732
11.653	-1.758
11.776	-1.774
POLYLINE BLACK
11.695	-1.732
11.931	-1.852
11.791	-1.768
12.089	-2.022
POLYLINE BLACK
11.987	-2.016
12.191	-2.139
12.086	-2.072
12.303	-2.220
POLYLINE BLACK
12.135	-2.759
12.152	-2.745
POLYLINE BLACK
8.604	-2.343
8.117	-2.562
7.514	-2.900
6.945	-3.028
5.598	-3.333
6.755	-3.022
6.156	-3.186
POLYLINE BLACK
8.372	-2.342
8.396	-2.343
8.696	-2.371
8.801	-2.348
8.849	-2.338
8.895	-2.319
8.941	-2.305
POLYLINE BLACK
9.896	-2.887
9.805	-2.934
9.747	-2.954
9.676	-3.021
9.469	-3.217
9.389	-3.542
9.316	-3.798
9.243	-4.055
9.167	-4.397
9.273	-4.660
9.326	-4.794
9.427	-4.877
9.544	-4.957
9.701	-5.064
9.848	-5.079
10.034	-5.051
10.083	-5.043
10.132	-5.031
10.178	-5.013
10.314	-4.959
10.473	-4.899
10.568	-4.778
10.653	-4.669
10.700	-4.510
10.687	-4.371
10.669	-4.178
10.656	-3.984
10.622	-3.793
10.575	-3.533
10.503	-3.377
10.331	-3.190
10.324	-3.182
10.133	-2.974
10.042	-2.923
9.950	-2.871
9.870	-2.862
9.766	-2.844
POLYLINE BLACK
9.720	-2.813
9.870	-2.808
10.000	-2.906
10.149	-2.903
10.186	-2.902
10.224	-2.900
10.260	-2.891
10.476	-2.836
10.689	-2.765
10.906	-2.711
10.944	-2.702
10.984	-2.699
11.023	-2.702
12.175	-2.791
11.849	-2.697
12.309	-2.838
POLYLINE BLACK
9.866	-2.811
9.716	-2.926
9.559	-3.031
9.417	-3.156
9.238	-3.314
9.317	-3.327
9.164	-3.484
8.834	-3.823
8.668	-3.954
8.254	-4.199
7.946	-4.381
7.973	-4.286
7.610	-4.426
7.425	-4.497
7.334	-4.597
7.161	-4.625
7.012	-4.648
6.858	-4.606
6.709	-4.596
6.664	-4.593
6.619	-4.596
6.574	-4.596
POLYLINE BLACK
6.625	-4.611
6.514	-4.552
6.399	-4.508
6.272	-4.535
6.154	-4.560
5.974	-4.686
5.920	-4.716
POLYLINE BLACK
5.486	-4.921
5.581	-4.921
5.643	-4.931
5.728	-4.907
5.884	-4.864
6.015	-4.735
6.137	-4.637
POLYLINE BLACK
5.696	-4.830
5.696	-4.830
POLYLINE BLACK
5.757	-4.824
5.849	-4.780
POLYLINE BLACK
4.744	-4.256
5.011	-4.148
5.299	-4.083
5.514	-3.884
5.611	-3.794
5.697	-3.693
5.784	-3.594
5.954	-3.400
5.923	-3.386
6.071	-3.273
6.134	-3.225
6.263	-3.206
6.313	-3.192
POLYLINE BLACK
5.490	-3.908
5.531	-3.917
5.571	-3.929
5.612	-3.936
5.706	-3.951
5.877	-3.805
5.917	-3.781
5.923	-3.777
5.931	-3.774
5.939	-3.775
6.011	-3.782
6.082	-3.794
6.154	-3.804
POLYLINE BLACK
5.471	-4.151
5.484	-4.194
5.495	-4.238
5.510	-4.280
5.551	-4.392
5.707	-4.286
5.755	-4.244
5.761	-4.238
5.880	-4.117
5.913	-4.120
5.962	-4.125
6.001	-4.163
6.045	-4.185
POLYLINE BLACK
6.111	-3.886
6.142	-3.931
6.181	-4.020
6.254	-3.999
6.311	-3.983
6.338	-3.941
6.404	-3.936
6.473	-3.931
6.544	-3.965
6.606	-3.985
POLYLINE BLACK
5.241	-4.858
5.531	-4.953
POLYLINE BLACK
4.909	-3.974
4.924	-3.968
POLYLINE BLACK
4.772	-4.170
4.847	-4.157
POLYLINE BLACK
4.309	-4.166
4.532	-4.234
4.529	-4.194
4.781	-4.171
4.842	-4.165
4.904	-4.168
4.965	-4.166
POLYLINE BLACK
3.391	-6.813
3.547	-6.605
3.685	-6.382
3.859	-6.189
4.129	-5.889
4.776	-5.437
5.056	-5.228
POLYLINE BLACK
4.926	-5.265
5.066	-5.084
5.191	-4.985
5.376	-4.884
POLYLINE BLACK
2.380	-7.230
3.202	-7.211
POLYLINE BLACK
2.772	-6.688
2.669	-7.168
2.720	-6.876
2.656	-7.570
POLYLINE BLACK
1.531	-6.551
1.555	-6.382
1.601	-6.223
1.710	-6.087
1.850	-5.912
2.199	-5.644
2.295	-5.554
3.324	-4.596
1.663	-6.009
3.269	-4.768
3.425	-4.647
3.561	-4.502
3.713	-4.376
3.745	-4.350
3.783	-4.329
3.820	-4.312
4.006	-4.226
4.155	-4.152
4.351	-4.126
4.416	-4.117
4.482	-4.119
4.548	-4.116
POLYLINE BLACK
3.460	-7.193
3.459	-7.187
POLYLINE BLACK
3.453	-7.314
3.453	-7.292
POLYLINE BLACK
3.453	-7.271
3.647	-7.210
3.669	-7.238
3.821	-7.361
POLYLINE BLACK
3.419	-7.596
3.406	-8.232
POLYLINE BLACK
3.277	-9.238
3.203	-9.233
3.140	-9.219
3.070	-9.235
2.914	-9.271
2.763	-9.464
2.757	-9.623
2.753	-9.723
2.799	-9.826
2.849	-9.909
2.969	-10.108
3.190	-10.252
3.424	-10.265
3.490	-10.269
3.685	-10.285
3.791	-10.247
3.875	-10.217
3.942	-10.148
4.004	-10.090
4.091	-10.008
4.200	-9.910
4.259	-9.797
4.329	-9.661
4.369	-9.503
4.301	-9.358
4.164	-9.069
3.612	-8.925
3.330	-9.018
3.230	-9.050
3.170	-9.148
3.105	-9.221
POLYLINE BLACK
3.313	-9.656
3.784	-9.576
POLYLINE BLACK
3.630	-9.406
3.623	-9.871
POLYLINE BLACK
3.182	-7.699
3.173	-7.683
POLYLINE BLACK
3.348	-7.598
3.311	-7.522
POLYLINE BLACK
3.019	-7.815
3.045	-8.196
POLYLINE BLACK
2.972	-7.722
3.001	-7.818
3.034	-7.913
3.059	-8.010
3.096	-8.159
3.016	-8.383
2.962	-8.512
2.856	-8.764
2.777	-8.827
2.740	-9.057
2.727	-9.139
2.716	-9.223
2.716	-9.306
2.717	-9.412
2.763	-9.678
2.780	-9.787
POLYLINE BLACK
3.619	-7.523
3.632	-7.606
3.645	-7.689
3.658	-7.772
3.668	-7.855
3.671	-7.940
3.686	-8.022
3.695	-8.071
3.716	-8.118
3.731	-8.166
3.750	-8.225
3.769	-8.285
3.787	-8.344
POLYLINE BLACK
4.344	-9.372
3.798	-8.339
4.375	-9.463
4.128	-8.919
4.097	-8.851
4.059	-8.786
4.025	-8.720
POLYLINE BLACK
4.099	-8.684
3.927	-8.686
4.031	-8.696
3.793	-8.617
POLYLINE BLACK
4.040	-7.673
3.972	-7.690
3.927	-7.691
3.874	-7.728
3.796	-7.783
3.727	-7.919
3.694	-7.973
3.591	-8.147
3.642	-8.393
3.760	-8.545
3.910	-8.736
4.225	-8.833
4.424	-8.662
4.574	-8.533
4.655	-8.337
4.715	-8.155
4.768	-7.998
4.789	-7.742
4.651	-7.617
4.567	-7.541
4.435	-7.519
4.327	-7.549
4.265	-7.567
4.149	-7.590
4.083	-7.640
4.017	-7.691
3.983	-7.773
3.944	-7.843
POLYLINE BLACK
3.976	-8.148
4.464	-8.153
POLYLINE BLACK
4.189	-7.950
4.153	-8.316
4.128	-8.178
4.178	-8.372
POLYLINE BLACK
3.152	-7.772
3.159	-7.778
POLYLINE BLACK
3.133	-7.744
3.467	-7.660
3.310	-7.686
3.604	-7.654
POLYLINE BLACK
3.470	-7.585
3.424	-8.178
3.383	-7.965
3.447	-8.236
POLYLINE BLACK
3.253	-7.694
3.221	-7.811
3.165	-7.939
3.186	-8.066
3.194	-8.109
3.210	-8.159
3.243	-8.191
3.288	-8.235
3.402	-8.259
3.439	-8.193
3.451	-8.171
3.448	-8.160
3.451	-8.136
3.466	-7.993
3.484	-7.851
3.498	-7.708
3.500	-7.684
3.487	-7.654
3.473	-7.635
3.468	-7.628
3.462	-7.622
3.455	-7.617
3.448	-7.611
3.440	-7.606
3.432	-7.601
3.428	-7.597
3.416	-7.588
3.421	-7.591
3.441	-7.601
3.466	-7.607
3.481	-7.626
3.486	-7.633
3.473	-7.644
3.465	-7.648
3.442	-7.659
3.415	-7.660
3.391	-7.670
3.322	-7.697
3.267	-7.766
3.241	-7.833
3.190	-7.968
3.204	-8.116
3.213	-8.256
POLYLINE BLACK
1.507	-6.465
1.421	-6.513
1.367	-6.530
1.305	-6.596
1.160	-6.750
1.104	-7.028
1.101	-7.232
1.098	-7.456
1.158	-7.655
1.303	-7.827
1.330	-7.860
1.360	-7.891
1.394	-7.917
1.533	-8.022
1.697	-8.093
1.863	-8.142
2.081	-8.205
2.314	-8.237
2.536	-8.175
2.796	-8.103
2.936	-7.999
3.130	-7.813
3.232	-7.716
3.269	-7.607
3.294	-7.468
3.346	-7.183
3.391	-6.896
3.431	-6.610
3.435	-6.585
3.431	-6.559
3.427	-6.534
3.410	-6.428
3.349	-6.348
3.263	-6.285
3.236	-6.265
3.209	-6.245
3.177	-6.234
2.896	-6.129
2.636	-6.082
2.336	-6.136
2.144	-6.171
1.956	-6.223
1.767	-6.273
1.730	-6.283
1.694	-6.298
1.661	-6.315
1.581	-6.356
1.506	-6.403
1.428	-6.447
POLYLINE BLACK
1.359	-9.836
1.333	-9.866
POLYLINE BLACK
0.355	-10.247
0.405	-10.219
0.462	-10.201
0.504	-10.163
0.965	-9.751
1.401	-9.311
1.863	-8.899
2.231	-8.572
2.970	-8.163
3.290	-7.966
POLYLINE BLACK
3.273	-7.763
3.326	-7.948
3.299	-7.987
3.247	-8.176
POLYLINE BLACK
-0.940	-9.991
-0.457	-10.242
-1.243	-10.703
-0.961	-10.895
-0.939	-10.910
-0.916	-10.921
-0.897	-10.938
-0.856	-10.974
-0.821	-11.015
-0.783	-11.054
-0.759	-11.079
-0.723	-11.118
-0.695	-11.073
-0.689	-11.063
-0.682	-11.052
-0.681	-11.040
-0.659	-10.812
-0.660	-10.581
-0.626	-10.355
-0.616	-10.287
-0.575	-10.228
-0.549	-10.165
POLYLINE BLACK
-0.398	-10.395
-0.415	-10.455
-0.437	-10.514
-0.451	-10.575
-0.486	-10.735
-0.446	-10.933
-0.242	-10.846
-0.108	-10.788
-0.001	-10.533
-0.035	-10.396
-0.072	-10.247
-0.279	-10.218
-0.382	-10.324
-0.453	-10.397
-0.462	-10.488
-0.486	-10.585
POLYLINE BLACK
-0.211	-10.722
-0.207	-10.812
-0.218	-10.869
-0.189	-10.944
-0.157	-11.028
-0.062	-11.072
0.019	-11.029
0.086	-10.993
0.182	-10.860
0.198	-10.841
POLYLINE BLACK
0.185	-10.496
0.184	-10.627
0.184	-10.759
0.183	-10.890
0.192	-10.885
0.206	-10.885
0.211	-10.876
0.271	-10.767
0.317	-10.651
0.375	-10.541
0.379	-10.533
0.388	-10.528
0.396	-10.524
0.443	-10.500
0.497	-10.550
0.518	-10.587
0.536	-10.620
0.554	-10.667
0.557	-10.704
0.569	-10.880
0.572	-11.056
0.580	-11.232
POLYLINE BLACK
1.008	-9.875
0.889	-10.412
0.904	-10.243
0.899	-10.983
0.898	-11.053
0.914	-11.122
0.922	-11.191
POLYLINE BLACK
0.761	-10.505
1.149	-10.521
0.971	-10.503
1.294	-10.548
POLYLINE BLACK
1.191	-10.699
1.160	-10.809
1.131	-10.862
1.131	-10.963
1.130	-11.079
1.179	-11.131
1.292	-11.084
1.371	-11.051
1.433	-10.998
1.446	-10.910
1.465	-10.790
1.392	-10.644
1.255	-10.670
1.224	-10.676
1.191	-10.689
1.169	-10.713
1.132	-10.753
1.134	-10.822
1.127	-10.869
POLYLINE BLACK
3.198	-7.707
3.301	-7.692
3.402	-7.673
3.505	-7.663
3.522	-7.661
3.537	-7.684
3.541	-7.696
3.563	-7.763
3.508	-8.113
3.438	-8.199
3.370	-8.281
3.232	-8.241
3.177	-8.165
3.144	-8.119
3.129	-8.064
3.129	-8.008
3.128	-7.888
3.164	-7.805
3.212	-7.695
POLYLINE BLACK
3.597	-8.013
3.601	-7.903
3.773	-7.370
3.536	-7.235
3.305	-7.103
3.399	-7.195
3.286	-7.065
POLYLINE BLACK
3.993	-8.174
4.283	-8.105
4.147	-8.122
4.402	-8.112
POLYLINE BLACK
4.195	-7.950
4.109	-8.198
4.138	-8.074
4.105	-8.320
POLYLINE BLACK
11.863	-2.775
11.928	-2.761
11.993	-2.746
12.059	-2.733
12.192	-2.708
12.116	-2.739
12.241	-2.689
12.341	-2.650
12.394	-2.611
12.506	-2.608
12.828	-2.600
13.150	-2.592
13.471	-2.609
14.023	-2.640
13.970	-2.632
14.285	-2.755
POLYLINE BLACK
12.167	-2.236
12.209	-2.232
12.251	-2.222
12.293	-2.224
12.427	-2.229
12.561	-2.245
12.695	-2.255
13.005	-2.254
13.315	-2.246
13.626	-2.250
13.801	-2.252
13.773	-2.252
13.891	-2.322
POLYLINE BLACK
14.300	-2.732
14.325	-2.795
14.336	-2.845
14.378	-2.894
14.410	-2.932
14.449	-2.965
14.480	-3.004
14.534	-3.072
14.579	-3.147
14.632	-3.216
14.654	-3.245
14.681	-3.271
14.705	-3.299
14.730	-3.333
14.755	-3.367
14.780	-3.401
POLYLINE BLACK
15.167	-2.087
15.198	-1.968
15.185	-2.037
15.196	-1.881
POLYLINE BLACK
15.143	-2.114
15.222	-1.983
15.316	-1.828
15.284	-1.666
15.239	-1.429
15.264	-1.610
15.226	-1.475
15.211	-1.425
15.200	-1.374
15.188	-1.323
POLYLINE BLACK
13.893	-2.239
14.031	-2.249
POLYLINE BLACK
13.724	-2.217
13.773	-2.212
13.823	-2.201
13.873	-2.203
13.987	-2.209
14.098	-2.240
14.211	-2.242
14.472	-2.245
14.866	-2.254
15.120	-2.099
15.171	-2.068
15.211	-2.022
15.257	-1.983
POLYLINE BLACK
15.526	-1.835
15.512	-1.826
POLYLINE BLACK
15.503	-1.820
15.486	-1.757
POLYLINE BLACK
15.512	-1.748
15.473	-1.623
15.453	-1.493
15.379	-1.383
15.320	-1.296
15.196	-1.187
15.134	-1.126
POLYLINE BLACK
14.807	-0.488
14.818	-0.483
14.889	-0.435
14.928	-0.444
14.952	-0.450
14.964	-0.476
14.968	-0.497
14.993	-0.619
14.987	-0.617
14.977	-0.763
14.972	-0.831
14.961	-0.827
14.970	-0.882
14.972	-0.897
14.982	-0.944
15.002	-0.949
15.034	-0.956
15.066	-0.958
15.098	-0.962
POLYLINE BLACK
15.052	-1.062
15.003	-1.080
POLYLINE BLACK
15.781	0.007
15.598	-0.270
15.610	-0.220
15.481	-0.599
15.193	-1.445
15.486	-0.686
15.378	-0.963
POLYLINE BLACK
15.240	-0.724
15.235	-0.779
15.227	-0.834
15.225	-0.889
15.224	-0.923
15.220	-0.985
15.251	-1.015
15.300	-1.064
15.417	-1.024
15.467	-0.994
15.477	-0.987
15.487	-0.979
15.496	-0.971
15.569	-0.906
15.640	-0.839
15.712	-0.773
POLYLINE BLACK
15.897	0.941
15.853	0.755
15.809	0.653
15.830	0.468
15.835	0.419
15.857	0.373
15.871	0.325
POLYLINE BLACK
16.102	0.784
16.200	0.535
15.814	0.651
15.863	0.527
15.869	0.512
15.886	0.497
15.899	0.489
15.977	0.447
16.071	0.365
16.157	0.431
16.199	0.464
16.223	0.498
16.276	0.507
16.315	0.513
16.350	0.499
16.388	0.496
16.481	0.490
16.594	0.535
16.620	0.632
16.647	0.731
16.583	0.791
16.483	0.773
16.314	0.743
16.303	0.560
16.283	0.426
POLYLINE BLACK
16.672	0.727
16.646	0.460
16.585	0.140
16.663	-0.130
16.689	-0.223
16.649	0.065
16.655	0.162
16.667	0.332
16.702	0.487
16.762	0.644
16.781	0.692
16.814	0.750
16.860	0.778
16.937	0.826
17.043	0.751
17.065	0.675
17.087	0.603
17.030	0.521
16.958	0.504
16.808	0.470
16.807	0.477
16.660	0.474
POLYLINE BLACK
17.146	0.741
17.130	0.686
17.093	0.608
17.142	0.556
17.262	0.424
17.449	0.556
17.390	0.703
17.354	0.791
17.159	0.861
17.100	0.765
17.076	0.724
17.092	0.695
17.102	0.648
POLYLINE BLACK
17.230	0.609
17.266	0.555
17.326	0.395
17.419	0.394
17.455	0.393
17.491	0.422
17.515	0.444
17.594	0.513
17.608	0.557
17.662	0.654
POLYLINE BLACK
17.710	0.889
17.696	0.792
17.676	0.697
17.669	0.600
17.668	0.582
17.685	0.632
17.692	0.648
17.718	0.704
17.740	0.762
17.767	0.817
17.784	0.850
17.821	0.845
17.846	0.828
17.929	0.767
17.955	0.672
18.004	0.588
18.018	0.563
18.036	0.540
18.054	0.517
18.119	0.434
18.231	0.548
18.263	0.604
18.271	0.618
18.277	0.634
18.283	0.649
18.293	0.674
18.290	0.708
18.311	0.724
18.323	0.733
18.319	0.695
18.324	0.680
18.327	0.667
18.330	0.653
18.335	0.641
18.383	0.525
18.420	0.565
18.535	0.597
POLYLINE BLACK
18.450	1.190
18.368	1.134
POLYLINE BLACK
18.520	0.758
18.612	0.725
18.695	0.705
18.786	0.747
18.854	0.778
18.917	0.865
18.891	0.943
18.863	1.024
18.761	1.050
18.687	1.023
18.538	0.969
18.408	0.714
18.572	0.606
18.663	0.546
18.761	0.588
18.860	0.606
POLYLINE BLACK
14.676	-3.364
14.802	-3.459
14.924	-3.558
15.052	-3.649
15.138	-3.710
15.296	-3.783
15.398	-3.711
15.421	-3.695
15.445	-3.667
15.452	-3.639
15.523	-3.377
15.460	-3.372
15.476	-2.959
15.481	-2.836
15.503	-2.714
15.515	-2.591
15.518	-2.561
15.514	-2.535
15.536	-2.512
15.592	-2.452
15.743	-2.486
15.797	-2.526
16.029	-2.700
16.244	-2.897
16.481	-3.064
16.585	-3.137
16.699	-3.196
16.815	-3.245
16.940	-3.284
17.065	-3.324
17.189	-3.363
17.208	-3.367
17.228	-3.368
17.245	-3.376
17.286	-3.392
17.323	-3.414
17.362	-3.434
POLYLINE BLACK
15.595	-1.728
15.596	-1.739
15.590	-1.817
15.617	-1.843
15.655	-1.880
15.731	-1.828
15.760	-1.803
15.774	-1.792
15.784	-1.779
15.798	-1.768
15.826	-1.747
15.857	-1.728
15.886	-1.708
POLYLINE BLACK
15.920	-2.108
15.979	-2.223
16.040	-2.288
16.163	-2.334
16.251	-2.367
16.346	-2.380
16.431	-2.420
16.554	-2.476
16.669	-2.551
16.786	-2.620
16.809	-2.634
16.831	-2.651
16.850	-2.670
16.884	-2.705
16.914	-2.745
16.946	-2.783
POLYLINE BLACK
16.830	-2.805
16.977	-2.837
17.144	-2.863
17.245	-2.988
17.301	-3.057
17.314	-3.141
17.351	-3.223
17.371	-3.267
17.387	-3.265
17.415	-3.302
17.453	-3.352
17.488	-3.405
17.524	-3.456
POLYLINE BLACK
17.716	-4.382
17.670	-4.118
17.535	-3.881
17.418	-3.643
POLYLINE BLACK
17.301	-3.538
17.258	-3.598
17.214	-3.658
17.170	-3.718
17.163	-3.734
17.147	-3.748
17.147	-3.766
17.147	-3.775
17.164	-3.766
17.171	-3.761
17.221	-3.725
17.256	-3.688
17.290	-3.639
17.311	-3.608
17.317	-3.582
17.349	-3.564
17.458	-3.502
17.605	-3.617
17.690	-3.664
POLYLINE BLACK
17.236	-4.601
17.284	-4.526
17.330	-4.464
17.424	-4.487
17.450	-4.494
17.474	-4.515
17.484	-4.540
17.530	-4.654
17.461	-4.842
17.405	-4.939
17.370	-4.999
17.332	-4.974
17.322	-4.916
17.303	-4.791
17.618	-4.774
17.668	-4.762
17.718	-4.751
17.766	-4.731
17.815	-4.718
17.847	-4.710
17.880	-4.708
17.911	-4.700
18.083	-4.658
18.097	-4.430
17.908	-4.412
17.882	-4.410
17.833	-4.412
17.808	-4.422
17.802	-4.425
17.800	-4.433
17.797	-4.438
17.784	-4.459
17.771	-4.481
17.759	-4.503
POLYLINE BLACK
17.894	-4.461
17.931	-4.533
17.970	-4.607
18.061	-4.603
18.073	-4.603
18.085	-4.603
18.095	-4.597
18.152	-4.565
18.204	-4.526
18.258	-4.491
POLYLINE BLACK
18.593	-4.179
18.562	-4.107
18.536	-4.035
18.449	-4.036
18.418	-4.037
18.388	-4.047
18.364	-4.068
18.323	-4.103
18.301	-4.167
18.287	-4.215
18.258	-4.315
18.275	-4.423
18.380	-4.470
18.473	-4.512
18.589	-4.450
18.642	-4.372
18.661	-4.344
18.677	-4.313
18.694	-4.283
18.709	-4.254
18.717	-4.227
18.746	-4.209
18.796	-4.179
18.851	-4.217
18.904	-4.211
18.963	-4.203
19.002	-4.161
19.049	-4.127
POLYLINE BLACK
18.836	-3.693
18.794	-3.690
POLYLINE BLACK
19.309	-3.725
19.268	-3.712
19.226	-3.692
19.181	-3.691
19.143	-3.691
19.046	-3.716
19.071	-3.773
19.085	-3.804
19.136	-3.838
19.154	-3.850
19.175	-3.864
19.199	-3.876
19.222	-3.887
19.254	-3.903
19.263	-3.899
19.285	-3.918
19.329	-3.956
19.335	-4.035
19.291	-4.075
19.259	-4.104
19.227	-4.117
19.185	-4.133
19.163	-4.141
19.141	-4.147
19.118	-4.150
19.086	-4.155
19.052	-4.155
19.019	-4.158
POLYLINE BLACK
19.376	-3.052
19.529	-3.726
19.427	-3.469
19.602	-3.850
POLYLINE BLACK
19.883	-3.300
19.723	-3.397
19.561	-3.491
19.403	-3.592
19.391	-3.600
19.319	-3.646
19.329	-3.684
19.337	-3.715
19.388	-3.732
19.411	-3.739
19.463	-3.755
19.553	-3.783
19.616	-3.780
19.776	-3.772
19.936	-3.758
20.095	-3.747
POLYLINE BLACK
17.795	-4.520
17.770	-4.550
17.742	-4.577
17.722	-4.610
17.701	-4.643
17.774	-4.641
17.783	-4.639
17.820	-4.631
17.856	-4.620
17.893	-4.611
POLYLINE BLACK
15.088	-2.462
15.089	-2.449
15.082	-2.373
15.108	-2.347
15.125	-2.330
15.154	-2.333
15.174	-2.340
15.212	-2.353
15.234	-2.366
15.266	-2.392
15.293	-2.414
15.317	-2.441
15.344	-2.463
15.397	-2.505
15.477	-2.503
15.518	-2.446
15.540	-2.414
15.570	-2.330
15.577	-2.315
POLYLINE BLACK
14.905	-3.212
14.914	-3.154
14.920	-3.096
14.933	-3.038
14.961	-2.904
15.029	-2.875
15.134	-2.968
15.157	-2.988
15.187	-3.047
15.216	-3.051
15.231	-3.053
15.248	-3.043
15.258	-3.033
15.287	-3.001
15.313	-2.967
15.341	-2.934
POLYLINE BLACK
13.865	-2.468
13.875	-2.438
13.884	-2.408
13.896	-2.379
13.909	-2.349
13.949	-2.347
13.974	-2.357
14.032	-2.379
14.089	-2.405
14.147	-2.427
14.153	-2.429
14.160	-2.429
14.167	-2.429
14.234	-2.425
14.278	-2.320
14.305	-2.279
POLYLINE BLACK
12.763	-2.505
12.836	-2.328
POLYLINE BLACK
13.052	-2.355
13.063	-2.370
13.089	-2.425
13.119	-2.442
13.193	-2.486
13.308	-2.363
13.346	-2.334
POLYLINE BLACK
16.385	-2.804
16.396	-2.769
16.400	-2.732
16.416	-2.700
16.420	-2.694
16.432	-2.701
16.437	-2.707
16.445	-2.716
16.448	-2.730
16.454	-2.742
16.462	-2.759
16.509	-2.904
16.568	-2.937
16.594	-2.952
16.628	-2.949
16.653	-2.935
16.697	-2.910
16.732	-2.889
16.765	-2.853
16.791	-2.825
16.813	-2.794
16.837	-2.765
POLYLINE BLACK
15.309	-1.921
15.431	-2.015
15.457	-1.998
15.607	-1.965
POLYLINE BLACK
15.944	-2.151
15.922	-2.090
POLYLINE BLACK
15.782	-1.774
15.812	-1.777
15.870	-1.773
15.905	-1.793
15.953	-1.820
15.954	-1.887
15.956	-1.933
15.959	-2.010
15.954	-2.086
15.958	-2.163
15.961	-2.236
16.019	-2.303
16.057	-2.359
POLYLINE BLACK
15.769	-1.771
15.819	-1.801
15.889	-1.829
15.893	-1.897
15.894	-1.904
15.894	-1.912
15.893	-1.919
15.889	-1.950
15.882	-1.980
15.881	-2.011
15.880	-2.049
15.884	-2.094
15.898	-2.131
15.947	-2.263
16.102	-2.309
16.219	-2.353

ELEVATION
STATIONS
0.000	0.000	0
4.636	2.389	1
5.978	3.430	2
5.162	4.060	3
6.796	4.112	4
10.182	4.662	5
9.280	10.081	6
5.317	11.190	7
1.665	10.180	8
3.578	13.383	9
3.387	13.954	10
4.012	15.809	11
14.322	10.609	6.1
15.420	10.902	6.2
SHOTS
0.000	0.000	0.921	-0.085
0.000	0.000	0.439	0.247
0.000	0.000	0.133	0.044
0.000	0.000	4.664	2.377
0.000	0.000	0.121	0.062
0.000	0.000	0.119	0.061
0.000	0.000	4.656	2.393
0.000	0.000	6.140	3.151
0.000	0.000	4.636	2.389
4.636	2.389	5.079	2.352
4.636	2.389	4.872	2.572
4.636	2.389	5.978	3.430
5.978	3.430	5.162	4.060
5.162	4.060	6.728	4.090
5.162	4.060	6.796	4.112
6.796	4.112	10.182	4.662
10.182	4.662	9.121	4.541
10.182	4.662	9.538	4.437
10.182	4.662	10.177	4.050
10.182	4.662	9.280	10.081
9.280	10.081	10.329	8.793
9.280	10.081	9.634	7.656
9.280	10.081	9.247	9.923
9.280	10.081	9.861	9.270
9.280	10.081	12.249	10.240
9.280	10.081	12.090	10.309
9.280	10.081	6.806	10.665
9.280	10.081	9.106	10.131
9.280	10.081	9.143	10.113
9.280	10.081	7.012	10.938
9.280	10.081	12.227	10.441
9.280	10.081	12.148	10.356
9.280	10.081	9.444	11.568
9.280	10.081	6.862	10.698
9.280	10.081	9.135	10.135
9.280	10.081	9.014	10.070
9.280	10.081	5.317	11.190
5.317	11.190	5.136	11.037
5.317	11.190	5.856	10.981
5.317	11.190	5.202	10.353
5.317	11.190	1.665	10.180
1.665	10.180	3.181	10.278
1.665	10.180	2.520	10.642
1.665	10.180	1.698	9.991
1.665	10.180	2.740	10.792
1.665	10.180	2.689	10.802
1.665	10.180	2.729	10.801
1.665	10.180	0.884	10.233
1.665	10.180	1.193	10.655
1.665	10.180	1.597	10.003
1.665	10.180	0.389	11.094
1.665	10.180	0.375	11.062
1.665	10.180	0.373	11.056
1.665	10.180	2.058	10.208
1.665	10.180	1.292	10.175
1.665	10.180	1.945	10.408
1.665	10.180	3.578	13.383
3.578	13.383	3.135	13.415
3.578	13.383	3.349	13.561
3.578	13.383	3.176	13.010
3.578	13.383	3.391	13.939
3.578	13.383	3.705	13.494
3.578	13.383	3.506	13.579
3.578	13.383	3.387	13.954
3.387	13.954	4.113	13.942
3.387	13.954	3.882	13.945
3.387	13.954	3.178	14.065
3.387	13.954	3.020	14.009
3.387	13.954	2.934	13.977
3.387	13.954	3.452	14.738
3.387	13.954	3.369	12.856
3.387	13.954	4.012	15.809
4.012	15.809	3.413	15.889
4.012	15.809	3.043	15.835
4.012	15.809	4.223	15.824
4.012	15.809	0.996	21.483
4.012	15.809	2.703	17.628
4.012	15.809	2.616	18.552
4.012	15.809	3.113	13.417
9.280	10.081	14.322	10.609
14.322	10.609	14.254	10.853
14.322	10.609	14.305	10.418
14.322	10.609	14.802	10.650
14.322	10.609	14.823	10.657
14.322	10.609	14.826	10.656
14.322	10.609	15.372	10.931
14.322	10.609	15.406	10.953
14.322	10.609	15.405	10.956
14.322	10.609	15.141	10.903
14.322	10.609	15.134	10.910
14.322	10.609	15.159	10.905
14.322	10.609	15.420	10.902
15.420	10.902	15.335	10.536
15.420	10.902	15.764	10.673
15.420	10.902	17.082	11.591
15.420	10.902	17.212	11.687
15.420	10.902	15.918	11.120
15.420	10.902	16.254	11.404
15.420	10.902	15.488	10.880
15.420	10.902	15.831	10.765
15.420	10.902	17.144	11.513
15.420	10.902	18.249	11.920
POLYLINE BLACK
7.446	3.402
7.446	3.416
POLYLINE BLACK
7.463	3.556
7.450	3.572
POLYLINE BLACK
7.404	3.581
8.376	3.730
8.406	3.661
9.095	3.925
9.196	3.963
9.289	4.021
9.391	4.058
9.575	4.125
9.778	4.119
9.969	4.132
POLYLINE BLACK
9.907	4.091
10.049	4.122
9.958	4.107
10.182	4.113
POLYLINE BLACK
10.325	4.204
10.592	4.340
10.489	4.257
10.651	4.427
POLYLINE BLACK
10.146	4.089
10.179	4.246
10.496	4.326
10.607	4.461
10.629	4.489
10.648	4.518
10.668	4.547
POLYLINE BLACK
6.936	4.599
6.937	4.593
POLYLINE BLACK
6.891	4.550
7.406	4.698
7.108	4.636
7.795	4.693
POLYLINE BLACK
7.660	4.710
8.288	4.688
7.983	4.672
8.577	4.751
POLYLINE BLACK
8.861	4.865
9.147	4.911
9.027	4.881
9.223	4.939
POLYLINE BLACK
8.470	4.780
8.675	4.824
8.773	4.867
8.956	4.859
8.988	4.857
9.019	4.850
9.051	4.845
9.111	4.837
9.171	4.824
9.231	4.820
9.267	4.817
9.304	4.822
9.340	4.824
9.347	4.824
9.353	4.826
9.359	4.828
9.411	4.843
9.463	4.858
9.514	4.874
POLYLINE BLACK
9.378	4.923
9.504	4.963
9.430	4.935
9.595	5.020
POLYLINE BLACK
9.372	5.179
9.412	4.913
POLYLINE BLACK
9.199	5.834
9.375	4.972
POLYLINE BLACK
9.384	4.959
9.373	4.985
POLYLINE BLACK
9.257	4.789
9.327	4.921
POLYLINE BLACK
10.632	4.419
10.693	4.607
10.717	4.648
10.731	4.861
10.742	5.018
10.609	5.494
10.608	5.496
10.573	5.627
10.515	5.750
10.483	5.882
10.181	7.126
10.423	6.350
10.301	6.736
POLYLINE BLACK
10.359	6.497
10.096	8.055
POLYLINE BLACK
8.653	9.253
9.010	8.308
8.775	7.257
9.121	6.313
POLYLINE BLACK
9.078	6.490
9.135	5.870
9.085	6.168
9.220	5.595
POLYLINE BLACK
10.068	8.107
9.947	8.482
9.985	8.311
9.935	8.616
POLYLINE BLACK
9.878	8.571
9.948	8.677
10.040	8.737
10.145	8.801
POLYLINE BLACK
10.036	8.675
10.178	8.857
10.319	8.986
10.405	9.184
10.428	9.236
10.441	9.292
10.468	9.343
10.616	9.627
10.746	9.887
11.057	10.011
11.111	10.032
11.167	10.047
11.223	10.057
11.504	10.107
11.789	10.138
12.070	10.189
12.159	10.205
12.244	10.235
12.332	10.259
POLYLINE BLACK
7.231	11.145
7.231	11.146
POLYLINE BLACK
10.517	10.619
10.569	10.623
POLYLINE BLACK
10.642	10.616
11.090	10.511
11.558	10.419
12.014	10.520
POLYLINE BLACK
11.872	10.560
11.872	10.561
POLYLINE BLACK
12.195	10.519
12.211	10.518
POLYLINE BLACK
11.773	10.504
12.136	10.543
11.967	10.512
12.281	10.590
POLYLINE BLACK
7.035	11.287
7.380	11.261
7.667	11.028
8.007	10.991
8.102	10.980
8.218	11.000
8.306	11.025
8.586	11.104
8.841	11.159
9.080	11.317
9.154	11.366
9.219	11.428
9.289	11.483
POLYLINE BLACK
9.296	11.470
9.407	11.550
POLYLINE BLACK
10.018	11.079
10.233	11.005
POLYLINE BLACK
9.448	11.541
9.777	11.193
9.640	11.323
10.307	10.828
10.365	10.786
10.428	10.751
10.493	10.721
10.564	10.688
10.641	10.666
10.715	10.638
POLYLINE BLACK
10.360	10.829
10.584	10.670
POLYLINE BLACK
6.631	10.474
6.723	10.457
7.066	10.420
7.206	10.339
7.429	10.210
7.639	10.060
7.860	9.929
7.978	9.859
8.108	9.810
8.224	9.736
8.451	9.591
8.483	9.528
8.648	9.337
POLYLINE BLACK
8.483	9.431
8.618	9.148
POLYLINE BLACK
8.532	9.324
8.590	9.176
POLYLINE BLACK
8.666	9.199
8.632	9.274
8.548	9.515
8.454	9.612
8.398	9.669
8.334	9.719
8.274	9.773
POLYLINE BLACK
7.124	11.253
6.347	11.312
7.066	11.243
5.629	11.517
5.596	11.523
5.561	11.523
5.528	11.519
5.455	11.509
5.383	11.490
5.311	11.476
POLYLINE BLACK
4.534	10.171
4.538	10.171
POLYLINE BLACK
5.158	10.171
5.221	10.187
5.284	10.200
5.346	10.220
5.374	10.229
5.400	10.244
5.425	10.258
5.446	10.270
5.465	10.284
5.485	10.297
5.553	10.335
5.622	10.372
5.691	10.410
POLYLINE BLACK
4.322	10.118
4.323	10.120
POLYLINE BLACK
4.657	10.186
4.975	10.260
5.028	10.281
5.399	10.317
5.545	10.331
5.692	10.319
5.837	10.338
6.551	10.431
5.944	10.438
6.596	10.441
6.621	10.441
6.646	10.436
6.670	10.428
6.803	10.382
6.933	10.329
7.064	10.279
POLYLINE BLACK
1.202	9.867
2.478	10.174
2.641	10.286
3.881	10.336
4.101	10.345
4.882	10.224
5.056	10.199
POLYLINE BLACK
1.316	9.878
1.316	9.879
POLYLINE BLACK
1.316	9.881
1.088	9.761
0.924	9.747
0.671	9.801
0.590	9.818
0.498	9.857
0.429	9.902
0.272	10.005
0.179	10.169
0.079	10.321
POLYLINE BLACK
2.657	10.905
2.705	10.872
2.752	10.834
2.803	10.805
2.998	10.692
3.235	10.733
3.438	10.804
3.833	10.944
4.214	11.120
4.610	11.258
4.863	11.347
4.931	11.323
5.155	11.363
5.224	11.376
5.287	11.414
5.348	11.443
POLYLINE BLACK
2.821	10.864
2.822	10.865
POLYLINE BLACK
2.821	10.875
2.771	10.888
2.709	10.892
2.670	10.933
2.569	11.040
2.650	11.235
2.707	11.335
2.963	11.778
3.247	12.204
3.489	12.654
3.600	12.860
3.667	13.087
3.766	13.300
3.786	13.343
3.921	13.498
3.936	13.520
4.095	13.769
3.987	13.656
4.119	13.933
4.149	13.997
4.192	14.055
4.229	14.116
POLYLINE BLACK
0.064	10.211
0.046	10.285
0.023	10.359
0.010	10.434
-0.026	10.645
0.071	10.849
0.151	11.037
0.163	11.064
0.178	11.090
0.198	11.112
0.251	11.171
0.311	11.223
0.370	11.277
0.668	11.552
0.976	11.819
1.269	12.101
1.425	12.253
1.562	12.423
1.716	12.577
1.752	12.614
1.793	12.646
1.837	12.671
2.646	13.126
2.072	12.691
2.950	13.412
3.033	13.480
3.096	13.585
3.103	13.693
3.114	13.855
3.014	13.978
2.922	14.098
POLYLINE BLACK
2.974	13.975
2.918	14.055
2.883	14.117
2.919	14.210
2.933	14.248
2.954	14.283
2.980	14.313
3.135	14.488
3.293	14.661
3.450	14.834
POLYLINE BLACK
3.338	14.815
3.326	14.888
3.314	14.962
3.302	15.036
3.182	15.313
3.017	15.575
2.944	15.868
2.503	17.637
2.923	16.965
2.544	17.881
2.527	17.921
2.502	17.957
2.479	17.994
2.387	18.141
2.290	18.284
2.201	18.432
2.080	18.634
1.958	18.835
1.848	19.043
1.750	19.229
1.687	19.434
1.577	19.614
0.346	21.636
0.722	20.655
0.266	21.792
0.262	21.801
0.261	21.812
0.259	21.822
0.250	21.877
0.241	21.933
0.232	21.988
POLYLINE BLACK
4.196	14.002
4.187	14.263
4.147	14.403
4.191	14.611
4.220	14.745
4.268	14.875
4.281	15.012
4.311	15.347
4.245	15.899
4.177	16.203
4.106	16.519
4.056	16.565
3.936	16.793
3.852	16.952
3.768	17.111
3.687	17.272
3.660	17.326
3.638	17.382
3.613	17.436
3.532	17.579
3.448	17.719
3.371	17.863
3.259	18.074
3.185	18.309
3.044	18.503
2.820	18.811
2.531	19.066
2.285	19.356
2.196	19.460
2.118	19.596
2.099	19.735
2.095	19.767
2.097	19.800
2.096	19.833
POLYLINE BLACK
2.160	19.824
2.122	19.883
2.080	19.940
2.048	20.003
1.942	20.207
1.861	20.425
1.747	20.625
1.591	20.899
1.406	21.156
1.237	21.423
1.148	21.563
1.066	21.708
0.972	21.846
0.895	21.959
0.737	22.059
0.652	22.146
0.601	22.199
0.563	22.263
0.519	22.321
POLYLINE BLACK
12.301	10.243
12.368	10.264
12.432	10.295
12.501	10.306
12.653	10.330
12.807	10.353
12.961	10.346
13.283	10.330
13.602	10.267
13.923	10.237
13.960	10.233
13.997	10.237
14.033	10.244
14.151	10.268
14.280	10.303
14.388	10.362
14.500	10.424
14.573	10.504
14.710	10.497
14.795	10.493
15.240	10.387
15.444	10.471
15.534	10.508
15.573	10.573
15.664	10.630
15.718	10.664
15.779	10.686
15.837	10.714
POLYLINE BLACK
12.099	10.560
12.153	10.560
12.209	10.548
12.262	10.560
12.495	10.613
12.717	10.709
12.952	10.751
13.681	10.883
13.563	10.795
14.167	10.815
14.388	10.822
14.265	10.871
14.416	10.814
POLYLINE BLACK
14.195	10.827
14.319	10.874
14.438	10.936
14.567	10.968
14.791	11.023
15.026	11.028
15.249	11.085
15.527	11.175
15.806	11.266
16.084	11.356
16.109	11.367
16.133	11.379
16.158	11.388
16.225	11.409
16.293	11.426
16.360	11.445
POLYLINE BLACK
16.244	11.460
16.337	11.547
16.438	11.657
16.570	11.688
16.803	11.741
16.984	11.735
17.237	11.749
POLYLINE BLACK
15.669	10.631
15.732	10.680
15.791	10.733
15.857	10.778
15.890	10.800
15.926	10.817
15.963	10.831
16.128	10.895
16.300	10.941
16.462	11.011
16.543	11.046
16.616	11.096
16.689	11.147
16.738	11.181
16.877	11.323
16.977	11.357
17.038	11.374
17.099	11.392
17.160	11.409
17.222	11.420
17.286	11.421
17.346	11.441
17.587	11.524
17.822	11.620
18.058	11.715
18.129	11.744
18.270	11.902
18.281	11.911
18.346	11.969
18.419	11.960
18.503	11.969
POLYLINE BLACK
17.154	11.731
17.255	11.754
17.355	11.776
17.456	11.799
17.542	11.810
17.631	11.810
17.715	11.833
17.938	11.894
18.153	11.979
18.373	12.052
POLYLINE BLACK
17.188	11.582
18.670	12.028
17.669	11.669
18.970	12.269
19.035	12.299
19.105	12.317
19.172	12.340

