TRIP
DATE 2025-08-22
DECLINATION 0.0
DATA
0		266.74	-14.01	1.288	>
0		235.32	-19.45	2.331	>
0		204.14	-27.38	1.306	>
0		180.97	-32.94	0.775	>
0		336.48	9.00	1.220	>
0		337.52	-0.38	1.214	>
0		228.22	83.85	1.976	>
0		253.81	-65.93	1.495	>
0		184.72	18.18	4.693	>
0		270.84	-43.37	7.616	>
0		270.80	-43.32	7.582	>
0		270.81	-43.31	7.446	>
0		271.10	-43.48	7.643	>
0		270.97	-43.37	7.612	>
0		270.86	-43.41	7.643	>
0	1	270.98	-43.42	7.633	>
1		227.01	-34.49	0.616	>
1		185.15	-75.71	0.526	>
1		43.70	-13.14	0.365	>
1		56.76	29.04	0.507	>
1		298.04	-32.25	4.338	>
1		297.98	-32.06	4.345	>
1		297.88	-32.16	4.348	>
1		180.36	8.62	1.097	>
1	2	297.97	-32.16	4.344	>
2		162.27	23.50	0.692	>
2		151.61	36.52	0.421	>
2		155.74	-49.59	0.586	>
2		79.28	32.81	1.869	>
2		80.50	32.35	4.687	>
2		255.48	-13.66	2.411	>
2		255.45	-13.82	2.424	>
2		255.43	-13.78	2.418	>
2	3	255.45	-13.75	2.418	>
3		5.08	-21.17	2.260	>
3		2.27	-18.74	2.343	>
3		359.90	-27.98	1.380	>
3		5.39	-14.12	1.858	>
3		1.74	-30.73	2.688	>
3		224.02	0.81	1.489	>
3		181.35	1.05	0.966	>
3		205.38	11.88	1.025	>
3		192.49	-11.42	1.167	>
3		324.78	-16.89	0.607	>
3		248.00	-7.33	0.988	>
3		165.92	7.34	0.979	>
3		136.46	5.21	1.499	>
3		121.94	8.68	1.866	>
3		108.92	13.85	2.095	>
3		86.54	6.57	2.450	>
3		67.64	5.53	2.488	>
3		55.33	0.39	2.213	>
3		38.97	-8.46	2.034	>
3		22.85	-15.72	2.404	>
3		231.05	-80.58	0.555	>
3		195.98	6.00	2.722	>
3		196.14	5.61	2.721	>
3		196.12	5.52	2.718	>
3	4	196.08	5.71	2.720	>
4		89.40	2.96	0.817	>
4		45.36	2.57	1.305	>
4		7.61	3.60	1.492	>
4		356.97	-0.55	1.497	>
4		337.15	-5.00	1.269	>
4		310.14	-5.82	0.945	>
4		303.27	-86.68	0.304	>
4		205.91	84.80	3.546	>
4		344.23	69.42	3.182	>
4		285.45	71.39	4.473	>
4		202.70	83.06	3.529	>
4		109.92	71.57	3.334	>
4		89.57	70.83	3.269	>
4		81.80	68.45	3.329	>
4		19.95	66.82	3.492	>
4		312.10	65.56	4.253	>
4		312.07	65.49	4.259	>
4		312.29	65.69	4.257	>
4	5	312.15	65.58	4.256	>
5		220.36	-9.69	0.724	>
5		216.41	27.20	0.491	>
5		258.23	-77.00	1.142	>
5		279.59	0.09	3.135	>
5		268.40	-0.61	2.314	>
5		276.25	13.08	1.523	>
5		275.26	-10.08	2.969	>
5		275.44	3.99	4.124	>
5		275.60	4.35	4.116	>
5		275.59	4.18	4.117	>
5	6	275.54	4.17	4.119	>
6		161.59	-4.00	0.974	>
6		159.36	39.36	0.882	>
6		174.58	68.72	0.767	>
6		171.60	-85.76	0.859	>
6		156.15	-48.19	1.072	>
6		198.02	13.08	2.274	>
6		186.91	8.08	2.076	>
6		196.02	19.73	2.371	>
6		190.86	7.92	2.165	>
6		246.32	19.80	6.779	>
6		246.28	19.84	6.051	>
6		246.19	19.68	6.047	>
6		246.05	19.86	6.043	>
6	7	246.17	19.79	6.047	>
7		265.50	-0.35	0.844	>
7		247.73	77.54	1.008	>
7		247.86	-78.62	0.801	>
7		82.92	-11.31	1.651	>
7		62.79	-5.57	1.734	>
7		51.31	-4.74	1.680	>
7		35.23	-11.51	1.979	>
7		20.12	-10.84	2.298	>
7		357.39	-8.54	1.927	>
7		4.07	8.22	2.083	>
7		14.21	-24.53	2.342	>
7		339.50	-45.15	1.606	>
7		315.22	-41.96	2.005	>
7		298.51	-45.08	1.493	>
7		274.66	-47.77	1.108	>
7		299.57	-59.18	1.108	>
7		344.68	-59.68	1.264	>
7		344.99	-48.15	1.660	>
7		271.39	-78.31	7.245	>
7		288.01	-79.48	7.874	>
7		196.74	18.22	2.759	>
7		188.64	30.04	3.202	>
7		180.27	19.56	3.562	>
7		187.14	8.29	3.617	>
7		186.93	18.92	7.820	>
7		186.82	18.96	7.819	>
7		186.89	18.64	9.854	>
7		186.88	18.83	7.776	>
7		186.88	19.01	7.799	>
7		186.80	19.00	7.858	>
7	8	186.85	18.94	7.811	>
8		103.66	-2.46	0.587	>
8		119.89	64.71	1.011	>
8		152.86	71.22	0.666	>
8		272.88	-69.29	0.852	>
8		258.28	-78.34	1.893	>
8		234.40	-84.53	2.177	>
8		99.06	-70.94	0.649	>
8		207.76	-72.22	11.539	>
8		188.56	17.80	3.421	>
8		188.50	17.84	3.420	>
8		188.60	17.90	3.417	>
8	9	188.55	17.84	3.419	>
9		314.47	-82.22	14.760	>
9		320.33	8.00	0.982	>
9		330.71	42.65	1.002	>
9		338.89	58.21	0.878	>
9		13.61	65.48	0.396	>
9		300.94	-63.60	0.532	>
9		311.78	-32.63	0.875	>
9		316.10	-12.91	1.507	>
9		67.29	70.04	1.547	>
9		243.70	25.35	3.350	>
9		243.50	25.39	3.349	>
9		243.51	25.32	3.277	>
9		243.43	25.20	3.347	>
9		243.47	25.13	3.345	>
9		243.26	25.12	3.342	>
9	10	243.39	25.15	3.345	>
10		125.24	-9.29	0.648	>
10		125.63	17.39	0.502	>
10		143.78	58.44	0.503	>
10		295.81	-81.55	0.701	>
10		144.51	-78.26	0.961	>
10		124.61	-39.33	1.127	>
10		2.75	-23.57	2.007	>
10		33.15	-26.81	2.548	>
10		76.02	-20.12	1.225	>
10		228.21	29.06	2.533	>
10		228.47	29.03	2.529	>
10		228.57	28.95	2.547	>
10	11	228.42	29.01	2.536	>
11		8.65	-3.96	0.708	>
11		27.66	35.04	0.702	>
11		39.09	54.02	1.004	>
11		84.89	69.98	0.970	>
11		261.00	-84.75	0.298	>
11		10.09	-61.61	1.069	>
11		291.63	3.80	5.663	>
11		291.82	3.77	5.661	>
11		291.63	3.88	5.659	>
11	12	291.69	3.82	5.661	>
12		28.76	-1.75	0.681	>
12		24.27	34.31	0.643	>
12		18.84	70.84	0.965	>
12		3.32	83.87	0.896	>
12		182.46	79.19	0.243	>
12		157.83	80.27	0.244	>
12		10.26	-31.38	0.327	>
12		274.93	13.84	3.935	>
12		274.91	13.69	3.953	>
12		274.84	13.47	3.950	>
12	13	274.89	13.67	3.946	>
13		15.34	-7.73	0.554	>
13		6.34	22.82	0.499	>
13		353.65	59.94	0.650	>
13		308.77	40.05	0.332	>
13		184.17	-20.35	0.630	>
13		359.29	-86.08	0.596	>
13		7.14	-46.56	1.141	>
13		345.29	-44.43	1.300	>
13		312.79	-42.02	1.394	>
13		297.13	-56.64	1.128	>
13		343.75	-62.39	1.001	>
13		292.45	-82.88	11.267	>
13		281.97	12.87	4.674	>
13		282.06	13.02	4.678	>
13		282.11	12.97	4.678	>
13	14	282.04	12.95	4.677	>
14		47.37	-11.50	0.974	>
14		17.31	-9.97	1.267	>
14		31.19	24.53	1.144	>
14		29.73	-46.26	1.584	>
14		50.52	-12.94	0.929	>
14		42.89	11.77	0.666	>
14		34.88	42.64	0.415	>
14		215.77	-33.34	0.768	>
14		229.73	-88.28	0.564	>
14		55.26	-39.91	1.547	>
14		35.78	-29.70	4.190	>
14		29.88	-28.44	4.426	>
14		22.01	-29.65	4.012	>
14		30.25	-36.73	2.288	>
14		15.76	-12.82	1.269	>
14		345.49	-4.20	1.567	>
14		325.78	-1.79	2.052	>
14		300.61	-0.31	1.202	>
14		265.22	-5.73	0.606	>
14		164.05	-16.84	0.748	>
14		316.17	0.46	1.978	>
14		316.21	0.28	1.968	>
14		316.14	0.10	1.967	>
14	15	316.17	0.28	1.971	>
15		174.60	1.65	0.403	>
15		173.39	45.52	0.490	>
15		185.56	-22.83	0.962	>
15		201.81	-52.53	0.646	>
15		345.64	-42.31	0.488	>
15		264.59	10.77	3.916	>
15		264.59	10.72	4.162	>
15		264.53	10.62	4.159	>
15		264.61	10.59	4.153	>
15	16	264.58	10.64	4.158	>
16		12.66	-9.90	1.058	>
16		10.03	17.33	0.985	>
16		10.52	52.54	0.984	>
16		350.30	64.28	0.315	>
16		201.32	-79.41	0.360	>
16		8.44	-72.25	0.957	>
16		10.42	-40.92	1.547	>
16		335.52	3.28	1.664	>
16		307.75	11.93	1.080	>
16		75.51	-10.23	1.320	>
16		100.65	-13.57	0.975	>
16		276.84	7.48	1.213	>
16		221.90	4.92	0.573	>
16		322.60	6.53	3.641	>

PLAN
STATIONS
0.000	0.000	0
-5.543	0.094	1
-8.791	1.819	2
-11.064	1.229	3
-11.813	-1.372	4
-13.118	-0.191	5
-17.207	0.206	6
-22.412	-2.093	7
-23.293	-9.428	8
-23.778	-12.647	9
-26.485	-14.003	10
-28.144	-15.475	11
-33.392	-13.387	12
-37.212	-13.060	13
-41.670	-12.109	14
-43.034	-10.687	15
-47.103	-11.073	16
SHOTS
0.000	0.000	-1.248	-0.071
0.000	0.000	-1.808	-1.251
0.000	0.000	-0.474	-1.058
0.000	0.000	-0.011	-0.650
0.000	0.000	-0.481	1.105
0.000	0.000	-0.464	1.122
0.000	0.000	-0.158	-0.141
0.000	0.000	-0.585	-0.170
0.000	0.000	-0.367	-4.444
0.000	0.000	-5.535	0.081
0.000	0.000	-5.515	0.077
0.000	0.000	-5.417	0.076
0.000	0.000	-5.543	0.094
-5.543	0.094	-5.914	-0.252
-5.543	0.094	-5.555	-0.035
-5.543	0.094	-5.297	0.351
-5.543	0.094	-5.172	0.337
-5.543	0.094	-5.550	-0.990
-5.543	0.094	-8.791	1.819
-8.791	1.819	-8.597	1.215
-8.791	1.819	-8.630	1.521
-8.791	1.819	-8.635	1.473
-8.791	1.819	-7.247	2.111
-8.791	1.819	-4.885	2.473
-8.791	1.819	-11.064	1.229
-11.064	1.229	-10.877	3.328
-11.064	1.229	-10.976	3.446
-11.064	1.229	-11.066	2.448
-11.064	1.229	-10.894	3.023
-11.064	1.229	-10.994	3.539
-11.064	1.229	-12.098	0.159
-11.064	1.229	-11.087	0.264
-11.064	1.229	-11.494	0.323
-11.064	1.229	-11.311	0.112
-11.064	1.229	-11.399	1.704
-11.064	1.229	-11.972	0.862
-11.064	1.229	-10.828	0.287
-11.064	1.229	-10.035	0.147
-11.064	1.229	-9.499	0.253
-11.064	1.229	-9.140	0.570
-11.064	1.229	-8.634	1.376
-11.064	1.229	-8.774	2.171
-11.064	1.229	-9.244	2.488
-11.064	1.229	-9.799	2.793
-11.064	1.229	-10.165	3.362
-11.064	1.229	-11.134	1.172
-11.064	1.229	-11.813	-1.372
-11.813	-1.372	-10.998	-1.363
-11.813	-1.372	-10.886	-0.456
-11.813	-1.372	-11.616	0.104
-11.813	-1.372	-11.893	0.123
-11.813	-1.372	-12.304	-0.207
-11.813	-1.372	-12.532	-0.766
-11.813	-1.372	-11.828	-1.362
-11.813	-1.372	-11.954	-1.661
-11.813	-1.372	-12.118	-0.295
-11.813	-1.372	-13.189	-0.992
-11.813	-1.372	-11.978	-1.765
-11.813	-1.372	-10.823	-1.731
-11.813	-1.372	-10.740	-1.364
-11.813	-1.372	-10.603	-1.197
-11.813	-1.372	-11.345	-0.080
-11.813	-1.372	-13.118	-0.191
-13.118	-0.191	-13.580	-0.735
-13.118	-0.191	-13.377	-0.542
-13.118	-0.191	-13.370	-0.243
-13.118	-0.191	-16.209	0.332
-13.118	-0.191	-15.431	-0.255
-13.118	-0.191	-14.593	-0.029
-13.118	-0.191	-16.029	0.077
-13.118	-0.191	-17.207	0.206
-17.207	0.206	-16.900	-0.716
-17.207	0.206	-16.967	-0.432
-17.207	0.206	-17.181	-0.071
-17.207	0.206	-17.198	0.143
-17.207	0.206	-16.918	-0.448
-17.207	0.206	-17.892	-1.901
-17.207	0.206	-17.454	-1.835
-17.207	0.206	-17.823	-1.939
-17.207	0.206	-17.611	-1.900
-17.207	0.206	-23.048	-2.355
-17.207	0.206	-22.412	-2.093
-22.412	-2.093	-23.253	-2.159
-22.412	-2.093	-22.613	-2.175
-22.412	-2.093	-22.558	-2.152
-22.412	-2.093	-20.805	-1.893
-22.412	-2.093	-20.877	-1.304
-22.412	-2.093	-21.105	-1.046
-22.412	-2.093	-21.293	-0.509
-22.412	-2.093	-21.636	0.027
-22.412	-2.093	-22.499	-0.189
-22.412	-2.093	-22.265	-0.036
-22.412	-2.093	-21.889	-0.027
-22.412	-2.093	-22.809	-1.032
-22.412	-2.093	-23.462	-1.035
-22.412	-2.093	-23.338	-1.590
-22.412	-2.093	-23.154	-2.032
-22.412	-2.093	-22.906	-1.813
-22.412	-2.093	-22.580	-1.477
-22.412	-2.093	-22.699	-1.023
-22.412	-2.093	-23.879	-2.057
-22.412	-2.093	-23.779	-1.648
-22.412	-2.093	-23.167	-4.602
-22.412	-2.093	-22.828	-4.833
-22.412	-2.093	-22.428	-5.449
-22.412	-2.093	-22.856	-5.644
-22.412	-2.093	-23.305	-9.436
-22.412	-2.093	-23.290	-9.435
-22.412	-2.093	-23.533	-11.362
-22.412	-2.093	-23.293	-9.428
-23.293	-9.428	-22.724	-9.566
-23.293	-9.428	-22.919	-9.643
-23.293	-9.428	-23.196	-9.619
-23.293	-9.428	-23.594	-9.413
-23.293	-9.428	-23.668	-9.506
-23.293	-9.428	-23.462	-9.549
-23.293	-9.428	-23.084	-9.461
-23.293	-9.428	-24.934	-12.545
-23.293	-9.428	-23.778	-12.647
-23.778	-12.647	-25.204	-11.246
-23.778	-12.647	-24.398	-11.898
-23.778	-12.647	-24.138	-12.004
-23.778	-12.647	-23.944	-12.215
-23.778	-12.647	-23.739	-12.487
-23.778	-12.647	-23.981	-12.525
-23.778	-12.647	-24.327	-12.156
-23.778	-12.647	-24.796	-11.588
-23.778	-12.647	-23.291	-12.443
-23.778	-12.647	-26.492	-13.988
-23.778	-12.647	-26.485	-13.996
-23.778	-12.647	-26.429	-13.968
-23.778	-12.647	-26.485	-14.003
-26.485	-14.003	-25.962	-14.372
-26.485	-14.003	-26.095	-14.282
-26.485	-14.003	-26.329	-14.215
-26.485	-14.003	-26.577	-13.958
-26.485	-14.003	-26.371	-14.162
-26.485	-14.003	-25.767	-14.498
-26.485	-14.003	-26.396	-12.165
-26.485	-14.003	-25.241	-12.099
-26.485	-14.003	-25.368	-13.725
-26.485	-14.003	-28.144	-15.475
-28.144	-15.475	-28.037	-14.777
-28.144	-15.475	-27.877	-14.966
-28.144	-15.475	-27.772	-15.017
-28.144	-15.475	-27.813	-15.445
-28.144	-15.475	-28.170	-15.479
-28.144	-15.475	-28.055	-14.974
-28.144	-15.475	-33.392	-13.387
-33.392	-13.387	-33.064	-12.790
-33.392	-13.387	-33.174	-12.903
-33.392	-13.387	-33.290	-13.087
-33.392	-13.387	-33.386	-13.291
-33.392	-13.387	-33.394	-13.432
-33.392	-13.387	-33.376	-13.425
-33.392	-13.387	-33.342	-13.112
-33.392	-13.387	-37.212	-13.060
-37.212	-13.060	-37.067	-12.531
-37.212	-13.060	-37.161	-12.603
-37.212	-13.060	-37.248	-12.736
-37.212	-13.060	-37.410	-12.901
-37.212	-13.060	-37.255	-13.649
-37.212	-13.060	-37.213	-13.019
-37.212	-13.060	-37.115	-12.281
-37.212	-13.060	-37.448	-12.162
-37.212	-13.060	-37.972	-12.357
-37.212	-13.060	-37.764	-12.777
-37.212	-13.060	-37.342	-12.615
-37.212	-13.060	-38.504	-12.526
-37.212	-13.060	-41.670	-12.109
-41.670	-12.109	-40.967	-11.462
-41.670	-12.109	-41.298	-10.918
-41.670	-12.109	-41.131	-11.219
-41.670	-12.109	-41.126	-11.158
-41.670	-12.109	-40.971	-11.533
-41.670	-12.109	-41.226	-11.631
-41.670	-12.109	-41.495	-11.858
-41.670	-12.109	-42.045	-12.629
-41.670	-12.109	-41.682	-12.120
-41.670	-12.109	-40.694	-11.433
-41.670	-12.109	-39.542	-9.156
-41.670	-12.109	-39.730	-8.734
-41.670	-12.109	-40.363	-8.876
-41.670	-12.109	-40.746	-10.525
-41.670	-12.109	-41.333	-10.918
-41.670	-12.109	-42.061	-10.596
-41.670	-12.109	-42.823	-10.413
-41.670	-12.109	-42.704	-11.497
-41.670	-12.109	-42.270	-12.159
-41.670	-12.109	-41.473	-12.797
-41.670	-12.109	-43.034	-10.687
-43.034	-10.687	-42.996	-11.088
-43.034	-10.687	-42.995	-11.028
-43.034	-10.687	-43.120	-11.569
-43.034	-10.687	-43.180	-11.052
-43.034	-10.687	-43.124	-10.337
-43.034	-10.687	-46.864	-11.050
-43.034	-10.687	-47.103	-11.073
-47.103	-11.073	-46.874	-10.056
-47.103	-11.073	-46.939	-10.147
-47.103	-11.073	-46.993	-10.485
-47.103	-11.073	-47.126	-10.938
-47.103	-11.073	-47.127	-11.135
-47.103	-11.073	-47.060	-10.785
-47.103	-11.073	-46.891	-9.924
-47.103	-11.073	-47.791	-9.561
-47.103	-11.073	-47.938	-10.426
-47.103	-11.073	-45.845	-10.748
-47.103	-11.073	-46.171	-11.248
-47.103	-11.073	-48.297	-10.930
-47.103	-11.073	-47.484	-11.498
-47.103	-11.073	-49.300	-8.200
POLYLINE BLACK
-1.163	0.308
-1.158	0.285
POLYLINE BLACK
-0.558	1.120
-0.558	1.120
POLYLINE BLACK
-0.521	1.149
-0.558	1.025
-0.608	0.904
-0.633	0.776
-0.716	0.349
-0.730	-0.091
-0.697	-0.524
-0.686	-0.665
-0.645	-0.802
-0.615	-0.940
-0.613	-0.950
-0.611	-0.964
-0.602	-0.969
-0.580	-0.983
-0.553	-0.985
-0.528	-0.993
POLYLINE BLACK
0.652	4.643
0.075	3.611
-0.128	2.422
-0.454	1.302
-0.483	1.202
-0.536	1.109
-0.577	1.013
POLYLINE BLACK
-0.671	-0.900
-0.668	-0.970
-0.674	-1.040
-0.663	-1.108
-0.638	-1.256
-0.612	-1.405
-0.562	-1.547
-0.194	-2.607
-0.022	-3.197
0.510	-4.054
0.608	-4.213
0.731	-4.355
0.841	-4.505
POLYLINE BLACK
-0.589	1.063
-0.589	1.063
POLYLINE BLACK
-0.567	1.089
-0.590	1.086
POLYLINE BLACK
-0.512	1.156
-0.555	1.131
-0.598	1.104
-0.643	1.082
-0.665	1.071
-0.690	1.064
-0.714	1.058
-0.795	1.037
-0.875	1.012
-0.958	1.002
-1.296	0.962
-1.636	0.940
-1.975	0.908
-2.390	0.868
-2.972	0.779
-3.277	0.743
-5.182	0.512
-4.497	0.726
-5.236	0.482
POLYLINE BLACK
-0.585	-1.073
-0.546	-1.047
-0.506	-1.024
-0.469	-0.996
-0.446	-0.978
-0.425	-0.958
-0.407	-0.936
-0.261	-0.758
-0.178	-0.629
-0.139	-0.393
-0.098	-0.147
-0.059	0.109
-0.114	0.357
-0.140	0.477
-0.176	0.596
-0.214	0.713
-0.253	0.833
-0.297	0.950
-0.343	1.066
-0.350	1.084
-0.358	1.102
-0.372	1.115
-0.413	1.154
-0.461	1.184
-0.506	1.219
POLYLINE BLACK
-5.187	0.532
-5.224	0.519
POLYLINE BLACK
-5.139	0.510
-5.234	0.545
-5.304	0.558
-5.380	0.614
-5.442	0.660
-5.482	0.718
-5.525	0.783
-5.642	0.958
-5.559	1.218
-5.478	1.383
-5.367	1.611
-5.235	1.829
-5.110	2.050
-5.074	2.114
-5.028	2.173
-4.994	2.239
-4.923	2.380
-4.915	2.440
-4.906	2.583
POLYLINE BLACK
-5.009	2.608
-5.322	2.824
-5.412	2.932
-5.741	3.033
-5.903	3.083
-6.069	3.119
-6.234	3.154
-6.294	3.167
-6.401	3.161
-6.458	3.147
-6.514	3.134
-6.570	3.119
-6.621	3.093
-7.067	2.869
-7.505	2.629
-7.947	2.397
-8.014	2.362
-8.077	2.320
-8.148	2.294
-8.247	2.258
-8.350	2.237
-8.452	2.214
-8.637	2.172
-8.697	2.162
-8.856	2.172
POLYLINE BLACK
-0.699	-0.985
-0.975	-0.990
-1.252	-1.016
-1.527	-0.999
-1.727	-0.988
-1.920	-0.922
-2.118	-0.900
-5.167	-0.561
-1.770	-0.970
-3.854	-0.790
-4.012	-0.776
-4.165	-0.717
-4.323	-0.716
-4.620	-0.714
-4.917	-0.752
-5.213	-0.782
-5.270	-0.788
-5.325	-0.808
-5.380	-0.823
-5.403	-0.829
-5.518	-0.876
-5.578	-0.877
-5.712	-0.879
-5.818	-0.741
-5.859	-0.629
-6.084	-0.023
-5.885	-0.439
-6.020	-0.166
POLYLINE BLACK
-6.051	-0.200
-6.872	0.460
-6.600	0.304
-7.551	0.806
-7.632	0.849
-7.720	0.878
-7.804	0.915
-7.948	0.979
-8.090	1.049
-8.235	1.108
-8.404	1.177
-8.472	1.202
-8.628	1.223
-8.641	1.225
-8.654	1.227
-8.667	1.223
-8.688	1.218
-8.707	1.205
-8.727	1.196
POLYLINE BLACK
-11.267	3.365
-11.267	3.373
POLYLINE BLACK
-11.028	0.326
-11.069	0.215
-11.110	0.105
-11.151	-0.006
-11.135	0.054
-11.123	0.115
-11.103	0.174
-11.075	0.253
-11.019	0.310
-10.965	0.370
POLYLINE BLACK
-11.076	0.269
-11.078	0.269
POLYLINE BLACK
-8.755	1.209
-8.842	0.926
-8.932	0.723
-9.157	0.514
-9.257	0.421
-9.373	0.347
-9.486	0.272
-9.532	0.242
-9.688	0.159
-9.763	0.152
-9.919	0.139
-10.076	0.127
-10.232	0.135
-10.407	0.143
-10.712	0.270
-10.851	0.314
-10.880	0.323
-10.916	0.329
-10.947	0.324
-11.046	0.309
-11.126	0.208
-11.162	0.122
-11.179	0.081
-11.191	0.039
-11.205	-0.003
POLYLINE BLACK
-11.009	3.550
-10.890	3.500
-10.774	3.445
-10.653	3.401
-10.561	3.368
-10.505	3.362
-10.417	3.359
-10.339	3.356
-10.110	3.371
-10.023	3.302
-9.802	3.125
-9.581	2.947
-9.374	2.753
-9.207	2.598
-9.105	2.381
-8.888	2.290
-8.867	2.281
-8.845	2.271
-8.822	2.271
-8.796	2.270
-8.770	2.280
-8.744	2.285
POLYLINE BLACK
-11.008	3.541
-11.358	4.122
-11.240	3.881
-11.405	4.244
POLYLINE BLACK
-11.724	3.786
-11.379	3.306
POLYLINE BLACK
-12.386	5.082
-12.387	5.121
-12.388	5.160
-12.388	5.199
-12.386	5.202
-12.386	5.208
-12.382	5.208
-12.377	5.207
-12.374	5.200
-12.370	5.197
-12.343	5.135
-12.312	5.074
-12.288	5.011
-12.269	4.959
-12.256	4.897
-12.258	4.840
-12.259	4.785
-12.302	4.711
-12.232	4.678
-12.224	4.674
-12.215	4.668
-12.206	4.669
-12.173	4.673
-12.141	4.684
-12.109	4.692
POLYLINE BLACK
-12.030	4.345
-12.058	4.335
POLYLINE BLACK
-14.181	7.301
-14.300	7.313
-14.383	7.306
-14.474	7.229
-14.505	7.203
-14.529	7.167
-14.536	7.127
-14.549	7.053
-14.508	6.972
-14.443	6.937
-14.395	6.912
-14.329	6.906
-14.282	6.892
-14.205	6.869
-14.142	6.812
-14.162	6.726
-14.176	6.662
-14.201	6.599
-14.246	6.549
-14.338	6.446
-14.535	6.393
-14.647	6.495
-14.769	6.608
-14.750	6.742
-14.737	6.891
POLYLINE BLACK
-14.039	7.183
-14.026	7.208
POLYLINE BLACK
-13.982	7.291
-13.948	6.445
POLYLINE BLACK
-14.149	6.921
-13.781	6.963
POLYLINE BLACK
-13.752	6.832
-13.739	6.332
-13.777	6.581
-13.712	6.670
-13.660	6.742
-13.594	6.802
-13.534	6.869
POLYLINE BLACK
-13.418	6.896
-13.433	6.806
-13.511	6.628
-13.416	6.540
-13.381	6.507
-13.283	6.469
-13.266	6.460
POLYLINE BLACK
-13.121	6.778
-13.078	6.792
-13.037	6.820
-12.992	6.820
-12.965	6.820
-13.040	6.794
-13.061	6.778
-13.075	6.768
-13.087	6.756
-13.099	6.744
-13.163	6.674
-13.140	6.567
-13.076	6.505
-13.061	6.489
-13.047	6.469
-13.026	6.463
-12.971	6.447
-12.912	6.449
-12.855	6.442
POLYLINE BLACK
-12.744	7.435
-12.798	6.977
-12.847	6.810
-12.773	6.472
POLYLINE BLACK
-13.073	6.820
-13.032	6.689
-13.029	6.760
-13.148	6.619
POLYLINE BLACK
-12.538	6.876
-12.663	6.796
-12.681	6.752
-12.689	6.598
-12.691	6.565
-12.686	6.535
-12.673	6.505
-12.653	6.457
-12.581	6.437
-12.538	6.466
-12.513	6.484
-12.501	6.516
-12.495	6.545
-12.486	6.591
-12.483	6.624
-12.490	6.670
-12.495	6.705
-12.516	6.739
-12.510	6.774
-12.507	6.791
-12.487	6.750
-12.477	6.736
-12.407	6.632
-12.340	6.527
-12.271	6.423
POLYLINE BLACK
-12.175	6.816
-12.175	6.719
-12.191	6.620
-12.175	6.524
-12.168	6.487
-12.153	6.595
-12.142	6.630
-12.125	6.686
-12.112	6.744
-12.092	6.799
-12.082	6.828
-12.047	6.914
-11.999	6.914
-11.925	6.913
-11.871	6.739
-11.860	6.689
-11.837	6.586
-11.869	6.525
-11.898	6.418
POLYLINE BLACK
-11.668	6.901
-11.661	6.902
POLYLINE BLACK
-11.658	6.872
-11.666	6.636
-11.657	6.774
-11.695	6.460
POLYLINE BLACK
-11.697	7.159
-11.707	7.179
POLYLINE BLACK
-11.470	6.610
-11.404	6.667
-11.334	6.721
-11.270	6.780
-11.242	6.806
-11.274	6.807
-11.289	6.806
-11.327	6.800
-11.364	6.783
-11.386	6.750
-11.408	6.716
-11.411	6.674
-11.409	6.635
-11.406	6.547
-11.363	6.466
-11.278	6.433
-11.271	6.430
-11.263	6.431
-11.255	6.431
-11.168	6.430
-11.081	6.431
-10.994	6.431
POLYLINE BLACK
-10.158	7.435
-10.114	6.545
POLYLINE BLACK
-10.452	7.357
-10.381	7.439
-10.313	7.524
-10.239	7.604
-10.140	7.711
-9.994	7.703
-9.897	7.602
-9.873	7.577
-9.856	7.540
-9.860	7.505
-9.868	7.433
-9.917	7.390
-9.952	7.329
-9.988	7.265
-10.003	7.169
-9.992	7.097
-9.963	6.902
-9.904	6.708
-9.789	6.545
-9.753	6.493
-9.711	6.444
-9.672	6.394
POLYLINE BLACK
-9.337	6.952
-9.396	6.889
-9.456	6.828
-9.513	6.763
-9.562	6.706
-9.539	6.640
-9.469	6.620
-9.385	6.597
-9.391	6.725
-9.357	6.718
-9.340	6.714
-9.320	6.681
-9.315	6.672
-9.281	6.600
-9.250	6.527
-9.217	6.455
POLYLINE BLACK
-8.739	7.430
-8.747	7.479
-8.753	7.529
-8.764	7.579
-8.771	7.611
-8.797	7.643
-8.822	7.663
-8.896	7.720
-8.960	7.710
-8.997	7.620
-9.182	7.163
-9.053	6.558
-9.052	6.116
-9.052	6.017
-9.077	5.919
-9.089	5.820
POLYLINE BLACK
-9.386	6.393
-8.832	6.529
POLYLINE BLACK
-8.467	6.805
-8.612	6.757
-8.771	6.728
-8.704	6.544
-8.703	6.543
-8.674	6.447
-8.640	6.437
-8.571	6.418
-8.567	6.720
-8.479	6.613
-8.378	6.491
-8.518	6.645
-8.433	6.536
-8.378	6.466
-8.320	6.399
-8.263	6.330
POLYLINE BLACK
-8.067	7.409
-8.130	7.164
-8.127	7.211
-8.145	6.859
-8.149	6.793
-8.134	6.714
-8.112	6.650
-8.083	6.567
-8.005	6.494
-7.952	6.431
POLYLINE BLACK
-8.364	7.447
-7.873	7.599
POLYLINE BLACK
-7.530	6.786
-7.568	6.796
-7.605	6.807
-7.643	6.815
-7.722	6.831
-7.791	6.612
-7.795	6.599
-7.801	6.580
-7.858	6.429
-7.805	6.397
-7.772	6.378
-7.699	6.424
-7.650	6.423
-7.510	6.420
-7.392	6.269
-7.307	6.193
POLYLINE BLACK
-11.139	0.119
-11.134	-0.035
-11.130	-0.113
-11.041	-0.246
-10.961	-0.365
-10.858	-0.468
-10.785	-0.590
-10.742	-0.660
-10.670	-0.835
-10.657	-0.946
-10.630	-1.184
-10.676	-1.264
-10.744	-1.558
-10.756	-1.609
-10.786	-1.662
-10.827	-1.696
-10.844	-1.710
-10.860	-1.724
-10.880	-1.734
-10.945	-1.768
-11.108	-1.819
-11.161	-1.827
-11.415	-1.862
-11.612	-1.845
-11.866	-1.797
-11.924	-1.785
-11.978	-1.759
-12.034	-1.740
POLYLINE BLACK
-12.054	-1.741
-12.396	-1.610
-12.203	-1.690
-12.830	-1.327
-12.994	-1.232
-12.837	-1.313
-12.890	-1.276
-12.908	-1.263
-12.928	-1.251
-12.947	-1.239
POLYLINE BLACK
-13.703	-0.779
-13.646	-0.795
-13.587	-0.804
-13.532	-0.826
-13.323	-0.912
-13.163	-1.042
-12.992	-1.193
-12.925	-1.252
-12.870	-1.324
-12.809	-1.390
POLYLINE BLACK
-13.027	-0.187
-13.076	-0.196
-13.104	-0.210
-13.134	-0.247
-13.191	-0.318
-13.253	-0.384
-13.304	-0.459
-13.377	-0.565
-13.394	-0.665
-13.423	-0.791
-13.426	-0.804
-13.427	-0.818
-13.427	-0.831
-13.426	-0.846
-13.422	-0.860
-13.420	-0.875
POLYLINE BLACK
-11.525	3.396
-11.385	2.736
-11.381	2.873
-11.393	2.091
-11.393	2.030
-11.416	1.800
-11.468	1.711
-11.558	1.557
-11.654	1.406
-11.756	1.260
-11.846	1.131
-11.952	1.057
-12.006	0.917
-12.097	0.676
-12.064	0.528
-12.106	0.230
-12.136	0.021
-12.272	-0.153
-12.389	-0.320
POLYLINE BLACK
-12.171	0.157
-12.228	0.038
-12.232	0.016
-12.317	-0.096
-12.353	-0.144
-12.438	-0.208
-12.480	-0.236
-12.512	-0.257
-12.572	-0.280
-12.610	-0.285
-12.796	-0.308
-12.789	-0.292
-12.992	-0.260
POLYLINE BLACK
-13.070	-0.213
-13.091	-0.202
POLYLINE BLACK
-13.095	-0.207
-13.095	-0.205
POLYLINE BLACK
-13.687	-0.787
-14.381	-0.414
-14.109	-0.514
-15.146	-0.278
-15.370	-0.226
-15.451	-0.242
-15.658	-0.254
POLYLINE BLACK
-13.048	-0.235
-13.238	-0.121
-13.260	-0.098
-13.540	-0.020
-14.338	0.200
-14.768	0.346
-15.510	0.382
-15.614	0.387
-15.717	0.369
-15.821	0.365
-15.849	0.364
-15.876	0.367
-15.904	0.368
-16.019	0.357
-16.133	0.340
-16.248	0.336
-16.541	0.325
-16.834	0.326
-17.126	0.322
POLYLINE BLACK
-15.559	-0.243
-15.788	-0.262
-15.987	-0.257
-16.201	-0.356
-16.444	-0.467
-16.671	-0.609
-16.906	-0.735
POLYLINE BLACK
-17.068	0.329
-17.233	0.302
-17.127	0.325
-17.380	0.233
POLYLINE BLACK
-16.874	-0.713
-16.941	-0.795
-17.018	-0.870
-17.074	-0.959
-17.205	-1.166
-17.343	-1.507
-17.429	-1.731
-17.443	-1.768
-17.449	-1.808
-17.463	-1.845
-17.492	-1.923
-17.531	-1.996
-17.560	-2.075
-17.601	-2.189
-17.602	-2.211
-17.616	-2.304
POLYLINE BLACK
-17.897	-1.796
-17.823	-1.970
-17.801	-1.991
-17.779	-2.189
-17.771	-2.259
-17.777	-2.330
-17.775	-2.400
POLYLINE BLACK
-17.645	-2.476
-17.638	-2.455
-17.637	-2.431
-17.625	-2.412
-17.619	-2.402
-17.624	-2.433
-17.625	-2.444
-17.627	-2.457
-17.629	-2.470
-17.632	-2.482
-17.635	-2.497
-17.641	-2.508
-17.649	-2.520
-17.655	-2.528
-17.662	-2.533
-17.663	-2.543
-17.667	-2.569
-17.601	-2.591
-17.598	-2.593
POLYLINE BLACK
-17.688	-2.447
-17.682	-2.430
-17.676	-2.413
-17.669	-2.397
-17.660	-2.376
-17.631	-2.380
-17.621	-2.397
-17.614	-2.410
-17.618	-2.430
-17.623	-2.442
-17.636	-2.468
-17.649	-2.495
-17.664	-2.520
-17.673	-2.534
-17.683	-2.546
-17.693	-2.559
-17.700	-2.568
-17.705	-2.570
-17.708	-2.579
-17.718	-2.615
-17.653	-2.653
-17.628	-2.661
-17.586	-2.676
-17.551	-2.654
-17.514	-2.637
POLYLINE BLACK
-17.668	-2.888
-17.666	-2.907
POLYLINE BLACK
-17.785	-3.110
-17.765	-3.266
-17.747	-3.303
-17.757	-3.424
-17.759	-3.447
-17.763	-3.470
-17.766	-3.493
POLYLINE BLACK
-17.654	-3.177
-17.655	-3.183
-17.634	-3.125
-17.635	-3.146
-17.643	-3.291
-17.651	-3.436
-17.659	-3.581
POLYLINE BLACK
-17.349	0.253
-17.385	0.244
-17.439	0.224
-17.482	0.227
-17.566	0.235
-17.641	0.262
-17.718	0.298
-17.766	0.321
-17.812	0.350
-17.857	0.379
-17.869	0.386
-17.880	0.395
-17.890	0.405
-17.903	0.419
-17.914	0.435
-17.926	0.450
POLYLINE BLACK
-22.551	-0.171
-22.406	0.288
-22.381	0.270
-22.373	0.840
-22.370	1.014
-22.399	1.188
-22.413	1.362
POLYLINE BLACK
-21.638	0.898
-21.665	0.536
-21.681	0.320
-21.549	-0.007
-21.522	-0.071
-21.492	-0.135
-21.452	-0.193
-21.327	-0.373
-21.188	-0.542
-21.056	-0.717
POLYLINE BLACK
-21.147	-0.531
-21.120	-0.550
-20.870	-0.751
-20.755	-0.784
-20.631	-0.820
-20.503	-0.843
-20.377	-0.873
POLYLINE BLACK
-21.098	-0.665
-21.057	-0.721
-21.027	-0.777
-20.970	-0.817
-20.887	-0.877
-20.744	-0.932
-20.641	-0.935
-20.449	-0.941
-20.166	-0.858
-20.031	-0.804
-19.522	-0.601
-19.021	-0.380
-18.529	-0.140
-18.378	-0.066
-18.245	0.040
-18.107	0.136
-18.074	0.159
-18.045	0.187
-18.018	0.216
-17.975	0.261
-17.939	0.312
-17.897	0.357
-17.892	0.362
-17.886	0.365
-17.880	0.367
-17.812	0.397
-17.696	0.306
-17.668	0.287
-17.637	0.266
-17.613	0.236
-17.585	0.211
POLYLINE BLACK
-22.751	-2.576
-22.660	-2.472
-22.559	-2.330
-22.432	-2.256
-22.021	-2.016
-21.559	-1.963
-21.082	-1.905
-20.241	-1.803
-19.395	-1.741
-18.549	-1.687
-18.363	-1.675
-18.043	-1.744
-17.892	-1.879
-17.858	-1.909
-17.826	-1.941
-17.793	-1.973
POLYLINE BLACK
-22.543	-0.094
-22.560	-0.138
-22.586	-0.223
-22.624	-0.266
-22.804	-0.467
-22.927	-0.488
-23.195	-0.696
-23.295	-0.774
-23.427	-0.909
-23.470	-1.040
-23.498	-1.124
-23.518	-1.223
-23.513	-1.312
-23.501	-1.569
-23.410	-1.809
-23.308	-2.045
-23.240	-2.202
-23.138	-2.341
-23.064	-2.495
-23.032	-2.563
-23.022	-2.630
-23.009	-2.700
POLYLINE BLACK
-23.261	-2.168
-23.256	-2.161
-22.978	-1.839
-22.933	-1.700
-22.898	-1.590
-22.870	-1.478
-22.845	-1.365
-22.835	-1.316
-22.823	-1.265
-22.828	-1.214
-22.849	-1.021
-22.891	-0.830
-22.925	-0.639
-22.927	-0.626
-22.937	-0.608
-22.944	-0.598
-22.956	-0.583
-22.978	-0.571
-22.991	-0.561
POLYLINE BLACK
-23.302	-1.351
-23.215	-1.388
-23.259	-1.375
-23.171	-1.391
POLYLINE BLACK
-23.008	-2.595
-23.128	-4.116
-23.285	-5.634
-23.367	-7.157
-23.413	-8.007
-23.376	-8.859
-23.391	-9.710
-23.393	-9.841
-23.393	-9.833
-23.428	-9.903
POLYLINE BLACK
-23.189	-9.982
-23.215	-9.678
-23.280	-9.375
-23.269	-9.069
-23.214	-7.616
-23.097	-6.166
-22.993	-4.716
-22.984	-4.591
-22.940	-4.469
-22.930	-4.343
-22.895	-3.891
-22.893	-3.436
-22.858	-2.983
-22.850	-2.878
-22.820	-2.775
-22.804	-2.671
-22.802	-2.663
-22.804	-2.655
-22.805	-2.647
-22.814	-2.587
-22.872	-2.527
-22.935	-2.521
-22.961	-2.519
-23.011	-2.529
-23.026	-2.531
POLYLINE BLACK
-22.338	-2.192
-22.554	-2.716
-22.480	-2.484
-22.512	-3.563
-22.568	-5.465
-22.563	-7.368
-22.617	-9.270
-22.639	-10.022
-22.753	-9.629
-22.674	-9.882
POLYLINE BLACK
-23.502	-9.851
-23.718	-10.385
-23.934	-10.920
-24.150	-11.454
-24.168	-11.483
-24.182	-11.515
-24.204	-11.542
-24.573	-12.000
-24.374	-11.686
-24.587	-12.050
POLYLINE BLACK
-23.491	-9.937
-23.424	-9.770
POLYLINE BLACK
-22.729	-9.834
-22.905	-10.397
-23.074	-10.963
-23.258	-11.523
-23.292	-11.628
-23.345	-11.726
-23.384	-11.830
-23.507	-12.159
-23.631	-12.487
-23.745	-12.820
-23.772	-12.897
-23.785	-12.979
-23.805	-13.058
POLYLINE BLACK
-23.349	-11.619
-23.166	-9.642
POLYLINE BLACK
-24.398	-11.954
-24.336	-12.046
-24.160	-12.443
-23.989	-12.523
-23.886	-12.572
-23.777	-12.605
-23.671	-12.645
POLYLINE BLACK
-12.153	0.150
-11.829	0.167
-11.850	0.183
-11.485	0.108
-11.395	0.090
-11.309	0.057
-11.222	0.029
-11.211	0.026
-11.200	0.021
-11.190	0.016
-11.183	0.012
-11.176	0.006
-11.170	0.001
POLYLINE BLACK
-21.223	-17.315
-21.080	-17.299
POLYLINE BLACK
-26.328	-14.445
-25.931	-14.465
-26.472	-14.430
-25.834	-14.523
-25.725	-14.539
-25.620	-14.514
-25.513	-14.497
POLYLINE BLACK
-24.614	-11.981
-24.273	-12.427
-24.376	-12.344
-23.989	-12.678
-23.959	-12.704
-23.925	-12.728
-23.890	-12.749
-23.830	-12.784
-23.767	-12.813
-23.705	-12.846
POLYLINE BLACK
-23.802	-12.853
-23.932	-13.035
-23.933	-13.060
-24.097	-13.204
-24.130	-13.233
-24.164	-13.263
-24.204	-13.279
-24.553	-13.422
-24.910	-13.542
-25.261	-13.680
-25.297	-13.695
-25.354	-13.738
-25.381	-13.767
-25.468	-13.862
-25.493	-13.930
-25.546	-14.064
-25.561	-14.102
-25.571	-14.142
-25.577	-14.182
-25.584	-14.227
-25.586	-14.272
-25.586	-14.318
-25.586	-14.375
-25.561	-14.431
-25.604	-14.476
-25.649	-14.522
-25.780	-14.552
-25.804	-14.561
POLYLINE BLACK
-23.834	-11.610
-23.779	-11.659
-23.719	-11.714
-23.639	-11.706
-23.618	-11.704
-23.555	-11.699
-23.576	-11.693
-23.651	-11.682
-23.727	-11.672
-23.803	-11.661
-23.800	-11.667
-23.799	-11.674
-23.794	-11.678
-23.778	-11.690
-23.760	-11.699
-23.742	-11.707
-23.691	-11.728
-23.639	-11.746
-23.588	-11.766
POLYLINE BLACK
-28.249	-15.581
-28.147	-15.537
-28.039	-15.504
-27.942	-15.448
-27.648	-15.281
-27.329	-14.971
-27.069	-14.789
-26.919	-14.683
-26.757	-14.596
-26.598	-14.505
-26.519	-14.460
-26.556	-14.496
-26.493	-14.470
-26.445	-14.450
-26.398	-14.427
-26.351	-14.406
POLYLINE BLACK
-24.582	-11.951
-24.643	-12.000
-24.701	-12.041
-24.785	-12.039
-25.214	-12.030
-25.643	-11.999
-26.072	-11.990
-26.106	-11.989
-26.254	-11.990
-26.323	-12.021
-26.454	-12.081
-26.600	-12.279
-26.663	-12.401
-26.916	-12.891
-27.126	-13.403
-27.395	-13.884
-27.411	-13.913
-27.806	-14.774
-28.170	-14.959
-28.235	-14.992
-28.303	-15.019
-28.369	-15.050
POLYLINE BLACK
-33.107	-12.709
-30.801	-14.071
-33.431	-12.564
-31.876	-13.356
-31.560	-13.517
-31.272	-13.734
-30.946	-13.871
-30.663	-13.991
-30.340	-13.996
-30.060	-14.123
-29.704	-14.283
-29.403	-14.546
-29.056	-14.725
-28.868	-14.822
-28.658	-14.871
-28.461	-14.948
-28.432	-14.959
-28.405	-14.977
-28.377	-14.991
POLYLINE BLACK
-28.202	-15.539
-28.245	-15.551
-28.288	-15.566
-28.332	-15.574
-28.363	-15.579
-28.395	-15.583
-28.426	-15.579
-28.655	-15.551
-28.888	-15.540
-29.110	-15.476
-29.564	-15.346
-30.012	-15.191
-30.443	-14.998
-30.800	-14.839
-31.104	-14.574
-31.464	-14.424
-31.873	-14.254
-32.318	-14.187
-32.738	-14.045
-32.825	-14.015
-32.905	-13.965
-32.980	-13.910
-33.444	-13.571
-33.377	-13.650
-33.542	-13.442
POLYLINE BLACK
-33.288	-13.403
-33.336	-13.407
-33.370	-13.414
-33.391	-13.370
-33.394	-13.363
-33.402	-13.342
-33.401	-13.349
-33.398	-13.380
-33.389	-13.410
-33.383	-13.440
POLYLINE BLACK
-33.422	-13.313
-33.430	-13.315
POLYLINE BLACK
-33.503	-13.508
-33.535	-13.492
-33.565	-13.471
-33.600	-13.461
-33.961	-13.356
-34.289	-13.339
-34.683	-13.358
-35.453	-13.396
-36.222	-13.470
-36.990	-13.545
-37.079	-13.553
-37.166	-13.578
-37.250	-13.609
-37.300	-13.628
-37.340	-13.667
-37.385	-13.695
POLYLINE BLACK
-33.143	-12.712
-33.228	-12.659
-33.308	-12.595
-33.400	-12.554
-33.568	-12.477
-33.742	-12.413
-33.919	-12.359
-34.023	-12.327
-34.130	-12.298
-34.239	-12.296
-35.111	-12.288
-35.984	-12.338
-36.857	-12.329
-36.975	-12.328
-37.093	-12.296
-37.208	-12.265
-37.460	-12.199
-37.459	-12.153
-37.639	-12.132
-37.734	-12.121
-37.819	-12.179
-37.898	-12.221
-37.916	-12.230
-37.939	-12.252
-37.951	-12.269
-37.963	-12.285
-37.978	-12.319
-37.986	-12.336
POLYLINE BLACK
-37.781	-12.156
-37.784	-12.158
POLYLINE BLACK
0.000	-0.000
0.000	-0.000
POLYLINE BLACK
-36.829	-12.529
-36.822	-12.548
POLYLINE BLACK
-37.658	-12.436
-37.518	-12.428
-37.594	-12.425
-37.430	-12.457
POLYLINE BLACK
-38.603	-12.450
-38.251	-12.658
-38.125	-12.775
-37.793	-12.880
-37.743	-12.896
-37.691	-12.907
-37.639	-12.912
-37.334	-12.942
-37.293	-12.966
-37.072	-12.908
-37.049	-12.902
-37.026	-12.894
-37.004	-12.884
-36.848	-12.810
-36.739	-12.594
-36.652	-12.482
-36.644	-12.472
-36.635	-12.462
-36.623	-12.455
-36.598	-12.440
-36.570	-12.429
-36.543	-12.416
POLYLINE BLACK
-40.912	-11.413
-40.708	-11.729
-40.664	-11.854
-40.418	-12.083
-40.363	-12.135
-40.303	-12.185
-40.236	-12.222
-40.119	-12.289
-39.995	-12.345
-39.869	-12.394
-39.759	-12.437
-39.512	-12.530
-39.351	-12.535
-39.241	-12.537
-39.022	-12.493
-38.942	-12.479
POLYLINE BLACK
-41.352	-10.835
-41.421	-10.863
POLYLINE BLACK
-39.037	-12.420
-38.912	-12.542
-37.989	-12.046
-37.543	-12.133
-37.474	-12.146
-37.392	-12.195
-37.339	-12.222
POLYLINE BLACK
-40.012	-8.871
-39.918	-8.845
POLYLINE BLACK
-39.887	-8.790
-39.716	-8.838
-39.593	-8.887
-39.501	-9.040
-39.485	-9.068
-39.472	-9.098
-39.460	-9.128
-39.453	-9.147
-39.428	-9.196
-39.445	-9.186
-39.467	-9.173
-39.468	-9.140
-39.479	-9.117
-39.584	-8.917
-39.531	-9.014
-39.749	-8.762
POLYLINE BLACK
-39.937	-8.839
-40.089	-8.805
-40.273	-8.741
-40.424	-8.822
-40.457	-8.839
-40.488	-8.859
-40.517	-8.881
-40.552	-8.908
-40.517	-8.924
-40.491	-8.920
-40.373	-8.904
-40.257	-8.878
-40.139	-8.865
-40.059	-8.856
-39.979	-8.858
-39.900	-8.854
POLYLINE BLACK
-39.549	-9.011
-39.551	-9.007
POLYLINE BLACK
-39.553	-9.007
-39.505	-9.142
-39.380	-9.326
-39.402	-9.491
-39.446	-9.818
-39.694	-10.209
-39.897	-10.457
-40.075	-10.676
-40.276	-10.877
-40.465	-11.087
-40.581	-11.217
-40.697	-11.347
-40.813	-11.477
POLYLINE BLACK
-40.465	-8.843
-40.566	-8.946
-40.673	-9.043
-40.766	-9.152
-41.075	-9.515
-41.268	-10.436
-41.327	-10.618
-41.375	-10.767
-41.363	-10.791
-41.360	-10.935
POLYLINE BLACK
-41.361	-10.711
-41.196	-10.994
-41.155	-11.120
-40.960	-11.326
-40.898	-11.392
-40.848	-11.419
-40.775	-11.466
POLYLINE BLACK
-40.723	-10.176
-40.758	-10.148
POLYLINE BLACK
-40.859	-10.015
-40.161	-10.355
-40.358	-10.524
-40.133	-10.295
POLYLINE BLACK
-40.656	-10.364
-40.635	-10.285
-40.610	-10.206
-40.593	-10.126
-40.592	-10.122
-40.602	-10.130
-40.607	-10.132
-40.660	-10.226
-40.808	-10.513
-40.766	-10.414
-40.687	-10.230
-40.587	-10.056
-40.497	-9.877
POLYLINE BLACK
-41.360	-10.556
-41.400	-10.572
POLYLINE BLACK
-37.328	-13.639
-37.327	-13.639
POLYLINE BLACK
-38.949	-9.165
-38.937	-9.229
POLYLINE BLACK
-38.942	-9.146
-38.902	-9.101
POLYLINE BLACK
-43.124	-11.608
-43.099	-11.605
POLYLINE BLACK
-43.033	-11.720
-43.046	-11.655
POLYLINE BLACK
-43.285	-10.993
-43.265	-11.004
-43.245	-11.013
-43.227	-11.026
-43.184	-11.053
-43.154	-11.127
-43.143	-11.168
-43.123	-11.243
-43.112	-11.320
-43.099	-11.396
-43.083	-11.494
-43.090	-11.539
-43.057	-11.620
-42.997	-11.763
-42.841	-11.869
-42.742	-11.972
-42.649	-12.067
-42.562	-12.166
-42.472	-12.264
POLYLINE BLACK
-42.497	-12.238
-42.516	-12.238
POLYLINE BLACK
-42.522	-12.202
-42.459	-12.325
-42.478	-12.304
-42.297	-12.444
-42.213	-12.510
-42.123	-12.570
-42.028	-12.620
-41.800	-12.742
-41.318	-12.894
-41.122	-12.963
POLYLINE BLACK
-37.185	-13.583
-37.185	-13.583
POLYLINE BLACK
-37.183	-13.554
-37.183	-13.551
POLYLINE BLACK
-37.193	-13.551
-37.333	-13.551
-37.475	-13.567
-37.614	-13.549
-38.213	-13.469
-38.805	-13.343
-39.403	-13.258
-41.071	-13.020
-39.893	-13.296
-41.181	-12.953
POLYLINE BLACK
-41.388	-10.770
-41.414	-10.776
-41.440	-10.784
-41.466	-10.788
-41.540	-10.799
-41.700	-10.746
-41.722	-10.738
-41.813	-10.706
-41.899	-10.662
-41.987	-10.623
-42.072	-10.584
-42.151	-10.535
-42.239	-10.505
-42.510	-10.412
-42.702	-10.395
-42.983	-10.351
POLYLINE BLACK
-43.001	-10.297
-43.351	-10.327
-43.703	-10.337
-44.051	-10.385
-44.640	-10.466
-45.222	-10.592
-45.810	-10.684
-45.955	-10.707
-46.127	-10.681
-46.259	-10.616
-46.326	-10.583
-46.389	-10.544
-46.450	-10.503
-46.493	-10.473
-46.535	-10.441
-46.569	-10.402
-46.779	-10.165
-46.727	-10.150
-46.923	-9.864
-46.951	-9.823
-46.988	-9.789
-47.025	-9.756
-47.221	-9.584
-47.424	-9.561
-47.681	-9.506
-47.705	-9.501
-47.729	-9.500
-47.754	-9.499
-47.808	-9.497
-47.830	-9.529
-47.860	-9.568
POLYLINE BLACK
0.000	-0.000
0.000	-0.000
POLYLINE BLACK
-43.305	-10.971
-46.127	-11.196
-45.180	-10.939
-46.238	-11.239
POLYLINE BLACK
-46.219	-11.248
-46.624	-11.332
-47.029	-11.413
-47.434	-11.499
-47.475	-11.508
-47.505	-11.525
-47.539	-11.549
-47.587	-11.583
-47.645	-11.651
-47.678	-11.686
POLYLINE BLACK
-48.014	-10.322
-48.008	-10.369
-47.994	-10.425
-48.003	-10.475
-48.041	-10.672
-48.210	-10.817
-48.313	-10.977
-48.480	-11.236
-48.634	-11.505
-48.795	-11.769
POLYLINE BLACK
-47.667	-11.627
-47.717	-11.658
-47.770	-11.684
-47.816	-11.720
-48.016	-11.879
-48.247	-12.250
-48.332	-12.397
-48.417	-12.544
-48.469	-12.707
-48.538	-12.863
POLYLINE BLACK
-48.801	-11.758
-49.314	-12.485
POLYLINE BLACK
-47.178	-11.421
-47.264	-11.409
-47.350	-11.389
-47.437	-11.386
-47.634	-11.379
-47.877	-11.423
-48.053	-11.513
-48.174	-11.574
-48.269	-11.675
-48.341	-11.789
-48.362	-11.821
-48.381	-11.856
-48.394	-11.892
-48.417	-11.962
-48.434	-12.033
-48.448	-12.105
-48.463	-12.181
-48.467	-12.298
-48.435	-12.373
-48.402	-12.451
-48.388	-12.465
-48.342	-12.529
POLYLINE BLACK
-48.124	-11.831
-47.998	-11.723
POLYLINE BLACK
-47.712	-12.163
-47.715	-12.112
-47.718	-12.062
-47.721	-12.011
-47.725	-12.008
-47.724	-12.008
-47.724	-12.021
-47.726	-12.095
-47.730	-12.170
-47.728	-12.245
-47.727	-12.285
-47.716	-12.333
-47.700	-12.371
-47.673	-12.435
-47.624	-12.436
-47.555	-12.469
POLYLINE BLACK
-47.902	-12.145
-47.886	-12.105
-47.871	-12.065
-47.854	-12.025
-47.832	-11.975
-47.765	-11.966
-47.728	-12.006
-47.706	-12.029
-47.702	-12.067
-47.707	-12.097
-47.725	-12.224
-47.768	-12.260
-47.836	-12.370
-47.844	-12.382
-47.848	-12.402
-47.846	-12.417
-47.832	-12.522
-47.589	-12.520
-47.558	-12.525
POLYLINE BLACK
-47.691	-12.774
-47.704	-12.795
POLYLINE BLACK
-48.027	-10.414
-48.507	-10.201
-48.249	-10.303
-48.807	-10.117
POLYLINE BLACK
-48.058	-10.631
-48.090	-10.535
-48.111	-10.421
-48.178	-10.339
-48.493	-9.956
-48.252	-10.321
-48.704	-9.821
-48.879	-9.627
-49.040	-9.308
-49.122	-9.076
-49.197	-8.865
-49.247	-8.647
-49.297	-8.429
-49.310	-8.374
-49.335	-8.202
-49.321	-8.113
-49.308	-8.026
-49.251	-7.866
-49.225	-7.806
-49.206	-7.761
-49.178	-7.721
-49.154	-7.678
POLYLINE BLACK
-47.696	-9.503
-47.754	-9.492
-47.803	-9.483
-47.832	-9.427
-47.856	-9.380
-47.882	-9.333
-47.898	-9.282
-47.978	-9.025
-47.999	-8.942
-48.008	-8.703
-48.009	-8.674
-48.009	-8.644
-48.003	-8.615
-47.989	-8.537
-47.967	-8.460
-47.949	-8.383
POLYLINE BLACK
-47.971	-6.977
-47.954	-6.928
-47.939	-6.878
-47.919	-6.830
-47.916	-6.822
-47.905	-6.810
-47.895	-6.818
-47.859	-6.846
-47.849	-7.010
-47.849	-7.035
-47.847	-7.130
-47.859	-7.224
-47.861	-7.319
-47.861	-7.353
-47.850	-7.400
-47.822	-7.423
-47.797	-7.443
-47.736	-7.455
-47.718	-7.460
POLYLINE BLACK
-47.700	-7.966
-47.690	-7.972
POLYLINE BLACK
-49.028	-7.551
-48.835	-7.402
POLYLINE BLACK
-48.691	-7.304
-48.510	-7.169
-48.589	-7.216
-48.466	-7.148
POLYLINE BLACK
-48.369	-7.033
-48.284	-6.963
POLYLINE BLACK
-47.894	-8.132
-47.777	-7.942
POLYLINE BLACK
-47.719	-7.787
-47.653	-7.714
POLYLINE BLACK
-21.672	0.802
-21.782	1.685
-21.732	1.725
-22.011	2.496
-22.036	2.562
-22.084	2.618
-22.121	2.678
POLYLINE BLACK
-22.442	1.380
-22.555	1.414
-22.410	1.925
-22.545	2.069
-22.582	2.108
-22.639	2.121
-22.688	2.139
POLYLINE BLACK
-23.256	3.860
-23.203	3.905
-23.151	3.950
-23.099	3.996
-23.093	3.999
-23.087	4.003
-23.081	4.006
-23.056	4.016
-23.058	3.977
-23.063	3.964
-23.112	3.825
-23.170	3.687
-23.217	3.547
-23.239	3.482
-23.250	3.388
-23.220	3.322
-23.191	3.258
-23.147	3.267
-23.066	3.225
POLYLINE BLACK
-23.093	2.840
-23.077	2.754
POLYLINE BLACK
-37.910	-11.239
-37.872	-11.227
-37.817	-11.089
-37.743	-11.091
-37.675	-11.093
-37.645	-11.215
-37.647	-11.266
-37.649	-11.329
-37.679	-11.377
-37.711	-11.429
-37.737	-11.473
-37.798	-11.546
-37.764	-11.604
-37.744	-11.636
-37.683	-11.662
-37.662	-11.675
POLYLINE BLACK
-37.761	-11.859
-37.813	-11.868
POLYLINE BLACK
-39.751	-7.798
-39.775	-7.778
-39.800	-7.759
-39.823	-7.737
-39.867	-7.696
-39.769	-7.645
-39.738	-7.641
-39.706	-7.636
-39.676	-7.658
-39.657	-7.683
-39.639	-7.708
-39.633	-7.738
-39.641	-7.768
-39.647	-7.787
-39.659	-7.810
-39.671	-7.824
-39.726	-7.889
-39.784	-7.951
-39.839	-8.016
-39.874	-8.059
-39.869	-8.123
-39.815	-8.144
-39.760	-8.166
-39.745	-8.152
-39.671	-8.146
POLYLINE BLACK
-39.806	-8.387
-39.806	-8.386
POLYLINE BLACK
-39.788	-8.372
-39.829	-8.378
POLYLINE BLACK
-49.064	-12.464
-49.036	-12.438
-49.010	-12.411
-48.981	-12.387
-48.946	-12.359
-48.943	-12.414
-48.946	-12.434
-48.949	-12.454
-48.955	-12.471
-48.966	-12.488
-48.988	-12.523
-49.037	-12.558
-49.059	-12.583
-49.072	-12.597
-49.101	-12.634
-49.111	-12.660
-49.118	-12.681
-49.115	-12.703
-49.098	-12.718
-49.093	-12.722
-49.089	-12.728
-49.083	-12.728
-49.049	-12.726
-49.017	-12.716
-48.984	-12.709
POLYLINE BLACK
-49.112	-12.927
-49.108	-12.916
POLYLINE BLACK
-49.506	-7.037
-49.487	-6.949
-49.470	-6.860
-49.448	-6.773
-49.420	-6.658
-49.345	-6.730
-49.364	-6.808
-49.393	-6.926
-49.486	-7.015
-49.516	-7.133
-49.531	-7.194
-49.508	-7.236
-49.459	-7.271
-49.442	-7.284
-49.418	-7.289
-49.399	-7.279
-49.366	-7.263
-49.336	-7.195
-49.325	-7.179
POLYLINE BLACK
-49.456	-7.598
-49.430	-7.615
POLYLINE BLACK
-17.256	0.201
-17.234	0.180

ELEVATION
STATIONS
0.000	0.000	0
-5.543	-5.246	1
-8.791	-7.558	2
-11.064	-8.133	3
-11.813	-7.862	4
-13.118	-3.987	5
-17.207	-3.687	6
-22.412	-1.640	7
-23.293	0.896	8
-23.778	1.944	9
-26.485	3.365	10
-28.144	4.596	11
-33.392	4.972	12
-37.212	5.905	13
-41.670	6.953	14
-43.034	6.963	15
-47.103	7.731	16
SHOTS
0.000	0.000	-1.248	-0.312
0.000	0.000	-1.808	-0.776
0.000	0.000	-0.474	-0.601
0.000	0.000	-0.011	-0.421
0.000	0.000	-0.481	0.191
0.000	0.000	-0.464	-0.008
0.000	0.000	-0.158	1.965
0.000	0.000	-0.585	-1.365
0.000	0.000	-0.367	1.464
0.000	0.000	-5.535	-5.230
0.000	0.000	-5.515	-5.202
0.000	0.000	-5.417	-5.108
0.000	0.000	-5.543	-5.246
-5.543	-5.246	-5.914	-5.595
-5.543	-5.246	-5.555	-5.756
-5.543	-5.246	-5.297	-5.329
-5.543	-5.246	-5.172	-5.000
-5.543	-5.246	-5.550	-5.082
-5.543	-5.246	-8.791	-7.558
-8.791	-7.558	-8.597	-7.282
-8.791	-7.558	-8.630	-7.308
-8.791	-7.558	-8.635	-8.004
-8.791	-7.558	-7.247	-6.546
-8.791	-7.558	-4.885	-5.050
-8.791	-7.558	-11.064	-8.133
-11.064	-8.133	-10.877	-8.949
-11.064	-8.133	-10.976	-8.886
-11.064	-8.133	-11.066	-8.780
-11.064	-8.133	-10.894	-8.586
-11.064	-8.133	-10.994	-9.506
-11.064	-8.133	-12.098	-8.112
-11.064	-8.133	-11.087	-8.115
-11.064	-8.133	-11.494	-7.922
-11.064	-8.133	-11.311	-8.364
-11.064	-8.133	-11.399	-8.309
-11.064	-8.133	-11.972	-8.259
-11.064	-8.133	-10.828	-8.008
-11.064	-8.133	-10.035	-7.997
-11.064	-8.133	-9.499	-7.851
-11.064	-8.133	-9.140	-7.631
-11.064	-8.133	-8.634	-7.853
-11.064	-8.133	-8.774	-7.893
-11.064	-8.133	-9.244	-8.118
-11.064	-8.133	-9.799	-8.432
-11.064	-8.133	-10.165	-8.784
-11.064	-8.133	-11.134	-8.680
-11.064	-8.133	-11.813	-7.862
-11.813	-7.862	-10.998	-7.820
-11.813	-7.862	-10.886	-7.804
-11.813	-7.862	-11.616	-7.769
-11.813	-7.862	-11.893	-7.877
-11.813	-7.862	-12.304	-7.973
-11.813	-7.862	-12.532	-7.958
-11.813	-7.862	-11.828	-8.166
-11.813	-7.862	-11.954	-4.331
-11.813	-7.862	-12.118	-4.883
-11.813	-7.862	-13.189	-3.623
-11.813	-7.862	-11.978	-4.359
-11.813	-7.862	-10.823	-4.699
-11.813	-7.862	-10.740	-4.774
-11.813	-7.862	-10.603	-4.766
-11.813	-7.862	-11.345	-4.652
-11.813	-7.862	-13.118	-3.987
-13.118	-3.987	-13.580	-4.109
-13.118	-3.987	-13.377	-3.762
-13.118	-3.987	-13.370	-5.099
-13.118	-3.987	-16.209	-3.982
-13.118	-3.987	-15.431	-4.011
-13.118	-3.987	-14.593	-3.642
-13.118	-3.987	-16.029	-4.506
-13.118	-3.987	-17.207	-3.687
-17.207	-3.687	-16.900	-3.755
-17.207	-3.687	-16.967	-3.128
-17.207	-3.687	-17.181	-2.972
-17.207	-3.687	-17.198	-4.544
-17.207	-3.687	-16.918	-4.486
-17.207	-3.687	-17.892	-3.172
-17.207	-3.687	-17.454	-3.395
-17.207	-3.687	-17.823	-2.887
-17.207	-3.687	-17.611	-3.389
-17.207	-3.687	-23.048	-1.390
-17.207	-3.687	-22.412	-1.640
-22.412	-1.640	-23.253	-1.645
-22.412	-1.640	-22.613	-0.655
-22.412	-1.640	-22.558	-2.425
-22.412	-1.640	-20.805	-1.963
-22.412	-1.640	-20.877	-1.808
-22.412	-1.640	-21.105	-1.778
-22.412	-1.640	-21.293	-2.034
-22.412	-1.640	-21.636	-2.072
-22.412	-1.640	-22.499	-1.926
-22.412	-1.640	-22.265	-1.342
-22.412	-1.640	-21.889	-2.612
-22.412	-1.640	-22.809	-2.778
-22.412	-1.640	-23.462	-2.980
-22.412	-1.640	-23.338	-2.697
-22.412	-1.640	-23.154	-2.460
-22.412	-1.640	-22.906	-2.591
-22.412	-1.640	-22.580	-2.731
-22.412	-1.640	-22.699	-2.876
-22.412	-1.640	-23.879	-8.734
-22.412	-1.640	-23.779	-9.381
-22.412	-1.640	-23.167	-0.777
-22.412	-1.640	-22.828	-0.037
-22.412	-1.640	-22.428	-0.447
-22.412	-1.640	-22.856	-1.118
-22.412	-1.640	-23.305	0.897
-22.412	-1.640	-23.290	0.901
-22.412	-1.640	-23.533	1.511
-22.412	-1.640	-23.293	0.896
-23.293	0.896	-22.724	0.871
-23.293	0.896	-22.919	1.810
-23.293	0.896	-23.196	1.527
-23.293	0.896	-23.594	0.099
-23.293	0.896	-23.668	-0.958
-23.293	0.896	-23.462	-1.271
-23.293	0.896	-23.084	0.283
-23.293	0.896	-24.934	-10.092
-23.293	0.896	-23.778	1.944
-23.778	1.944	-25.204	-12.680
-23.778	1.944	-24.398	2.081
-23.778	1.944	-24.138	2.623
-23.778	1.944	-23.944	2.690
-23.778	1.944	-23.739	2.304
-23.778	1.944	-23.981	1.468
-23.778	1.944	-24.327	1.472
-23.778	1.944	-24.796	1.607
-23.778	1.944	-23.291	3.398
-23.778	1.944	-26.492	3.378
-23.778	1.944	-26.485	3.380
-23.778	1.944	-26.429	3.345
-23.778	1.944	-26.485	3.365
-26.485	3.365	-25.962	3.261
-26.485	3.365	-26.095	3.515
-26.485	3.365	-26.329	3.794
-26.485	3.365	-26.577	2.672
-26.485	3.365	-26.371	2.424
-26.485	3.365	-25.767	2.651
-26.485	3.365	-26.396	2.563
-26.485	3.365	-25.241	2.216
-26.485	3.365	-25.368	2.944
-26.485	3.365	-28.144	4.596
-28.144	4.596	-28.037	4.547
-28.144	4.596	-27.877	4.999
-28.144	4.596	-27.772	5.408
-28.144	4.596	-27.813	5.507
-28.144	4.596	-28.170	4.299
-28.144	4.596	-28.055	3.655
-28.144	4.596	-33.392	4.972
-33.392	4.972	-33.064	4.952
-33.392	4.972	-33.174	5.335
-33.392	4.972	-33.290	5.884
-33.392	4.972	-33.386	5.863
-33.392	4.972	-33.394	5.211
-33.392	4.972	-33.376	5.213
-33.392	4.972	-33.342	4.802
-33.392	4.972	-37.212	5.905
-37.212	5.905	-37.067	5.830
-37.212	5.905	-37.161	6.098
-37.212	5.905	-37.248	6.467
-37.212	5.905	-37.410	6.119
-37.212	5.905	-37.255	5.686
-37.212	5.905	-37.213	5.310
-37.212	5.905	-37.115	5.076
-37.212	5.905	-37.448	4.995
-37.212	5.905	-37.972	4.972
-37.212	5.905	-37.764	4.963
-37.212	5.905	-37.342	5.018
-37.212	5.905	-38.504	-5.275
-37.212	5.905	-41.670	6.953
-41.670	6.953	-40.967	6.759
-41.670	6.953	-41.298	6.734
-41.670	6.953	-41.131	7.428
-41.670	6.953	-41.126	5.809
-41.670	6.953	-40.971	6.745
-41.670	6.953	-41.226	7.089
-41.670	6.953	-41.495	7.234
-41.670	6.953	-42.045	6.531
-41.670	6.953	-41.682	6.390
-41.670	6.953	-40.694	5.961
-41.670	6.953	-39.542	4.878
-41.670	6.953	-39.730	4.846
-41.670	6.953	-40.363	4.969
-41.670	6.953	-40.746	5.585
-41.670	6.953	-41.333	6.672
-41.670	6.953	-42.061	6.839
-41.670	6.953	-42.823	6.889
-41.670	6.953	-42.704	6.947
-41.670	6.953	-42.270	6.893
-41.670	6.953	-41.473	6.737
-41.670	6.953	-43.034	6.963
-43.034	6.963	-42.996	6.975
-43.034	6.963	-42.995	7.313
-43.034	6.963	-43.120	6.590
-43.034	6.963	-43.180	6.450
-43.034	6.963	-43.124	6.635
-43.034	6.963	-46.864	7.695
-43.034	6.963	-47.103	7.731
-47.103	7.731	-46.874	7.549
-47.103	7.731	-46.939	8.024
-47.103	7.731	-46.993	8.512
-47.103	7.731	-47.126	8.015
-47.103	7.731	-47.127	7.377
-47.103	7.731	-47.060	6.819
-47.103	7.731	-46.891	6.718
-47.103	7.731	-47.791	7.826
-47.103	7.731	-47.938	7.954
-47.103	7.731	-45.845	7.496
-47.103	7.731	-46.171	7.502
-47.103	7.731	-48.297	7.889
-47.103	7.731	-47.484	7.780
-47.103	7.731	-49.300	8.145

