TRIP
DATE 2026-08-12
DECLINATION 0.0
DATA
0		310.16	-5.77	4.475	>
0		310.11	-5.78	4.471	>
0		310.16	-5.88	4.482	>
0	1	310.14	-5.81	4.476	>
1		143.94	11.48	8.213	>
1		139.83	11.79	6.913	>
1		156.96	12.23	7.984	>
1		154.84	23.85	3.074	>
1		192.88	52.19	4.639	>
1		217.12	55.79	7.973	>
1		258.59	-30.15	6.127	>
1		282.75	-29.15	8.435	>
1		306.23	-24.26	10.595	>
1		311.06	-22.20	13.907	>
1		323.32	-19.93	13.652	>
1		263.50	81.46	4.622	>
1		331.21	1.96	10.936	>
1		332.22	-9.66	11.487	>
1		333.56	-28.38	12.251	>
1		334.91	-41.69	16.596	>
1		120.72	6.02	2.815	>
1		78.45	2.29	5.263	>
1		40.37	3.07	5.623	>
1		31.23	0.66	5.446	>
1		4.44	-5.10	6.743	>
1		358.03	-3.88	9.233	>
1		352.17	-2.50	11.723	>
1		344.68	7.97	13.555	>
1		344.55	-9.73	12.015	>
1		340.39	-11.88	12.120	>
1		336.61	-13.44	12.040	>
1		340.15	-69.31	0.260	>
1		356.65	-50.82	3.391	>
1		358.99	-40.70	0.339	>
1		268.95	-75.54	8.523	>
1		269.04	-75.79	8.537	>
1		268.07	-76.18	6.179	>
1		273.26	-75.05	8.481	>
1		272.92	-75.37	3.659	>
1		272.21	-75.50	3.581	>
1		272.43	-75.37	3.603	>
1		272.11	-75.66	3.616	>
1		272.52	-75.62	3.636	>
1		274.18	-75.25	3.619	>
1	2	272.94	-75.51	3.624	>
2		253.08	-80.66	5.429	>
2		312.80	-73.29	5.574	>
2		326.23	-60.72	6.173	>
2		326.27	-43.24	10.844	>
2		331.63	-37.46	12.737	>
2		335.72	-33.62	14.420	>
2		342.42	77.49	6.471	>
2		15.06	-86.69	11.171	>
2		294.51	-81.01	6.060	>
2		291.56	-79.50	5.458	>
2		291.06	-79.43	5.448	>
2		291.28	-79.33	5.438	>
2	3	291.30	-79.42	5.448	>
3		43.12	26.99	9.155	>
3		49.60	20.63	6.110	>
3		36.61	17.07	8.100	>
3		62.92	-57.93	15.787	>
3		62.96	-57.84	15.789	>
3		63.13	-57.89	15.808	>
3	4	63.00	-57.89	15.795	>
4		340.55	84.96	8.048	>
4		93.36	-86.10	1.323	>
4		244.25	43.07	6.982	>
4		270.37	42.49	9.357	>
4		290.74	37.64	10.718	>
4		319.27	19.59	7.818	>
4		347.30	29.34	6.647	>
4		33.55	27.88	5.348	>
4		57.12	4.51	5.722	>
4		88.66	12.38	4.997	>
4		101.13	12.30	4.823	>
4		109.93	15.70	4.876	>
4		136.79	9.24	5.270	>
4		154.38	7.36	5.218	>
4		209.68	31.35	6.380	>
4		72.09	51.14	8.145	>
4		72.38	50.55	7.661	>
4		66.96	56.58	8.248	>
4		69.88	63.46	8.222	>
4		77.99	69.63	8.651	>
4		114.15	51.77	7.024	>
4		106.14	59.75	8.578	>
4		114.44	53.26	7.162	>
4		92.67	63.13	8.533	>
4		86.58	54.08	15.044	>
4		70.69	-42.08	5.255	>
4		70.64	-42.14	5.267	>
4		70.61	-42.15	5.259	>
4	5	70.64	-42.13	5.260	>
5		242.20	-32.18	3.933	>
5		242.37	-32.37	3.944	>
5	6	242.40	-32.29	3.931	>
6		242.24	-32.42	3.275	>
6		199.17	81.90	0.963	>
6		73.60	-86.54	0.871	>
6		187.59	-31.90	2.613	>
6		151.38	-23.82	3.179	>
6		177.56	-15.51	3.355	>
6		182.80	-21.70	2.627	>

PLAN
STATIONS
0.000	0.000	0
-3.404	2.871	1
-4.310	2.917	2
-5.242	3.280	3
2.240	7.092	4
5.921	8.385	5
2.976	6.845	6
SHOTS
0.000	0.000	-3.404	2.871
-3.404	2.871	1.333	-3.636
-3.404	2.871	0.961	-2.301
-3.404	2.871	-0.350	-4.309
-3.404	2.871	-2.209	0.326
-3.404	2.871	-4.038	0.098
-3.404	2.871	-6.109	-0.703
-3.404	2.871	-8.598	1.823
-3.404	2.871	-10.589	4.496
-3.404	2.871	-11.196	8.579
-3.404	2.871	-13.114	11.328
-3.404	2.871	-11.071	13.163
-3.404	2.871	-4.086	2.793
-3.404	2.871	-8.668	12.449
-3.404	2.871	-8.683	12.889
-3.404	2.871	-8.204	12.521
-3.404	2.871	-8.659	14.094
-3.404	2.871	-0.997	1.441
-3.404	2.871	1.748	3.924
-3.404	2.871	0.233	7.149
-3.404	2.871	-0.580	7.527
-3.404	2.871	-2.884	9.567
-3.404	2.871	-3.720	12.077
-3.404	2.871	-5.000	14.473
-3.404	2.871	-6.951	15.818
-3.404	2.871	-6.558	14.285
-3.404	2.871	-7.385	14.043
-3.404	2.871	-8.053	13.619
-3.404	2.871	-3.435	2.957
-3.404	2.871	-3.529	5.009
-3.404	2.871	-3.409	3.128
-3.404	2.871	-5.532	2.832
-3.404	2.871	-5.499	2.836
-3.404	2.871	-4.879	2.821
-3.404	2.871	-5.588	2.995
-3.404	2.871	-4.327	2.918
-3.404	2.871	-4.310	2.917
-4.310	2.917	-5.152	2.661
-4.310	2.917	-5.486	4.006
-4.310	2.917	-5.988	5.427
-4.310	2.917	-8.696	9.487
-4.310	2.917	-9.113	11.813
-4.310	2.917	-9.247	13.862
-4.310	2.917	-4.733	4.253
-4.310	2.917	-4.142	3.540
-4.310	2.917	-5.171	3.310
-4.310	2.917	-5.242	3.280
-5.242	3.280	0.334	9.235
-5.242	3.280	-0.887	6.986
-5.242	3.280	-0.624	9.496
-5.242	3.280	2.240	7.092
2.240	7.092	2.004	7.759
2.240	7.092	2.330	7.086
2.240	7.092	-2.354	4.875
2.240	7.092	-4.660	7.137
2.240	7.092	-5.698	10.097
2.240	7.092	-2.566	12.673
2.240	7.092	0.966	12.744
2.240	7.092	4.853	11.031
2.240	7.092	7.031	10.188
2.240	7.092	7.119	7.206
2.240	7.092	6.864	6.182
2.240	7.092	6.653	5.491
2.240	7.092	5.801	3.300
2.240	7.092	4.478	2.425
2.240	7.092	-0.458	2.358
2.240	7.092	7.102	8.663
2.240	7.092	6.879	8.565
2.240	7.092	6.420	8.870
2.240	7.092	5.689	8.355
2.240	7.092	5.186	7.719
2.240	7.092	6.206	5.313
2.240	7.092	6.391	5.890
2.240	7.092	6.140	5.319
2.240	7.092	6.093	6.912
2.240	7.092	11.050	7.618
2.240	7.092	5.921	8.385
5.921	8.385	2.976	6.845
2.976	6.845	0.529	5.557
2.976	6.845	2.931	6.717
2.976	6.845	3.026	6.860
2.976	6.845	2.683	4.646
2.976	6.845	4.369	4.292
2.976	6.845	3.113	3.615
2.976	6.845	2.857	4.407
POLYLINE BLUE
1.423	-3.837
1.265	-3.155
1.322	-3.275
1.097	-2.704
1.032	-2.541
0.942	-2.387
0.893	-2.218
0.765	-1.772
0.799	-1.697
0.782	-1.306
0.773	-1.086
0.768	-1.401
0.776	-1.131
POLYLINE BLUE
0.876	-1.299
0.849	-1.178
0.831	-1.055
0.796	-0.936
0.769	-0.845
0.732	-0.756
0.691	-0.670
0.510	-0.282
0.318	0.101
0.132	0.486
POLYLINE BLUE
-0.292	-4.431
-0.385	-4.265
-0.492	-4.106
-0.572	-3.933
-0.698	-3.663
-0.779	-3.373
-0.906	-3.103
-1.538	-1.764
-1.449	-1.917
-1.850	-1.272
POLYLINE BLUE
-1.690	-1.353
-2.076	-0.764
-1.929	-1.030
-2.159	-0.571
POLYLINE BLUE
0.205	0.401
-0.711	1.519
POLYLINE BLUE
1.576	2.753
1.668	2.776
POLYLINE BLUE
-2.215	0.310
-2.007	0.281
-1.773	0.236
-1.577	0.344
-1.469	0.404
-1.383	0.490
-1.304	0.586
-1.179	0.740
-1.061	0.899
-0.946	1.060
-0.924	1.090
-0.719	1.423
-0.673	1.494
POLYLINE BLUE
-2.086	-0.657
-2.203	-0.663
-2.120	0.058
-2.276	0.260
-2.345	0.350
-2.468	0.429
-2.574	0.466
-2.857	0.564
-2.924	0.573
-3.175	0.628
POLYLINE BLUE
-2.937	0.485
-3.148	0.555
-3.255	0.543
-3.444	0.429
-3.942	0.129
-3.819	0.218
-4.088	0.010
POLYLINE BLUE
-0.720	3.186
-0.700	3.234
-0.683	3.283
-0.661	3.330
-0.582	3.496
-0.286	3.465
-0.144	3.453
POLYLINE BLUE
-0.322	3.445
0.584	3.717
0.543	3.758
1.470	3.834
1.567	3.842
1.665	3.821
1.762	3.814
POLYLINE BLUE
1.453	6.315
1.451	6.321
POLYLINE BLUE
-2.758	9.608
-2.823	9.681
-2.893	9.750
-2.954	9.828
-2.985	9.867
-3.013	9.911
-3.032	9.957
-3.133	10.205
-3.230	10.456
-3.314	10.710
-3.482	11.216
-3.595	11.740
-3.788	12.237
-4.020	12.834
-4.308	13.409
-4.586	13.987
-5.013	14.874
-4.718	14.084
-4.906	14.612
POLYLINE BLUE
-4.816	14.545
-4.914	14.617
-5.019	14.679
-5.109	14.760
-5.282	14.915
-5.427	15.099
-5.602	15.251
-5.725	15.358
-5.866	15.441
-6.000	15.532
-6.325	15.751
-6.654	15.965
-6.981	16.182
POLYLINE BLUE
-3.744	0.296
-3.749	0.409
-3.743	0.522
-3.760	0.634
-3.802	0.923
-3.852	1.211
-3.922	1.495
-3.987	1.753
-4.224	2.189
-4.147	2.509
-4.017	3.045
-3.831	3.568
-3.715	4.108
-3.570	4.789
-3.535	5.493
-3.366	6.169
-3.189	6.877
-2.794	7.434
-2.735	8.149
-2.716	8.383
-2.725	8.620
-2.735	8.855
-2.772	9.744
-2.797	8.978
-2.775	9.469
POLYLINE BLUE
-10.910	12.783
-9.756	10.780
-11.143	13.054
-9.345	10.659
-6.353	6.675
-9.031	10.047
-6.714	6.658
-6.067	5.712
-6.262	6.328
-5.909	5.602
-5.793	5.362
-5.747	5.095
-5.724	4.832
-5.681	4.332
-5.677	3.829
-5.633	3.329
-5.573	2.630
-5.041	2.206
-4.626	1.638
-4.121	0.947
-5.011	2.193
-4.328	1.191
-4.282	1.124
-4.196	1.074
-4.134	1.029
POLYLINE BLUE
-0.429	9.732
-0.625	9.423
-0.764	9.257
-1.108	9.135
-1.257	9.081
-1.408	9.018
-1.570	9.015
-1.899	9.009
-2.317	9.197
-2.572	9.415
-2.620	9.456
-2.665	9.502
-2.711	9.546
POLYLINE BLUE
0.113	9.128
-0.215	8.646
-0.076	8.868
-0.545	7.922
-0.574	7.863
-0.606	7.772
-0.587	7.701
-0.581	7.676
-0.565	7.641
-0.547	7.623
-0.182	7.228
-0.136	7.101
0.201	6.898
POLYLINE BLUE
-0.680	7.587
-0.703	7.667
-0.833	8.230
-0.960	8.419
-1.231	8.823
-1.207	8.775
-1.507	9.030
POLYLINE RED
-5.846	10.520
-5.799	10.143
-5.783	9.761
-5.704	9.389
-5.512	8.477
-4.853	7.145
-4.471	6.476
-4.265	6.116
-3.996	5.793
-3.719	5.483
-2.787	4.442
-1.806	3.446
-0.849	2.427
POLYLINE RED
-9.965	12.541
-8.146	11.268
-10.036	12.523
-6.558	10.729
-6.342	10.618
-6.173	10.433
-6.004	10.263
POLYLINE RED
-3.850	12.516
-3.792	12.516
-3.733	12.510
-3.675	12.516
-3.451	12.540
-2.997	12.734
-2.907	12.772
-2.591	12.908
-2.451	13.059
-2.111	13.094
-1.851	13.120
-1.589	13.111
-1.328	13.110
-0.944	13.110
-0.119	13.096
0.285	13.028
0.625	12.971
0.960	12.883
1.294	12.798
1.477	12.751
1.655	12.684
1.837	12.630
1.965	12.593
2.100	12.576
2.223	12.524
2.616	12.358
3.000	12.169
3.382	11.979
3.908	11.718
3.924	11.602
4.568	11.367
4.906	11.244
5.267	11.189
5.610	11.080
5.749	11.035
5.967	10.868
6.076	10.792
POLYLINE RED
5.842	3.114
5.627	3.023
5.596	3.029
5.442	2.915
5.245	2.769
5.063	2.601
4.856	2.471
4.480	2.235
4.028	2.083
3.577	2.146
2.691	2.270
1.821	2.485
0.938	2.626
0.475	2.700
-0.093	2.607
-0.451	2.280
-0.606	2.138
-0.713	1.871
-0.796	1.722
POLYLINE RED
6.838	8.633
7.067	8.576
7.287	8.581
7.499	8.690
7.574	8.728
7.643	8.776
7.715	8.819
POLYLINE RED
5.652	3.020
5.718	3.120
5.790	3.216
5.851	3.319
5.992	3.556
6.152	3.784
6.257	4.039
6.412	4.415
6.495	4.817
6.625	5.202
6.641	5.250
6.670	5.293
6.697	5.335
6.731	5.388
6.771	5.437
6.808	5.488
POLYLINE RED
6.513	5.174
6.886	5.988
7.092	6.281
7.213	7.190
7.258	7.530
7.235	7.876
7.229	8.219
7.224	8.487
7.099	8.741
7.024	8.989
7.006	9.048
6.998	9.110
6.984	9.171
POLYLINE RED
5.875	10.664
6.172	10.176
6.468	9.689
6.765	9.201
6.795	9.169
6.821	9.132
6.856	9.105
7.692	8.467
7.014	9.008
7.833	8.473
7.911	8.422
8.207	8.154
8.384	8.105
8.764	8.002
9.145	7.900
9.532	7.823
9.643	7.801
9.758	7.805
9.871	7.810
10.260	7.826
10.647	7.872
11.036	7.887
11.097	7.890
11.159	7.878
11.217	7.861
11.267	7.848
11.312	7.820
11.360	7.799
POLYLINE RED
5.516	5.553
5.746	5.521
POLYLINE RED
6.195	3.958
6.189	4.141
6.189	4.336
6.275	4.504
6.399	4.742
6.771	4.906
7.022	4.935
7.225	4.960
7.435	4.934
7.634	4.979
7.963	5.054
8.278	5.179
8.595	5.293
8.708	5.334
8.812	5.393
8.920	5.443
9.233	5.567
9.538	5.714
9.858	5.816
10.167	5.914
10.489	5.965
10.804	6.040
10.885	6.060
10.965	6.087
11.047	6.102
11.229	6.133
11.316	6.105
11.509	6.082
POLYLINE GREEN
2.585	6.210
2.321	5.797
2.303	5.806
2.110	5.359
2.091	5.317
2.079	5.272
2.073	5.226
2.071	5.211
2.045	4.981
2.070	4.898
2.160	4.601
2.411	4.335
2.598	4.102
2.714	3.959
2.823	3.810
2.945	3.672
3.159	3.431
3.387	3.340
3.693	3.183
3.799	3.129
4.003	3.083
4.124	3.119
4.355	3.188
4.746	3.726
4.753	3.736
4.879	3.912
4.977	4.108
5.065	4.306
5.091	4.364
5.263	4.767
5.235	4.955
5.232	4.978
5.226	5.001
5.219	5.023
5.105	5.345
5.040	5.389
4.754	5.654
4.507	5.882
4.334	6.068
4.057	6.212
4.012	6.235
3.964	6.250
3.917	6.270
POLYLINE BLUE
-6.592	-0.372
-6.628	-0.239
POLYLINE BLUE
-3.945	12.439
-4.726	12.990
-5.077	13.308
-5.929	13.672
-6.617	13.966
-7.253	14.274
-7.991	14.315
-8.134	14.323
-8.483	14.310
-8.662	14.253
-9.450	14.001
-9.118	14.040
-10.051	13.676
-10.462	13.516
-10.822	13.513
-11.267	13.434
-11.362	13.417
-11.552	13.285
-11.588	13.252
-11.964	12.909
-12.319	12.544
-12.685	12.190
-12.829	12.051
-12.875	12.028
-12.968	11.876
-13.067	11.717
-13.064	11.500
-13.031	11.323
-12.989	11.104
-12.769	10.811
-12.685	10.699
-12.449	10.382
-12.146	10.116
-11.931	9.784
-11.874	9.696
-11.151	8.527
-11.027	7.976
-10.812	7.022
-10.931	6.710
-10.879	5.487
-10.875	5.387
-10.852	5.288
-10.827	5.192
-10.705	4.723
-10.657	4.435
-10.430	4.060
-10.264	3.787
-10.006	3.602
-9.758	3.405
-9.636	3.308
-9.491	3.241
-9.374	3.137
-8.932	2.745
-8.790	2.209
-8.450	1.717
-8.085	1.188
-7.472	0.858
-6.983	0.485
-6.944	0.455
-6.907	0.420
-6.882	0.378
-6.239	-0.705
-6.729	0.016
-6.481	-0.344
POLYLINE BLUE
-6.452	13.914
-6.454	13.993
-6.450	14.073
-6.458	14.151
-6.493	14.480
-6.858	15.152
-6.887	15.211
-6.914	15.267
-7.012	15.411
-7.077	15.460
-7.736	15.960
-7.378	15.639
-7.641	15.880
POLYLINE BLUE
-5.934	-0.495
-5.652	-0.306
-5.704	-0.329
-5.205	-0.139
-5.110	-0.103
-5.006	-0.097
-4.910	-0.065
-4.837	-0.040
-4.772	0.005
-4.701	0.033
-4.670	0.046
-4.638	0.053
-4.605	0.058
-4.304	0.102
-4.347	0.091
-4.056	0.077
POLYLINE BLUE
-6.581	-0.280
-6.516	-0.478
-6.539	-0.521
-6.628	-0.717
-6.639	-0.742
-6.655	-0.764
-6.667	-0.789
-6.695	-0.852
-6.719	-0.916
-6.746	-0.979
POLYLINE BLUE
-5.806	-0.479
-6.061	-0.761
-6.008	-0.678
-6.250	-1.137
-6.278	-1.190
-6.292	-1.250
-6.312	-1.307
POLYLINE BLUE
-0.742	1.535
-0.796	2.020
-0.820	2.112
-0.772	2.729
-0.734	3.210
-0.627	3.685
-0.600	4.167
-0.573	4.655
-0.604	5.146
-0.608	5.635
-0.609	5.820
-0.629	6.006
-0.615	6.191
-0.517	7.488
-0.433	6.335
-0.617	7.695
POLYLINE BLUE
-6.582	-0.106
-6.484	-0.176
-6.451	-0.211
-6.347	-0.252
-6.319	-0.262
-6.290	-0.271
-6.261	-0.275
-5.833	-0.344
-5.959	-0.338
-5.641	-0.320
POLYLINE BLUE
0.013	6.942
0.065	6.948
0.118	6.950
0.169	6.959
0.357	6.992
0.470	7.146
0.572	7.289
1.092	8.022
0.923	7.738
1.242	8.358
POLYLINE BLUE
2.138	8.061
2.137	8.034
2.140	8.007
2.134	7.981
2.122	7.926
2.107	7.871
2.085	7.818
1.944	7.478
1.797	7.141
1.644	6.805
1.624	6.761
1.444	6.468
1.414	6.314
1.403	6.255
1.404	6.188
1.416	6.129
1.425	6.083
1.438	6.039
1.452	5.994
1.455	5.983
1.460	5.971
1.466	5.961
1.499	5.913
1.530	5.864
1.569	5.821
1.620	5.765
1.717	5.677
1.798	5.645
2.017	5.557
2.163	5.547
2.418	5.522
2.494	5.514
2.571	5.522
2.647	5.513
2.816	5.493
2.821	5.483
2.942	5.430
POLYLINE BLUE
1.577	3.841
1.986	3.767
1.758	3.789
2.388	3.832
2.596	3.847
2.390	3.844
2.499	3.844

ELEVATION
STATIONS
0.000	0.000	0
-3.404	-0.453	1
-4.310	-3.962	2
-5.242	-9.317	3
2.240	-22.695	4
5.921	-26.223	5
2.976	-28.324	6
SHOTS
0.000	0.000	-3.404	-0.453
-3.404	-0.453	1.333	1.181
-3.404	-0.453	0.961	0.959
-3.404	-0.453	-0.350	1.239
-3.404	-0.453	-2.209	0.790
-3.404	-0.453	-4.038	3.212
-3.404	-0.453	-6.109	6.141
-3.404	-0.453	-8.598	-3.530
-3.404	-0.453	-10.589	-4.562
-3.404	-0.453	-11.196	-4.807
-3.404	-0.453	-13.114	-5.707
-3.404	-0.453	-11.071	-5.107
-3.404	-0.453	-4.086	4.118
-3.404	-0.453	-8.668	-0.080
-3.404	-0.453	-8.683	-2.380
-3.404	-0.453	-8.204	-6.277
-3.404	-0.453	-8.659	-11.492
-3.404	-0.453	-0.997	-0.158
-3.404	-0.453	1.748	-0.243
-3.404	-0.453	0.233	-0.152
-3.404	-0.453	-0.580	-0.390
-3.404	-0.453	-2.884	-1.053
-3.404	-0.453	-3.720	-1.078
-3.404	-0.453	-5.000	-0.964
-3.404	-0.453	-6.951	1.425
-3.404	-0.453	-6.558	-2.483
-3.404	-0.453	-7.385	-2.947
-3.404	-0.453	-8.053	-3.251
-3.404	-0.453	-3.435	-0.696
-3.404	-0.453	-3.529	-3.082
-3.404	-0.453	-3.409	-0.674
-3.404	-0.453	-5.532	-8.706
-3.404	-0.453	-5.499	-8.729
-3.404	-0.453	-4.879	-6.453
-3.404	-0.453	-5.588	-8.647
-3.404	-0.453	-4.327	-3.993
-3.404	-0.453	-4.310	-3.962
-4.310	-3.962	-5.152	-9.319
-4.310	-3.962	-5.486	-9.300
-4.310	-3.962	-5.988	-9.346
-4.310	-3.962	-8.696	-11.391
-4.310	-3.962	-9.113	-11.709
-4.310	-3.962	-9.247	-11.946
-4.310	-3.962	-4.733	2.356
-4.310	-3.962	-4.142	-15.114
-4.310	-3.962	-5.171	-9.947
-4.310	-3.962	-5.242	-9.317
-5.242	-9.317	0.334	-5.162
-5.242	-9.317	-0.887	-7.164
-5.242	-9.317	-0.624	-6.940
-5.242	-9.317	2.240	-22.695
2.240	-22.695	2.004	-14.678
2.240	-22.695	2.330	-24.015
2.240	-22.695	-2.354	-17.927
2.240	-22.695	-4.660	-16.375
2.240	-22.695	-5.698	-16.150
2.240	-22.695	-2.566	-20.073
2.240	-22.695	0.966	-19.438
2.240	-22.695	4.853	-20.194
2.240	-22.695	7.031	-22.245
2.240	-22.695	7.119	-21.624
2.240	-22.695	6.864	-21.668
2.240	-22.695	6.653	-21.375
2.240	-22.695	5.801	-21.848
2.240	-22.695	4.478	-22.026
2.240	-22.695	-0.458	-19.376
2.240	-22.695	7.102	-16.353
2.240	-22.695	6.879	-16.779
2.240	-22.695	6.420	-15.811
2.240	-22.695	5.689	-15.339
2.240	-22.695	5.186	-14.585
2.240	-22.695	6.206	-17.177
2.240	-22.695	6.391	-15.285
2.240	-22.695	6.140	-16.956
2.240	-22.695	6.093	-15.083
2.240	-22.695	11.050	-10.512
2.240	-22.695	5.921	-26.223
5.921	-26.223	2.976	-28.324
2.976	-28.324	0.529	-30.079
2.976	-28.324	2.931	-27.370
2.976	-28.324	3.026	-29.193
2.976	-28.324	2.683	-29.705
2.976	-28.324	4.369	-29.607
2.976	-28.324	3.113	-29.221
2.976	-28.324	2.857	-29.295
POLYLINE BLACK
-0.300	-7.500
-0.168	-7.438

