TRIP
DATE 2025-08-26
DECLINATION 0.0
DATA
0		92.04	-15.69	2.914	>
0		91.88	-15.78	2.916	>
0		92.14	-15.77	2.912	>
0	1	92.02	-15.74	2.914	>
1		347.19	-12.67	2.404	>
1		347.21	-12.60	2.401	>
1		347.24	-12.54	2.400	>
1	2	347.21	-12.60	2.402	>
2		30.49	-38.54	2.277	>
2		30.75	-38.40	2.283	>
2		30.65	-38.33	2.279	>
2	3	30.63	-38.42	2.280	>
3		65.47	-35.18	6.812	>
3		65.86	-34.92	6.820	>
3		65.84	-34.91	6.822	>
3		38.46	-10.39	2.101	>
3		138.64	1.79	1.615	>
3		164.16	4.00	6.911	>
3		184.53	9.18	1.892	>
3		225.84	16.31	1.125	>
3		223.74	68.04	4.104	>
3		66.12	-71.95	1.371	>
3		65.91	-35.00	6.820	>
3		65.99	-34.96	6.822	>
3		65.98	-34.83	6.819	>
3	4	65.96	-34.93	6.820	>
4		318.88	-7.00	1.455	>
4		357.95	-17.81	3.313	>
4		68.63	-4.48	1.419	>
4		349.82	-15.78	3.878	>
4		336.06	-16.72	3.603	>
4		340.59	-15.86	5.187	>
4		340.42	-15.67	5.176	>
4		340.58	-15.74	5.187	>
4	5	340.53	-15.76	5.183	>
5		130.38	0.05	1.137	>
5		68.45	72.37	0.775	>
5		23.28	11.15	1.260	>
5		88.37	-35.98	0.394	>
5		112.21	1.33	3.932	>
5		112.19	1.38	3.936	>
5		112.19	1.38	3.931	>
5	6	112.20	1.37	3.933	>
6		341.34	17.63	1.522	>
6		6.14	71.65	1.304	>
6		253.80	-6.34	1.000	>
6		40.31	28.48	1.484	>
6		9.27	34.69	3.310	>
6		9.27	34.90	3.301	>
6		8.99	34.86	3.304	>
6	7	9.18	34.82	3.305	>
7		118.52	-6.20	1.970	>
7		99.35	-58.88	2.726	>
7		96.99	-80.51	1.222	>
7		170.44	-4.94	2.462	>
7		189.95	27.53	3.233	>
7		240.22	-3.45	1.027	>
7		298.53	-1.51	0.832	>
7		12.66	-2.97	0.957	>
7		338.82	-6.88	7.393	>

PLAN
STATIONS
0.000	0.000	0
2.803	-0.099	1
2.284	2.187	2
3.194	3.724	3
8.301	6.002	4
6.638	10.705	5
10.278	9.220	6
10.711	11.898	7
SHOTS
0.000	0.000	2.803	-0.099
2.803	-0.099	2.284	2.187
2.284	2.187	3.194	3.724
3.194	3.724	4.479	5.342
3.194	3.724	4.261	2.512
3.194	3.724	5.076	-2.908
3.194	3.724	3.047	1.862
3.194	3.724	2.419	2.972
3.194	3.724	2.133	2.615
3.194	3.724	3.582	3.896
3.194	3.724	8.301	6.002
8.301	6.002	7.351	7.090
8.301	6.002	8.188	9.154
8.301	6.002	9.618	6.517
8.301	6.002	7.641	9.675
8.301	6.002	6.901	9.156
8.301	6.002	6.638	10.705
6.638	10.705	7.504	9.968
6.638	10.705	6.856	10.791
6.638	10.705	7.127	11.841
6.638	10.705	6.957	10.714
6.638	10.705	10.278	9.220
10.278	9.220	9.814	10.594
10.278	9.220	10.322	9.628
10.278	9.220	9.324	8.942
10.278	9.220	11.122	10.214
10.278	9.220	10.711	11.898
10.711	11.898	12.432	10.963
10.711	11.898	12.101	11.669
10.711	11.898	10.911	11.874
10.711	11.898	11.119	9.479
10.711	11.898	10.215	9.074
10.711	11.898	9.821	11.389
10.711	11.898	9.980	12.295
10.711	11.898	10.921	12.831
10.711	11.898	8.059	18.742
POLYLINE BLACK
2.132	2.270
2.207	2.003
2.235	1.954
2.219	1.599
2.213	1.448
2.176	1.300
2.146	1.152
2.127	1.056
2.075	0.963
2.003	0.896
1.858	0.763
1.744	0.744
1.538	0.709
1.461	0.696
1.356	0.684
1.279	0.722
1.137	0.792
0.936	1.090
0.895	1.137
0.860	1.176
0.819	1.210
0.781	1.246
POLYLINE BLACK
0.087	-1.844
0.237	-1.813
0.396	-1.808
0.538	-1.751
1.039	-1.551
1.323	-1.338
1.760	-1.081
2.271	-0.781
1.687	-1.195
2.560	-0.545
2.579	-0.531
2.595	-0.514
2.608	-0.494
2.778	-0.230
2.893	-0.051
2.963	0.261
3.003	0.440
3.028	0.937
3.026	1.130
3.023	1.431
2.982	1.401
3.024	1.635
3.032	1.681
3.035	1.731
3.060	1.770
3.079	1.800
3.119	1.809
3.149	1.829
POLYLINE BLACK
0.753	-0.763
0.772	-0.759
POLYLINE BLACK
-7.800	6.643
-7.800	6.643
POLYLINE BLACK
4.382	5.482
4.181	5.483
4.097	5.503
3.924	5.453
3.706	5.390
3.522	5.235
3.364	5.079
3.165	4.883
2.962	4.691
2.778	4.482
2.543	4.217
2.346	3.677
2.239	3.423
2.224	3.386
2.216	3.346
2.212	3.306
2.179	2.975
2.156	2.642
2.128	2.310
POLYLINE BLACK
3.155	3.642
3.145	3.616
3.095	3.511
3.098	3.461
3.109	3.246
3.128	3.141
3.210	2.935
3.292	2.731
3.384	2.532
3.475	2.332
3.565	2.133
3.506	2.323
3.560	2.116
POLYLINE BLACK
2.949	1.573
3.368	2.042
3.187	1.871
3.462	2.117
POLYLINE BLACK
3.304	1.897
3.343	1.925
POLYLINE BLACK
3.606	2.107
3.829	2.214
4.473	2.450
4.799	2.714
4.885	2.783
4.904	2.871
5.009	2.941
5.171	3.048
5.407	3.159
5.593	3.191
6.040	3.268
6.707	3.194
7.115	3.201
7.210	3.203
7.304	3.229
7.397	3.250
7.591	3.292
7.704	3.411
7.812	3.573
7.997	3.849
8.119	4.013
8.223	4.302
8.241	4.352
8.257	4.404
8.259	4.457
8.304	5.328
8.307	5.213
8.279	5.668
POLYLINE BLACK
8.188	5.615
8.205	5.674
8.187	5.840
8.252	5.915
8.332	6.006
8.467	6.005
8.576	5.995
8.658	5.987
8.740	5.968
8.822	5.966
8.929	5.962
9.076	5.969
9.175	6.029
9.324	6.119
9.451	6.274
9.571	6.382
9.664	6.466
9.725	6.481
9.779	6.595
9.816	6.671
9.835	6.779
9.839	6.856
9.850	7.052
9.872	7.414
9.821	7.647
9.809	7.702
9.788	7.755
9.764	7.806
9.667	8.004
9.611	8.077
9.459	8.234
9.272	8.429
9.094	8.633
8.889	8.808
8.762	8.917
8.612	8.995
8.469	9.081
8.432	9.103
8.390	9.117
8.348	9.131
8.315	9.138
8.283	9.145
8.250	9.152
8.248	9.154
8.241	9.155
8.242	9.158
8.252	9.175
8.268	9.188
8.280	9.203
POLYLINE BLACK
4.380	5.422
4.437	5.384
4.459	5.359
4.518	5.343
4.562	5.331
4.658	5.325
4.699	5.348
5.614	5.887
6.523	6.437
7.434	6.981
POLYLINE BLACK
6.792	9.129
7.054	7.910
6.870	8.658
7.312	7.200
7.317	7.184
7.319	7.167
7.323	7.151
7.340	7.101
7.357	7.050
7.374	7.000
POLYLINE BLACK
7.639	9.748
8.263	9.266
8.003	9.419
8.373	9.216
POLYLINE BLACK
7.921	7.236
8.640	7.159
7.987	7.213
8.579	7.201
8.603	7.200
8.626	7.196
8.648	7.188
8.813	7.135
8.898	7.130
8.888	6.956
8.886	6.922
8.882	6.889
8.874	6.856
8.851	6.764
8.814	6.598
8.718	6.537
8.593	6.459
8.316	6.645
8.251	6.666
8.165	6.695
8.074	6.701
7.985	6.722
7.979	6.723
7.973	6.728
7.967	6.732
7.901	6.782
7.935	6.960
7.938	6.986
7.949	7.117
7.989	7.190
8.041	7.310
POLYLINE BLACK
8.032	7.240
8.144	7.083
8.256	6.925
8.369	6.768
8.377	6.749
8.387	6.732
8.393	6.713
8.410	6.653
8.423	6.592
8.438	6.531
POLYLINE BLACK
6.786	9.033
6.646	9.307
6.646	9.298
6.601	9.547
POLYLINE BLACK
6.723	9.159
6.560	9.683
6.684	9.236
6.574	9.793
6.520	10.063
6.505	9.835
6.514	10.275
6.517	10.435
6.526	10.792
6.607	10.988
6.690	11.192
6.727	11.368
6.874	11.502
POLYLINE BLACK
6.849	11.416
6.855	11.452
6.860	11.489
6.868	11.525
6.887	11.604
7.075	11.813
7.091	11.834
POLYLINE BLACK
7.837	9.727
7.772	9.753
POLYLINE BLACK
7.767	9.723
7.755	9.730
7.531	9.854
7.589	9.909
7.606	9.925
7.641	9.933
7.660	9.936
7.798	9.961
7.941	9.874
8.050	9.803
8.185	9.716
8.312	9.619
8.447	9.534
8.542	9.473
8.648	9.428
8.741	9.363
8.853	9.285
9.068	9.065
9.245	9.004
9.402	8.951
9.535	8.919
9.696	8.923
9.859	8.927
10.180	9.009
10.273	9.033
10.325	9.047
10.406	9.084
10.453	9.119
10.511	9.163
10.493	9.161
10.537	9.206
10.565	9.233
10.594	9.259
10.622	9.286
POLYLINE BLACK
7.033	11.797
7.024	11.781
POLYLINE BLACK
7.014	11.742
7.589	11.900
6.710	11.652
7.335	11.850
7.408	11.873
7.488	11.882
7.564	11.878
7.705	11.870
7.999	11.751
8.039	11.732
8.423	11.552
8.803	11.363
9.171	11.153
9.899	10.736
9.496	10.856
9.891	10.697
POLYLINE BLACK
10.490	9.148
10.613	9.269
10.831	9.462
10.930	9.625
11.060	9.836
11.170	10.059
11.290	10.276
POLYLINE BLACK
11.202	10.326
11.524	10.567
11.964	10.551
12.290	10.774
12.363	10.823
12.423	10.884
12.477	10.953
12.524	11.014
12.543	11.110
12.542	11.183
12.538	11.373
12.506	11.599
12.375	11.749
12.323	11.808
12.158	11.941
12.128	11.966
POLYLINE BLACK
9.848	10.691
9.680	11.412
9.827	10.722
9.713	11.448
9.705	11.499
9.689	11.549
9.677	11.600
POLYLINE BLACK
9.798	12.712
10.242	12.658
10.198	12.653
10.781	12.654
10.847	12.654
10.961	12.683
11.024	12.712
11.055	12.727
11.085	12.746
11.113	12.767
11.297	12.911
11.309	12.969
11.386	13.183
POLYLINE BLACK
12.354	11.856
12.312	11.877
12.269	11.894
12.229	11.919
12.124	11.982
12.012	12.135
11.965	12.217
11.762	12.572
11.584	12.941
11.394	13.304
POLYLINE BLACK
9.637	11.492
9.672	11.542
9.713	11.588
9.742	11.642
9.840	11.829
9.872	11.990
9.859	12.199
9.850	12.359
9.805	12.385
9.781	12.557
9.771	12.621
9.777	12.686
9.775	12.751
POLYLINE BLACK
11.473	13.129
11.300	14.609
11.436	13.994
10.350	16.304
10.025	16.996
9.398	18.469
8.592	19.043
8.204	19.319
7.704	19.174
7.603	18.690
7.544	18.402
7.578	17.922
7.680	17.661
8.135	16.504
8.665	15.376
9.125	14.220
10.167	11.603
9.095	13.968
9.698	12.662
POLYLINE BLACK
24.224	-11.831
24.158	-11.832
POLYLINE BLACK
24.224	-11.698
24.034	-11.619
24.068	-11.690
24.068	-11.521

ELEVATION
STATIONS
0.000	0.000	0
2.803	-0.790	1
2.284	-1.314	2
3.194	-2.731	3
8.301	-6.636	4
6.638	-8.044	5
10.278	-7.950	6
10.711	-6.063	7
SHOTS
0.000	0.000	2.803	-0.790
2.803	-0.790	2.284	-1.314
2.284	-1.314	3.194	-2.731
3.194	-2.731	4.479	-3.110
3.194	-2.731	4.261	-2.681
3.194	-2.731	5.076	-2.249
3.194	-2.731	3.047	-2.429
3.194	-2.731	2.419	-2.415
3.194	-2.731	2.133	1.075
3.194	-2.731	3.582	-4.035
3.194	-2.731	8.301	-6.636
8.301	-6.636	7.351	-6.813
8.301	-6.636	8.188	-7.650
8.301	-6.636	9.618	-6.747
8.301	-6.636	7.641	-7.691
8.301	-6.636	6.901	-7.673
8.301	-6.636	6.638	-8.044
6.638	-8.044	7.504	-8.043
6.638	-8.044	6.856	-7.305
6.638	-8.044	7.127	-7.800
6.638	-8.044	6.957	-8.275
6.638	-8.044	10.278	-7.950
10.278	-7.950	9.814	-7.489
10.278	-7.950	10.322	-6.712
10.278	-7.950	9.324	-8.061
10.278	-7.950	11.122	-7.242
10.278	-7.950	10.711	-6.063
10.711	-6.063	12.432	-6.276
10.711	-6.063	12.101	-8.397
10.711	-6.063	10.911	-7.268
10.711	-6.063	11.119	-6.275
10.711	-6.063	10.215	-4.569
10.711	-6.063	9.821	-6.125
10.711	-6.063	9.980	-6.085
10.711	-6.063	10.921	-6.113
10.711	-6.063	8.059	-6.949

