TRIP
DATE 2025-08-15
DECLINATION 0.0
DATA
0		254.62	-2.16	0.285	>
0		189.48	-38.42	1.755	>
0		229.02	58.19	0.357	>
0		50.56	-0.05	0.429	>
0		337.68	-12.19	1.733	>
0		337.68	-12.11	1.735	>
0		337.45	-12.32	1.728	>
0	1	337.60	-12.21	1.732	>
1		228.23	2.01	0.373	>
1		159.69	-80.70	2.023	>
1		293.68	77.45	2.603	>
1		277.87	-1.27	2.158	>
1		277.97	-1.22	2.154	>
1		278.14	-1.11	2.153	>
1	2	277.99	-1.20	2.155	>
2		61.55	-2.58	1.228	>
2		61.42	-60.97	1.270	>
2		8.94	80.40	2.763	>
2		21.24	-22.65	1.640	>
2		21.09	-23.07	1.637	>
2		21.03	-22.85	1.643	>
2	3	21.12	-22.86	1.640	>
3		237.45	0.21	0.546	>
3		195.26	68.44	4.619	>
3		176.98	-80.76	1.685	>
3		286.41	11.55	1.878	>
3		286.48	11.59	1.878	>
3		286.55	11.72	1.879	>
3	4	286.48	11.62	1.878	>
4		181.54	0.37	0.223	>
4		221.80	-81.82	1.550	>
4		120.67	77.90	4.249	>
4		246.18	37.61	3.531	>
4		246.31	37.56	3.519	>
4		246.27	37.52	3.517	>
4	5	246.25	37.56	3.522	>
5		308.66	3.61	1.925	>
5		351.25	0.55	2.670	>
5		321.44	1.72	2.360	>
5		39.91	-13.65	1.532	>
5		36.35	-76.02	1.137	>
5		10.71	70.68	9.706	>
5		326.15	66.85	10.912	>
5		326.35	66.92	10.920	>
5		326.45	66.88	10.860	>
5	6	326.32	66.88	10.897	>
6		326.33	66.99	10.921	>
6		326.11	67.08	10.921	>
6		326.15	67.06	10.918	>
6		226.38	21.45	1.331	>
6		184.28	12.01	1.271	>
6		316.30	45.45	2.304	>
6		316.08	45.52	2.342	>
6	7	316.10	45.44	2.307	>
7		353.00	21.74	1.767	>
7		30.74	25.37	2.392	>
7		95.70	37.35	1.338	>
7		159.45	20.15	0.833	>
7		305.43	68.23	9.804	>
7		305.24	68.31	9.807	>
7		305.38	68.27	9.799	>
7	8	305.35	68.27	9.803	>
8		115.93	-16.23	1.178	>
8		157.28	2.49	1.971	>
8		153.33	49.35	5.895	>
8		272.65	6.22	2.368	>
8		204.26	65.07	2.426	>
8		224.87	2.73	3.238	>
8		225.27	1.87	3.379	>
8		225.35	1.75	3.357	>
8		225.41	1.87	3.381	>
8	9	225.34	1.83	3.372	>
9		296.56	3.78	0.599	>
9		237.47	-74.59	0.523	>
9		300.79	75.17	0.829	>
9		225.49	17.49	5.823	>
9		225.38	17.56	5.834	>
9		225.37	17.45	5.829	>
9	10	225.42	17.50	5.829	>
10		306.52	16.94	2.545	>
10		251.26	7.49	5.772	>
10		232.54	11.29	7.709	>
10		331.09	-84.51	1.459	>
10		65.30	-17.73	4.806	>
10		355.16	82.92	1.667	>
10		234.34	9.24	5.137	>
10		234.41	9.27	5.135	>
10		234.43	9.07	5.129	>
10	11	234.39	9.20	5.134	>
11		241.47	28.98	3.178	>
11		316.18	36.58	4.028	>
11		267.07	29.33	11.452	>
11		267.03	29.46	11.470	>
11		267.03	29.40	11.466	>
11		131.34	57.67	6.459	>
11		131.26	57.67	6.457	>
11		131.09	57.54	6.445	>
11	12	267.04	29.40	11.463	>
12		134.38	-0.32	1.236	>
12		178.24	19.84	1.601	>
12		219.80	17.34	1.808	>
12		38.70	-7.93	4.698	>
12		74.78	-75.87	1.171	>
12		9.68	72.00	2.989	>
12		272.73	-24.10	3.976	>
12		272.76	-24.10	3.960	>
12		272.78	-23.96	3.982	>
12	13	272.76	-24.05	3.973	>
13		214.96	45.79	2.808	>
13		302.58	23.46	2.150	>
13		59.22	-1.32	2.147	>
13		28.61	-16.86	8.077	>
13		335.25	18.54	9.244	>
13		335.25	18.50	9.242	>
13		335.21	18.50	9.243	>
13		17.17	-16.22	11.251	>
13		17.15	-16.17	11.260	>
13		17.20	-16.07	11.260	>
13	14	335.24	18.51	9.243	>
14		16.96	-16.08	11.260	>
14		16.90	-16.03	11.259	>
14		16.97	-16.08	11.267	>
13	13.1	17.17	-16.15	11.257	>
13.1		305.98	23.43	0.637	>
13.1		107.38	4.20	0.994	>
13.1		225.92	79.29	0.917	>
13.1		23.96	8.80	1.952	>
13.1		23.98	8.79	1.948	>
13.1		23.98	8.83	1.947	>
13.1	13.2	23.97	8.81	1.949	>
13.2		323.88	-20.43	3.793	>
13.2		323.97	-20.37	4.270	>
13.2		324.15	-20.49	4.259	>
13.2		323.90	-20.34	2.403	>
13.2		323.94	-20.39	2.396	>
13.2		117.52	-0.64	0.532	>
13.2		269.85	3.67	1.347	>
13.2		221.80	20.95	2.799	>
13.2		98.28	-77.99	0.556	>
13.2	13.3	323.98	-20.47	2.352	>
13.3		25.44	-8.13	2.750	>
13.3		25.53	-8.10	2.761	>
13.3		25.58	-8.16	2.707	>
13.3		245.78	-0.97	1.401	>
13.3		186.76	69.96	0.555	>
13.3		306.03	-4.61	1.857	>
13.3		306.06	-4.53	1.857	>
13.3		306.07	-4.53	1.857	>
13.3	13.4	25.36	-7.94	2.734	>
13.4	13.5	306.00	0.00	1.800	>
11	11.1	131.23	57.63	6.454	>
11.1		241.46	-10.44	2.211	>
11.1		186.81	-39.58	2.195	>
11.1		349.70	1.41	1.061	>
11.1		72.29	-12.20	2.473	>
11.1		72.38	-12.07	2.448	>
11.1		69.33	2.74	2.197	>
11.1		69.64	2.62	2.205	>
11.1	11.2	72.34	-11.90	2.490	>
11.2		69.53	2.72	2.199	>
11.2	11.3	69.50	2.69	2.200	>
11.3		69.63	2.55	2.210	>
11.3		69.64	2.48	2.203	>
11.3		159.37	-1.63	0.604	>
11.3		232.05	-82.86	1.003	>
11.3		284.46	66.04	1.051	>
11.3		61.79	44.57	2.844	>
11.3		62.14	44.22	2.847	>
11.3		61.94	44.20	2.843	>
11.3	11.4	61.96	44.33	2.845	>
11.4		71.87	-12.67	1.631	>
11.4		216.28	-81.13	1.109	>
11.4		344.88	-7.83	1.523	>
11.4		158.68	1.49	2.481	>
11.4		158.85	1.25	2.478	>
11.4		158.78	1.51	2.476	>
11.4	11.5	158.77	1.42	2.478	>
11.5		70.37	11.01	3.907	>
11.5		70.07	11.24	3.902	>
11.5		69.94	11.29	3.895	>
11.5	11.6	70.12	11.18	3.901	>
11.6		105.66	11.79	4.592	>
11.6		105.56	12.02	4.599	>
11.6		105.73	12.01	4.588	>
11.6	11.7	105.65	11.94	4.593	>

PLAN
STATIONS
0.000	0.000	0
-0.645	1.565	1
-2.779	1.865	2
-2.234	3.274	3
-3.998	3.796	4
-6.554	2.672	5
-8.927	6.232	6
-10.049	7.398	7
-13.010	9.498	8
-15.407	7.129	9
-19.367	3.227	10
-23.487	0.277	11
-33.460	-0.239	12
-37.084	-0.064	13
-40.755	7.894	14
-33.891	10.266	13.1
-33.109	12.026	13.2
-34.405	13.808	13.3
-33.245	16.255	13.4
-34.701	17.313	13.5
-20.888	-2.001	11.1
-18.566	-1.262	11.2
-16.508	-0.492	11.3
-14.712	0.465	11.4
-13.814	-1.844	11.5
-10.215	-0.543	11.6
-5.888	-1.756	11.7
SHOTS
0.000	0.000	-0.275	-0.076
0.000	0.000	-0.226	-1.356
0.000	0.000	-0.142	-0.123
0.000	0.000	0.331	0.273
0.000	0.000	-0.645	1.565
-0.645	1.565	-0.923	1.317
-0.645	1.565	-0.532	1.259
-0.645	1.565	-1.163	1.792
-0.645	1.565	-2.779	1.865
-2.779	1.865	-1.700	2.449
-2.779	1.865	-2.238	2.159
-2.779	1.865	-2.707	2.320
-2.779	1.865	-2.234	3.274
-2.234	3.274	-2.694	2.981
-2.234	3.274	-2.681	1.637
-2.234	3.274	-2.220	3.004
-2.234	3.274	-3.998	3.796
-3.998	3.796	-4.004	3.573
-3.998	3.796	-4.145	3.632
-3.998	3.796	-3.232	3.342
-3.998	3.796	-6.554	2.672
-6.554	2.672	-8.054	3.872
-6.554	2.672	-6.960	5.311
-6.554	2.672	-8.024	4.517
-6.554	2.672	-5.599	3.814
-6.554	2.672	-6.391	2.893
-6.554	2.672	-5.957	5.828
-6.554	2.672	-8.927	6.232
-8.927	6.232	-9.824	5.377
-8.927	6.232	-9.020	4.992
-8.927	6.232	-10.043	7.400
-8.927	6.232	-10.065	7.414
-8.927	6.232	-10.049	7.398
-10.049	7.398	-10.249	9.027
-10.049	7.398	-8.945	9.256
-10.049	7.398	-8.991	7.292
-10.049	7.398	-9.775	6.666
-10.049	7.398	-13.010	9.498
-13.010	9.498	-11.993	9.004
-13.010	9.498	-12.249	7.682
-13.010	9.498	-11.286	6.067
-13.010	9.498	-15.361	9.607
-13.010	9.498	-13.430	8.566
-13.010	9.498	-15.291	7.206
-13.010	9.498	-15.407	7.129
-15.407	7.129	-15.942	7.396
-15.407	7.129	-15.524	7.054
-15.407	7.129	-15.590	7.238
-15.407	7.129	-19.367	3.227
-19.367	3.227	-21.323	4.676
-19.367	3.227	-24.786	1.389
-19.367	3.227	-25.368	-1.371
-19.367	3.227	-19.434	3.349
-19.367	3.227	-15.208	5.140
-19.367	3.227	-19.384	3.432
-19.367	3.227	-23.487	0.277
-23.487	0.277	-25.929	-1.051
-23.487	0.277	-25.726	2.610
-23.487	0.277	-33.460	-0.239
-33.460	-0.239	-32.577	-1.103
-33.460	-0.239	-33.414	-1.744
-33.460	-0.239	-34.565	-1.565
-33.460	-0.239	-30.551	3.392
-33.460	-0.239	-33.185	-0.164
-33.460	-0.239	-33.305	0.672
-33.460	-0.239	-37.084	-0.064
-37.084	-0.064	-38.206	-1.669
-37.084	-0.064	-38.746	0.998
-37.084	-0.064	-35.240	1.034
-37.084	-0.064	-33.382	6.721
-37.084	-0.064	-40.755	7.894
-37.084	-0.064	-33.891	10.266
-33.891	10.266	-34.364	10.610
-33.891	10.266	-32.945	9.970
-33.891	10.266	-34.014	10.148
-33.891	10.266	-33.109	12.026
-33.109	12.026	-35.204	14.897
-33.109	12.026	-35.463	15.263
-33.109	12.026	-35.445	15.260
-33.109	12.026	-34.436	13.847
-33.109	12.026	-34.431	13.842
-33.109	12.026	-32.637	11.780
-33.109	12.026	-34.453	12.022
-33.109	12.026	-34.851	10.077
-33.109	12.026	-32.994	12.009
-33.109	12.026	-34.405	13.808
-34.405	13.808	-33.235	16.267
-34.405	13.808	-33.227	16.275
-34.405	13.808	-33.248	16.225
-34.405	13.808	-35.682	13.233
-34.405	13.808	-34.427	13.619
-34.405	13.808	-33.245	16.255
-33.245	16.255	-34.701	17.313
-23.487	0.277	-20.888	-2.001
-20.888	-2.001	-22.798	-3.040
-20.888	-2.001	-21.089	-3.681
-20.888	-2.001	-21.078	-0.957
-20.888	-2.001	-18.586	-1.265
-20.888	-2.001	-18.607	-1.276
-20.888	-2.001	-18.566	-1.262
-18.566	-1.262	-16.508	-0.492
-16.508	-0.492	-14.438	0.277
-16.508	-0.492	-14.444	0.274
-16.508	-0.492	-16.295	-1.057
-16.508	-0.492	-16.606	-0.568
-16.508	-0.492	-16.921	-0.385
-16.508	-0.492	-14.712	0.465
-14.712	0.465	-13.199	0.960
-14.712	0.465	-14.813	0.327
-14.712	0.465	-15.105	1.921
-14.712	0.465	-13.814	-1.844
-13.814	-1.844	-10.215	-0.543
-10.215	-0.543	-5.888	-1.756
POLYLINE BLACK
-0.167	-1.310
-0.158	-0.848
-0.135	-0.930
-0.259	-0.393
-0.281	-0.300
-0.325	-0.214
-0.350	-0.122
-0.393	0.029
-0.426	0.183
-0.464	0.335
POLYLINE BLACK
0.460	0.173
0.169	0.901
0.374	0.450
0.020	1.102
-0.043	1.218
0.006	1.163
-0.070	1.257
-0.076	1.265
-0.083	1.272
-0.092	1.278
-0.132	1.307
-0.174	1.334
-0.215	1.362
POLYLINE BLACK
0.115	0.881
0.095	1.023
0.075	1.165
0.056	1.307
0.029	1.394
-0.006	1.477
-0.023	1.566
-0.050	1.704
-0.043	1.869
-0.042	2.010
POLYLINE BLACK
4.880	-2.957
4.900	-2.947
POLYLINE BLACK
-0.090	1.887
-0.223	2.016
-0.276	2.005
-0.466	2.041
POLYLINE BLACK
-0.457	0.230
-0.560	0.370
-0.668	0.507
-0.766	0.652
-0.850	0.776
-0.830	0.927
-0.937	1.041
-0.983	1.091
-1.023	1.105
-1.087	1.142
POLYLINE BLACK
-1.010	1.139
-1.115	1.194
-1.217	1.255
-1.324	1.304
-1.460	1.366
-1.599	1.419
-1.738	1.472
-1.757	1.479
-1.777	1.483
-1.797	1.483
-1.996	1.484
-2.172	1.435
-2.347	1.530
-2.446	1.583
-2.537	1.678
-2.627	1.736
-2.670	1.765
-2.719	1.787
-2.768	1.807
-2.849	1.839
-2.833	1.843
-2.874	1.823
POLYLINE BLACK
-0.488	1.981
-0.607	2.013
-0.725	2.052
-0.846	2.077
-0.960	2.100
-1.078	2.104
-1.193	2.124
-1.217	2.128
-1.240	2.135
-1.260	2.148
-1.348	2.203
-1.437	2.259
-1.517	2.326
-1.600	2.396
-1.725	2.511
-1.732	2.638
-1.740	2.777
-1.608	2.999
-1.584	3.072
-1.571	3.111
-1.573	3.153
-1.567	3.193
POLYLINE BLACK
-2.697	1.939
-2.740	1.993
-2.786	2.035
-2.811	2.098
-2.837	2.163
-2.832	2.251
-2.825	2.311
-2.780	2.724
-2.707	2.569
-2.540	3.138
-2.526	3.187
-2.555	3.239
-2.563	3.289
POLYLINE BLACK
-1.533	3.030
-1.587	3.156
-1.641	3.281
-1.694	3.407
-1.712	3.447
-1.731	3.486
-1.748	3.526
-1.787	3.620
-1.791	3.663
-1.871	3.736
-2.024	3.874
-2.215	3.920
-2.412	3.967
-2.563	4.003
-2.814	4.077
-3.000	4.059
-3.236	4.036
-3.249	4.000
-3.491	3.953
-3.636	3.924
-3.783	3.909
-3.928	3.881
-3.959	3.875
-3.991	3.865
-4.018	3.848
-4.042	3.834
-4.058	3.809
-4.078	3.789
POLYLINE BLACK
-2.640	3.113
-2.719	3.140
-2.796	3.173
-2.876	3.195
-3.046	3.241
-3.419	3.236
-3.514	3.235
-3.586	3.234
-3.726	3.217
-3.791	3.159
-4.241	2.756
-3.631	3.267
-4.229	2.656
-4.347	2.535
-4.656	2.222
-4.888	2.103
-5.181	1.952
-5.637	2.022
-5.904	2.031
-6.088	2.038
-6.242	2.145
-6.365	2.273
-6.449	2.362
-6.524	2.459
-6.610	2.547
-6.635	2.573
-6.663	2.601
-6.698	2.614
-6.726	2.624
-6.758	2.614
-6.787	2.614
POLYLINE BLACK
-2.646	2.786
-1.844	3.620
POLYLINE BLACK
-2.062	3.494
-1.884	3.236
-1.981	3.387
-1.783	3.033
POLYLINE BLACK
-2.227	3.088
-1.943	2.829
POLYLINE BLACK
-2.498	2.987
-2.254	2.547
POLYLINE BLACK
-2.826	2.756
-2.724	2.543
-2.670	2.480
-2.529	2.318
POLYLINE BLACK
-1.674	4.061
-1.651	4.119
-1.631	4.178
-1.605	4.234
-1.580	4.288
-1.535	4.340
-1.484	4.372
-1.418	4.411
-1.334	4.429
-1.272	4.374
-1.250	4.354
-1.235	4.327
-1.236	4.297
-1.239	4.228
-1.286	4.160
-1.324	4.108
-1.345	4.079
-1.371	4.055
-1.395	4.028
-1.416	4.004
-1.440	3.976
-1.416	3.945
-1.344	3.853
-1.099	3.867
-1.010	3.867
POLYLINE BLACK
-0.713	3.932
-0.693	4.093
-0.704	4.077
-0.648	4.238
-0.619	4.322
-0.628	4.149
-0.576	4.216
-0.512	4.297
-0.456	4.385
-0.392	4.466
-0.356	4.511
-0.292	4.578
-0.230	4.533
-0.205	4.514
-0.185	4.490
-0.175	4.461
-0.139	4.361
-0.189	4.112
-0.190	4.086
-0.191	4.031
-0.181	3.977
-0.176	3.923
POLYLINE BLACK
0.398	0.243
0.474	0.026
0.612	-0.241
0.638	-0.496
0.642	-0.540
0.636	-0.584
0.645	-0.627
0.686	-0.818
0.693	-0.813
0.771	-0.945
POLYLINE BLACK
4.610	-7.977
4.595	-7.955
4.554	-7.909
4.544	-7.872
4.500	-7.709
4.685	-7.447
4.770	-7.347
POLYLINE BLACK
-3.902	3.941
-4.202	3.935
-4.502	3.929
-4.803	3.923
-4.932	3.911
-5.060	3.891
-5.189	3.887
-5.253	3.885
-5.318	3.890
-5.381	3.904
-5.559	3.941
-5.761	4.014
-5.862	4.179
-5.940	4.307
-5.999	4.446
-6.080	4.572
-6.143	4.670
-6.226	4.752
-6.293	4.847
-6.374	4.964
-6.420	5.090
-6.521	5.187
-6.637	5.297
-6.793	5.332
-6.948	5.339
-7.223	5.352
-7.538	5.177
-7.744	5.022
-7.791	4.986
-8.053	4.770
-8.090	4.641
-8.142	4.465
-8.183	4.266
-8.139	4.083
-8.130	4.045
-8.120	4.007
-8.101	3.972
-7.934	3.665
-7.834	3.453
-7.611	3.219
-7.504	3.106
-7.310	3.003
-7.185	2.947
-7.017	2.873
-6.839	2.822
-6.669	2.755
-6.644	2.745
-6.621	2.732
-6.600	2.715
-6.572	2.693
-6.548	2.665
-6.522	2.640
POLYLINE BLACK
-6.735	2.924
-6.701	2.743
-6.725	2.844
-6.653	2.622
POLYLINE BLACK
-6.286	6.729
-6.307	6.695
-6.330	6.662
-6.348	6.626
-6.359	6.605
-6.369	6.584
-6.372	6.560
-6.405	6.295
-6.441	6.030
-6.454	5.763
-6.459	5.668
-6.446	5.573
-6.427	5.480
-6.352	5.105
-6.328	5.074
-6.210	4.783
POLYLINE BLACK
-6.418	7.493
-6.454	7.491
-6.491	7.492
-6.527	7.488
-6.623	7.478
-6.713	7.402
-6.756	7.318
-6.793	7.244
-6.791	7.168
-6.752	7.096
-6.720	7.038
-6.699	7.031
-6.654	6.973
-6.606	6.911
-6.604	6.823
-6.648	6.759
-6.700	6.684
-6.805	6.595
-6.795	6.487
-6.790	6.423
-6.769	6.360
-6.773	6.297
-6.774	6.281
-6.797	6.317
-6.806	6.330
-6.821	6.353
-6.834	6.377
-6.843	6.402
-6.857	6.450
-6.871	6.498
-6.885	6.546
-6.882	6.555
-6.886	6.577
-6.877	6.574
-6.860	6.568
-6.854	6.548
-6.845	6.533
-6.826	6.503
-6.809	6.473
-6.795	6.441
-6.777	6.401
-6.765	6.290
-6.695	6.342
-6.676	6.356
-6.657	6.372
-6.639	6.390
-6.623	6.407
-6.608	6.426
-6.595	6.445
-6.564	6.492
-6.523	6.606
-6.510	6.637
POLYLINE BLACK
-8.645	5.451
-8.780	5.912
POLYLINE BLACK
-7.722	4.074
-8.140	4.344
-7.959	4.266
-8.235	4.369
POLYLINE BLACK
-7.780	4.641
-7.938	4.682
-7.861	4.640
-7.989	4.795
POLYLINE BLACK
-7.457	4.763
-7.467	4.916
-7.485	4.986
-7.535	5.108
POLYLINE BLACK
-7.188	4.748
-7.191	4.854
-7.201	4.922
-7.171	5.026
-7.153	5.087
-7.124	5.143
-7.101	5.201
POLYLINE BLACK
-6.895	5.020
-6.847	5.187
-6.786	5.299
-6.686	5.427
POLYLINE BLACK
-6.585	4.929
-6.421	5.183
POLYLINE BLACK
-7.000	-1.370
-6.970	-1.310
POLYLINE BLACK
-8.105	3.591
-8.138	3.687
-8.125	3.641
-8.145	3.728
POLYLINE BLACK
-7.936	3.581
-8.173	3.894
-8.410	4.208
-8.647	4.521
-8.675	4.559
-8.695	4.603
-8.730	4.634
-9.073	4.947
-9.434	5.240
-9.779	5.551
-10.173	5.905
-9.917	5.768
-10.201	5.900
POLYLINE BLACK
-9.514	5.231
-8.974	5.833
-9.217	5.628
-8.847	5.915
POLYLINE BLACK
-8.966	5.799
-8.936	5.619
-8.884	5.570
-8.774	5.411
POLYLINE BLACK
-9.282	5.608
-9.202	5.519
-9.115	5.466
-9.010	5.417
POLYLINE BLACK
-9.525	5.391
-9.414	5.259
-9.480	5.333
-9.321	5.174
POLYLINE BLACK
-7.141	6.847
-7.131	6.630
-7.108	6.378
-7.241	6.193
-7.433	5.928
-7.772	5.847
-8.066	5.759
-8.211	5.715
-8.502	5.753
-8.624	5.855
-8.748	5.960
-8.819	6.144
-8.870	6.285
-8.887	6.333
-8.887	6.386
-8.896	6.436
POLYLINE BLACK
-8.887	6.462
-8.904	6.594
-8.941	6.725
-8.939	6.858
-8.881	9.930
-8.736	4.720
-8.930	9.470
POLYLINE BLACK
-9.021	9.483
-9.345	9.545
-9.669	9.608
-9.993	9.671
-10.055	9.673
-10.119	9.689
-10.180	9.679
-10.510	9.625
-10.834	9.540
-11.162	9.477
-11.397	9.432
-11.508	9.411
-11.735	9.444
-11.864	9.463
-11.990	9.499
-12.119	9.521
-12.263	9.546
-12.411	9.553
-12.554	9.586
-13.398	9.783
-12.743	9.689
-13.066	9.732
POLYLINE BLACK
-12.586	8.407
-12.456	8.713
-12.444	8.782
-12.198	9.091
-11.892	9.476
-11.928	9.447
-11.721	9.590
POLYLINE BLACK
-12.035	9.414
-11.538	9.208
POLYLINE BLACK
-12.295	9.092
-11.922	8.844
-12.064	8.966
-11.846	8.757
POLYLINE BLACK
-12.487	8.793
-11.963	8.531
POLYLINE BLACK
-12.528	8.410
-12.363	8.361
-12.247	8.260
-12.121	8.149
POLYLINE BLACK
-9.840	2.856
-9.841	3.012
-9.847	3.168
-9.845	3.324
-9.845	3.339
-9.826	3.348
-9.814	3.350
-9.770	3.355
-9.722	3.327
-9.669	3.329
-9.631	3.331
-9.588	3.340
-9.557	3.363
-9.491	3.412
-9.445	3.509
-9.488	3.587
-9.546	3.691
-9.664	3.662
-9.739	3.590
-9.769	3.562
-9.785	3.536
-9.804	3.498
-9.830	3.447
-9.842	3.304
-9.843	3.298
POLYLINE BLACK
-9.322	2.824
-9.352	2.862
POLYLINE BLACK
-9.098	3.088
-9.061	3.176
-9.032	3.268
-8.987	3.353
-8.942	3.420
-8.901	3.491
-8.852	3.556
-8.848	3.561
-8.837	3.560
-8.833	3.555
-8.825	3.546
-8.823	3.533
-8.822	3.521
-8.818	3.474
-8.816	3.425
-8.819	3.377
-8.836	3.141
-8.861	2.905
-8.882	2.669
POLYLINE BLACK
-8.732	3.142
-8.710	3.184
-8.656	3.330
-8.592	3.391
-8.511	3.468
-8.466	3.225
-8.468	3.184
-8.477	3.015
-8.494	2.847
-8.506	2.678
POLYLINE BLACK
-8.658	9.074
-8.723	9.721
POLYLINE BLACK
-8.737	9.587
-8.698	9.578
-8.662	9.564
-8.622	9.567
-8.519	9.577
-8.426	9.672
-8.473	9.775
-8.508	9.853
-8.633	9.848
-8.700	9.826
-8.742	9.812
-8.796	9.767
-8.823	9.747
POLYLINE BLACK
-8.334	9.144
-8.366	9.132
POLYLINE BLACK
-8.049	9.254
-7.997	9.369
-7.951	9.487
-7.895	9.600
-7.754	9.880
-7.770	9.650
-7.770	9.470
-7.770	9.364
-7.776	9.259
-7.780	9.154
POLYLINE BLACK
-7.622	9.588
-7.630	9.505
-7.641	9.421
-7.646	9.337
-7.648	9.306
-7.648	9.262
-7.625	9.235
-7.569	9.170
-7.453	9.226
-7.412	9.279
-7.398	9.298
-7.385	9.317
-7.374	9.338
-7.352	9.378
-7.299	9.520
-7.348	9.560
-7.395	9.599
-7.517	9.523
-7.552	9.495
-7.582	9.471
-7.625	9.419
-7.647	9.394
POLYLINE BLACK
-7.140	3.937
-7.197	3.905
-7.254	3.878
-7.282	3.816
-7.363	3.638
-7.193	3.538
-7.100	3.718
-7.074	3.766
-7.057	3.823
-7.062	3.878
-7.069	3.952
-7.168	3.987
-7.229	3.956
-7.298	3.920
-7.318	3.843
-7.354	3.776
POLYLINE BLACK
-6.830	4.469
-6.853	4.358
-6.870	4.328
-6.866	4.230
-6.862	4.150
-6.815	4.109
-6.734	4.112
-6.705	4.113
-6.674	4.123
-6.650	4.141
-6.623	4.161
-6.607	4.179
-6.589	4.208
-6.570	4.238
-6.555	4.278
-6.566	4.314
-6.586	4.375
-6.655	4.389
-6.704	4.352
-6.736	4.329
-6.766	4.304
-6.794	4.276
-6.819	4.253
-6.841	4.227
-6.861	4.199
-6.901	4.145
-6.911	4.098
-6.934	4.032
POLYLINE BLACK
-6.593	3.607
-6.574	3.549
-6.558	3.491
-6.536	3.434
-6.506	3.354
-6.413	3.290
-6.341	3.363
-6.265	3.439
-6.211	3.570
-6.229	3.679
-6.236	3.722
-6.277	3.867
-6.348	3.843
-6.425	3.818
-6.515	3.622
-6.525	3.544
-6.531	3.497
-6.532	3.450
-6.536	3.403
POLYLINE BLACK
-10.773	9.059
-10.833	8.963
-10.846	8.902
-10.818	8.791
-10.809	8.753
-10.797	8.715
-10.781	8.679
-10.755	8.621
-10.716	8.561
-10.672	8.515
-10.607	8.447
-10.483	8.406
-10.392	8.442
-10.352	8.457
-10.323	8.477
-10.292	8.507
-10.257	8.540
-10.226	8.583
-10.214	8.632
-10.175	8.798
-10.353	8.919
-10.500	8.917
-10.578	8.917
-10.658	8.906
-10.726	8.865
-10.736	8.859
-10.745	8.852
-10.754	8.843
-10.803	8.795
-10.850	8.745
-10.898	8.696
POLYLINE BLACK
-9.545	8.533
-9.588	8.425
-9.676	8.267
-9.576	8.160
-9.544	8.127
-9.512	8.097
-9.466	8.087
-9.356	8.062
-9.267	8.214
-9.247	8.300
-9.219	8.419
-9.307	8.572
-9.417	8.620
-9.484	8.648
-9.576	8.639
-9.642	8.613
-9.761	8.567
-9.851	8.471
-9.931	8.375
-9.987	8.308
-10.027	8.211
-10.064	8.138
POLYLINE BLACK
-10.012	8.152
-10.186	8.004
-10.253	7.928
-10.290	7.698
-10.305	7.605
-10.311	7.511
-10.316	7.417
-10.320	7.339
-10.286	7.219
-10.229	7.162
-10.152	7.086
-10.010	7.087
-9.916	7.126
-9.871	7.144
-9.830	7.184
-9.803	7.224
-9.725	7.339
-9.705	7.480
-9.719	7.616
-9.724	7.657
-9.734	7.693
-9.768	7.717
-9.854	7.779
-10.014	7.768
-10.103	7.719
-10.112	7.714
-10.119	7.708
-10.127	7.703
-10.162	7.675
-10.197	7.647
-10.232	7.619
POLYLINE BLACK
-9.978	5.807
-10.142	5.893
-10.140	5.907
-10.317	5.947
-10.535	5.998
-10.755	6.041
-10.973	6.087
-11.032	6.099
-11.092	6.106
-11.150	6.120
-11.249	6.145
-11.457	6.300
-11.495	6.342
-12.002	6.915
-11.925	6.945
-12.311	7.615
-12.347	7.676
-12.401	7.725
-12.435	7.786
-12.649	8.165
-12.447	7.936
-12.701	8.240
-12.715	8.258
-12.779	8.311
-12.806	8.317
-12.850	8.326
-12.896	8.323
-12.941	8.326
POLYLINE BLACK
-12.982	9.776
-12.998	9.769
POLYLINE BLACK
-12.920	9.735
-13.196	9.787
-13.164	9.789
-13.539	9.794
-13.582	9.795
-13.624	9.788
-13.665	9.778
-13.759	9.756
-13.848	9.707
-13.945	9.701
-14.944	9.636
-14.768	9.779
-15.348	9.629
-15.364	9.625
-15.380	9.617
-15.393	9.607
-15.450	9.561
-15.506	9.513
-15.557	9.461
-15.583	9.434
-15.604	9.403
-15.624	9.371
-15.692	9.261
-15.762	9.152
-15.819	9.035
-15.910	8.850
-16.106	8.461
-16.149	8.193
-16.166	8.084
-16.192	7.878
-16.169	7.743
-16.141	7.569
-16.004	7.425
-15.996	7.249
-15.993	7.177
-16.030	7.107
-16.053	7.042
POLYLINE BLACK
-15.411	6.529
-15.435	6.717
-15.455	6.890
-15.353	7.056
-15.313	7.121
-15.238	7.132
-15.178	7.170
-15.016	7.271
-14.977	7.327
-14.815	7.383
-14.730	7.412
-14.641	7.425
-14.557	7.456
-14.376	7.524
-14.171	7.674
-13.960	7.633
-13.888	7.619
-13.823	7.576
-13.772	7.525
-13.428	7.184
-13.651	7.374
-13.446	7.205
POLYLINE BLACK
-12.885	8.392
-12.939	8.367
-12.990	8.350
-13.025	8.300
-13.110	8.175
-13.075	7.959
-13.025	7.831
-12.972	7.696
-12.922	7.644
-12.833	7.516
POLYLINE BLACK
-13.002	6.746
-12.994	6.783
-12.918	7.020
-12.837	7.008
-12.768	6.999
-12.757	6.811
-12.774	6.757
-12.815	6.629
-12.883	6.588
-12.946	6.435
-12.973	6.370
-12.975	6.299
-12.990	6.230
POLYLINE BLACK
-13.099	5.792
-13.054	5.780
POLYLINE BLACK
0.101	-1.637
0.168	-1.564
0.323	-1.378
0.453	-1.450
0.513	-1.483
0.517	-1.580
0.516	-1.636
0.516	-1.667
0.511	-1.811
0.487	-1.860
0.442	-1.942
0.397	-2.023
0.353	-2.104
0.326	-2.143
0.294	-2.179
0.273	-2.221
0.246	-2.276
0.230	-2.335
0.208	-2.393
POLYLINE BLACK
0.368	-2.926
0.334	-2.923
POLYLINE BLACK
-14.872	8.803
-14.861	8.821
-14.799	9.100
-14.695	9.054
-14.636	9.028
-14.579	8.998
-14.521	8.973
-14.514	8.970
-14.506	8.969
-14.499	8.969
-14.382	8.963
-14.251	9.079
-14.157	9.148
POLYLINE BLACK
-14.921	7.691
-14.882	7.765
-14.847	7.842
-14.805	7.914
-14.786	7.946
-14.762	7.973
-14.738	8.000
-14.654	8.091
-14.603	8.120
-14.516	8.020
-14.469	7.965
-14.448	7.896
-14.372	7.876
-14.216	7.835
-14.110	7.898
-13.977	7.974
POLYLINE BLACK
-15.342	8.613
-15.380	8.584
-15.443	8.550
-15.437	8.492
-15.429	8.419
-15.342	8.313
-15.262	8.368
-15.211	8.403
-15.179	8.470
-15.166	8.528
-15.148	8.609
-15.213	8.805
-15.325	8.726
-15.373	8.692
-15.392	8.619
-15.412	8.571
POLYLINE BLACK
-15.328	7.995
-15.364	7.966
-15.393	7.949
-15.417	7.913
-15.439	7.879
-15.456	7.841
-15.458	7.800
-15.462	7.739
-15.430	7.646
-15.354	7.652
-15.331	7.653
-15.310	7.660
-15.292	7.674
-15.272	7.690
-15.255	7.711
-15.243	7.733
-15.230	7.758
-15.147	7.919
-15.241	7.920
-15.246	7.920
-15.252	7.919
-15.258	7.917
-15.303	7.891
-15.346	7.863
-15.390	7.836
POLYLINE BLACK
-14.192	8.592
-14.234	8.540
-14.288	8.489
-14.299	8.419
-14.302	8.398
-14.296	8.365
-14.292	8.347
-14.272	8.265
-14.223	8.228
-14.146	8.198
-14.126	8.191
-14.100	8.188
-14.080	8.190
-14.010	8.195
-13.944	8.246
-13.909	8.305
-13.868	8.374
-13.853	8.505
-13.944	8.543
-13.963	8.550
-13.982	8.553
-14.002	8.549
-14.054	8.537
-14.095	8.478
-14.128	8.444
POLYLINE BLACK
-13.351	8.784
-13.365	8.759
-13.380	8.736
-13.393	8.710
-13.445	8.608
-13.317	8.472
-13.212	8.499
-13.190	8.504
-13.169	8.515
-13.159	8.536
-13.135	8.586
-13.163	8.658
-13.179	8.703
-13.251	8.901
-13.409	8.739
-13.511	8.657
POLYLINE BLACK
-13.623	9.394
-13.626	9.341
-13.653	9.259
-13.626	9.200
-13.552	9.036
-13.211	9.243
-13.400	9.395
-13.431	9.420
-13.469	9.429
-13.507	9.429
-13.576	9.430
-13.641	9.400
-13.704	9.377
POLYLINE BLACK
-15.428	6.718
-15.377	6.470
-15.318	6.224
-15.276	5.975
-15.253	5.837
-15.242	5.696
-15.231	5.556
-15.230	5.534
-15.232	5.511
-15.238	5.489
-15.302	5.252
-15.344	5.065
-15.462	4.858
-15.502	4.788
-15.552	4.726
-15.597	4.660
POLYLINE BLACK
-15.665	4.627
-15.685	4.593
-15.701	4.557
-15.723	4.525
-15.737	4.504
-15.754	4.486
-15.773	4.469
-16.299	3.969
-16.033	4.196
-16.615	3.808
-16.659	3.778
-16.699	3.742
-16.745	3.714
-17.009	3.552
-17.207	3.441
-17.502	3.338
-17.586	3.309
-17.676	3.299
-17.763	3.279
-17.861	3.239
-17.957	3.195
-18.057	3.159
-18.253	3.089
-18.285	3.123
-18.464	3.001
-18.484	2.988
-18.489	2.960
-18.502	2.939
POLYLINE BLACK
-22.410	0.508
-22.320	0.590
-22.230	0.672
-22.141	0.754
-21.977	0.922
-21.824	1.101
-21.650	1.258
-21.435	1.453
-21.220	1.650
-20.977	1.809
-20.713	1.981
-20.423	2.109
-20.140	2.246
-20.061	2.284
-19.974	2.301
-19.893	2.333
-19.810	2.366
-19.773	2.430
-19.724	2.500
POLYLINE BLACK
-19.810	2.456
-19.786	2.475
-19.764	2.496
-19.739	2.513
-19.663	2.567
-19.531	2.563
-19.445	2.550
-19.366	2.539
-19.287	2.509
-19.237	2.443
-19.183	2.371
-19.128	2.221
-19.110	2.168
-19.047	1.985
-19.043	1.930
-19.014	1.759
POLYLINE BLACK
-18.557	2.961
-18.496	2.711
-18.505	2.727
-18.396	2.419
-18.387	2.392
-18.357	2.358
-18.337	2.339
-18.299	2.301
-18.197	2.250
-18.178	2.239
POLYLINE BLACK
-19.599	2.644
-19.597	2.614
POLYLINE BLACK
-19.584	2.568
-18.481	3.015
POLYLINE BLACK
-18.797	3.279
-18.624	2.826
POLYLINE BLACK
-18.989	3.087
-18.910	2.807
-18.957	2.928
-18.863	2.721
POLYLINE BLACK
-19.330	2.983
-19.238	2.693
-19.288	2.815
-19.196	2.612
POLYLINE BLACK
-19.652	2.784
-19.441	2.525
POLYLINE BLACK
-18.768	1.818
-18.744	1.840
-18.722	1.863
-18.696	1.883
-18.636	1.928
-18.539	1.959
-18.466	1.930
-18.459	1.927
-18.451	1.924
-18.445	1.919
-18.409	1.890
-18.373	1.860
-18.338	1.830
-18.303	1.798
-18.281	1.752
-18.295	1.704
-18.312	1.642
-18.355	1.578
-18.403	1.537
-18.440	1.506
-18.480	1.480
-18.519	1.452
-18.529	1.445
-18.540	1.439
-18.550	1.432
-18.581	1.407
-18.573	1.349
-18.561	1.319
-18.541	1.264
-18.516	1.212
-18.494	1.158
POLYLINE BLACK
-18.578	0.691
-18.526	0.716
POLYLINE BLACK
-16.197	7.179
-16.210	7.103
-16.210	7.041
-16.246	6.976
-16.335	6.816
-16.522	6.723
-16.676	6.648
-17.025	6.480
-17.381	6.491
-17.769	6.386
-17.958	6.335
-18.135	6.247
-18.317	6.178
-18.805	5.991
-19.293	5.803
-19.780	5.616
POLYLINE BLACK
-19.717	5.856
-19.811	5.814
-19.910	5.760
-20.018	5.771
-20.675	5.843
-20.685	7.307
-20.720	7.502
POLYLINE BLACK
-22.616	7.278
-22.119	6.082
-22.281	6.689
-22.109	5.463
POLYLINE BLACK
-22.077	5.639
-22.031	5.542
-21.874	5.380
-21.873	5.232
-21.872	5.147
-21.917	5.057
-21.966	4.990
-22.045	4.881
-22.275	4.547
-22.433	4.443
-22.804	4.197
-22.976	4.111
-23.289	3.949
POLYLINE BLACK
-22.006	8.403
-21.870	8.538
-21.870	8.556
-21.700	8.652
-21.664	8.672
-21.583	8.718
-21.526	8.708
-21.407	8.688
-21.377	8.513
-21.406	8.419
-21.465	8.228
-21.547	8.138
-21.670	7.975
POLYLINE BLACK
-21.855	6.742
-21.668	6.494
-21.477	6.250
-21.293	6.000
-21.278	5.979
-21.267	5.927
-21.266	5.903
-21.265	5.878
-21.272	5.804
-21.270	5.829
-21.250	6.039
-21.246	6.252
-21.214	6.461
-21.194	6.592
-21.145	6.718
-21.115	6.848
-21.104	6.895
-21.145	6.944
-21.191	6.948
-21.246	6.952
-21.301	6.956
-21.356	6.954
-21.446	6.952
-21.485	6.932
-21.571	6.904
POLYLINE BLACK
-21.169	6.942
-21.470	6.922
-21.560	6.942
-21.821	6.849
-21.924	6.813
-22.022	6.763
-22.122	6.719
POLYLINE BLACK
-15.547	6.672
-15.663	6.711
-15.798	6.779
-15.925	6.738
-16.124	6.673
-16.238	6.404
-16.222	6.209
-16.207	6.008
-16.100	5.816
-15.983	5.658
-15.922	5.576
-15.850	5.505
-15.752	5.473
-15.564	5.411
-15.479	5.476
-15.296	5.549
POLYLINE BLACK
-15.952	6.314
-16.064	6.432
-16.016	6.369
-16.098	6.499
POLYLINE BLACK
-15.743	6.401
-15.784	6.595
-15.763	6.474
-15.790	6.766
POLYLINE BLACK
-15.726	6.241
-15.597	6.497
-15.657	6.365
-15.547	6.637
POLYLINE BLACK
-16.003	6.216
-16.142	6.072
-16.076	6.147
-16.203	5.990
POLYLINE BLACK
-15.691	6.020
-15.843	5.851
-15.762	5.949
-15.926	5.721
POLYLINE BLACK
-15.704	5.680
-15.687	5.519
POLYLINE BLACK
-15.354	5.656
-15.301	5.541
POLYLINE BLACK
-15.930	6.056
-15.455	6.011
POLYLINE BLACK
-14.948	5.857
-14.931	5.902
-14.917	5.948
-14.897	5.991
-14.889	6.012
-14.865	6.037
-14.847	6.049
-14.716	6.145
-14.543	6.008
-14.558	5.861
-14.565	5.802
-14.584	5.752
-14.628	5.711
-14.660	5.680
-14.678	5.674
-14.698	5.639
-14.735	5.573
-14.733	5.503
-14.739	5.429
POLYLINE BLACK
-14.812	4.932
-14.845	4.915
POLYLINE BLACK
-21.274	4.502
-21.370	4.552
-21.465	4.610
-21.576	4.578
-21.784	4.518
-21.853	4.259
-21.801	4.070
-21.788	4.022
-21.770	3.973
-21.736	3.935
-21.657	3.846
-21.462	3.728
-21.333	3.772
-21.188	3.823
-21.063	3.911
-20.960	4.024
-20.896	4.093
-20.801	4.224
-20.798	4.324
-20.796	4.442
-20.972	4.515
-21.069	4.507
-21.131	4.502
-21.275	4.484
-21.337	4.444
-21.387	4.411
-21.425	4.364
-21.470	4.325
POLYLINE BLACK
-19.341	4.953
-19.373	4.924
-19.407	4.897
-19.437	4.865
-19.520	4.780
-19.539	4.596
-19.554	4.501
-19.568	4.418
-19.561	4.330
-19.506	4.262
-19.481	4.232
-19.452	4.202
-19.417	4.183
-19.308	4.124
-19.117	4.155
-19.069	4.281
-18.976	4.525
-19.302	4.670
-19.498	4.631
-19.600	4.610
-19.657	4.504
-19.713	4.431
POLYLINE BLACK
-18.472	4.055
-18.535	3.941
-18.610	3.778
-18.487	3.674
-18.441	3.635
-18.387	3.597
-18.327	3.586
-18.184	3.560
-17.986	3.668
-17.907	3.783
-17.887	3.812
-17.877	3.849
-17.880	3.884
-17.886	3.953
-17.964	4.094
-18.057	4.047
-18.064	4.043
-18.070	4.036
-18.075	4.030
-18.117	3.975
-18.156	3.919
-18.197	3.863
POLYLINE BLACK
-16.939	4.807
-16.965	4.696
-16.998	4.616
-16.996	4.509
-16.994	4.404
-16.919	4.286
-16.808	4.272
-16.752	4.265
-16.698	4.287
-16.650	4.313
-16.605	4.338
-16.568	4.378
-16.548	4.426
-16.498	4.546
-16.539	4.644
-16.660	4.688
-16.708	4.706
-16.762	4.714
-16.812	4.701
-16.889	4.681
-16.935	4.608
-16.986	4.555
POLYLINE BLACK
-17.362	5.908
-17.392	5.880
-17.424	5.853
-17.452	5.823
-17.511	5.763
-17.395	5.647
-17.365	5.617
-17.332	5.584
-17.283	5.550
-17.234	5.552
-17.153	5.556
-17.077	5.643
-17.026	5.697
-16.950	5.779
-17.036	5.956
-17.133	5.984
-17.209	6.005
-17.319	5.965
-17.379	5.943
-17.488	5.901
-17.594	5.850
-17.702	5.803
POLYLINE BLACK
-21.771	2.416
-21.712	2.592
-21.658	2.770
-21.594	2.944
-21.553	3.054
-21.454	3.157
-21.380	3.234
-21.354	3.261
-21.325	3.284
-21.294	3.304
-21.196	3.368
-21.079	3.428
-21.013	3.292
-21.010	3.287
-20.937	2.974
-20.812	2.952
-20.716	2.934
-20.607	3.006
-20.533	3.054
-20.389	3.149
-20.247	3.247
-20.104	3.343
POLYLINE BLACK
-18.745	4.919
-18.700	4.955
-18.656	4.993
-18.610	5.028
-18.483	5.124
-18.304	4.833
-18.274	4.801
-18.266	4.792
-18.241	4.782
-18.230	4.779
-18.091	4.740
-17.827	4.926
-17.747	4.970
POLYLINE BLACK
-16.891	5.257
-16.804	5.309
-16.719	5.363
-16.630	5.413
-16.604	5.427
-16.568	5.435
-16.538	5.436
-16.435	5.441
-16.412	5.290
-16.381	5.231
-16.333	5.138
-16.258	5.059
-16.168	5.005
-16.052	4.935
-15.873	4.983
-15.748	4.999
POLYLINE BLACK
-23.218	3.248
-23.181	3.293
-23.149	3.342
-23.109	3.384
-23.074	3.420
-23.036	3.453
-22.996	3.481
-22.940	3.520
-22.776	3.653
-22.720	3.527
-22.693	3.464
-22.681	3.394
-22.622	3.351
-22.571	3.315
-22.476	3.319
-22.429	3.313
POLYLINE BLACK
-26.617	2.596
-26.516	2.594
-26.414	2.579
-26.314	2.592
-26.088	2.620
-25.858	2.644
-25.642	2.718
-24.844	2.994
-24.137	3.189
-23.495	3.665
-23.354	3.770
-23.195	3.959
-23.088	4.076
POLYLINE BLACK
-25.184	-1.489
-25.368	-1.476
-25.411	-1.457
-25.573	-1.490
-26.212	-1.623
-26.842	-1.814
-27.489	-1.901
-28.042	-1.974
-28.603	-1.958
-29.160	-1.970
-29.918	-1.986
-29.419	-1.901
-29.806	-1.978
POLYLINE BLACK
-29.676	-2.012
-30.514	-1.885
-30.895	-1.791
-31.783	-1.829
-32.209	-1.848
-32.953	-1.879
-33.318	-2.249
-33.623	-2.559
-33.767	-2.976
-33.896	-3.379
POLYLINE BLACK
-35.694	-3.351
-35.112	-1.557
-35.459	-2.146
-35.003	-1.424
POLYLINE BLACK
-35.616	-4.202
-35.559	-4.008
-35.553	-3.930
-35.426	-3.759
-35.065	-3.271
-34.696	-2.789
-34.317	-2.315
-34.221	-2.194
-34.093	-2.081
-34.146	-2.285
-34.272	-2.780
-34.255	-2.515
-34.507	-3.262
-34.599	-3.536
-34.662	-3.818
-34.744	-4.095
-34.758	-4.141
-34.782	-4.195
-34.828	-4.217
-34.936	-4.267
-35.286	-4.112
-35.336	-4.099
-35.392	-4.084
-35.451	-4.085
-35.509	-4.078
POLYLINE BLACK
-33.788	-3.039
-33.813	-3.803
-33.843	-3.462
-34.281	-4.378
-34.335	-4.490
-34.357	-4.614
-34.396	-4.732
POLYLINE BLACK
-35.696	-3.023
-35.897	-3.448
-35.960	-3.674
-36.262	-4.013
-36.427	-4.199
-36.617	-4.362
-36.795	-4.536
POLYLINE BLACK
-36.348	-5.862
-36.315	-5.665
-36.246	-5.492
-36.082	-5.370
-35.981	-5.295
-35.868	-5.255
-35.747	-5.219
-35.637	-5.186
-35.508	-5.168
-35.445	-5.285
-35.415	-5.342
-35.401	-5.403
-35.406	-5.467
-35.422	-5.664
-35.586	-5.841
-35.676	-5.998
-35.734	-6.098
-35.716	-6.215
-35.713	-6.323
POLYLINE BLACK
-36.155	-7.513
-36.163	-7.572
POLYLINE BLACK
-32.987	-4.023
-33.203	-4.278
-33.283	-4.569
-33.366	-4.889
-33.381	-4.949
-33.377	-5.037
-33.348	-5.093
-33.294	-5.196
-33.028	-5.305
-33.026	-5.307
POLYLINE BLACK
-33.620	-4.837
-33.316	-4.808
-33.313	-4.809
-33.048	-4.915
POLYLINE BLACK
-32.700	-5.384
-32.609	-5.177
-32.531	-4.964
-32.427	-4.763
-32.334	-4.615
-32.247	-4.463
-32.148	-4.319
-32.143	-4.312
-32.135	-4.333
-32.134	-4.341
-32.133	-4.369
-32.135	-4.398
-32.141	-4.425
-32.241	-4.855
-32.348	-5.283
-32.452	-5.713
POLYLINE BLACK
-32.664	-5.257
-32.579	-5.284
-32.491	-5.303
-32.409	-5.338
-31.752	-5.622
-32.311	-5.404
-32.139	-5.488
-32.046	-5.533
-31.953	-5.577
-31.861	-5.622
POLYLINE BLACK
-31.709	-5.467
-31.532	-5.094
POLYLINE BLACK
-31.703	-4.246
-31.415	-4.552
-31.576	-4.365
-31.242	-4.823
POLYLINE BLACK
-30.963	-4.771
-30.989	-4.867
-31.022	-4.961
-31.040	-5.058
-31.065	-5.187
-30.891	-4.987
-30.847	-5.035
-30.803	-5.083
-30.849	-5.245
-30.799	-5.330
-30.769	-5.381
-30.716	-5.408
-30.659	-5.419
-30.474	-5.455
-30.346	-5.231
-30.264	-5.113
-30.186	-5.003
-30.121	-4.885
-30.049	-4.771
POLYLINE BLACK
-30.005	-4.354
-30.027	-4.507
-30.039	-4.627
-29.906	-4.717
-29.874	-4.739
-29.834	-4.750
-29.796	-4.748
-29.758	-4.746
-29.636	-4.686
-29.631	-4.687
-29.613	-4.689
-29.631	-4.723
-29.631	-4.741
-29.681	-4.848
-29.739	-4.952
-29.779	-5.063
-29.835	-5.218
-29.824	-5.538
-29.828	-5.655
POLYLINE BLACK
-34.139	-7.475
-34.079	-7.250
-33.920	-6.604
-33.805	-6.335
-33.791	-6.301
-33.813	-6.407
-33.810	-6.443
-33.810	-6.456
-33.804	-6.469
-33.796	-6.479
-33.737	-6.556
-33.509	-6.464
-33.473	-6.456
POLYLINE BLACK
-33.424	-6.508
-33.500	-6.690
-33.665	-6.964
-33.519	-7.162
-33.490	-7.200
-33.452	-7.238
-33.405	-7.253
-33.319	-7.279
-33.272	-7.194
-33.199	-7.208
-33.103	-7.226
-33.094	-7.383
-32.985	-7.427
-32.925	-7.450
-32.858	-7.444
-32.797	-7.430
-32.539	-7.369
-32.374	-7.104
-32.370	-6.846
-32.369	-6.758
-32.388	-6.626
-32.471	-6.572
-32.621	-6.473
-32.963	-6.616
-33.076	-6.729
-33.196	-6.850
-33.212	-7.030
-33.269	-7.187
POLYLINE BLACK
-32.626	-7.803
-32.480	-7.525
-32.341	-7.243
-32.188	-6.969
-32.182	-6.958
-32.163	-6.951
-32.152	-6.957
-32.095	-6.989
-32.143	-7.115
-32.009	-7.069
-31.991	-7.062
-31.974	-7.053
-31.957	-7.044
-31.921	-7.025
-31.850	-6.968
-31.793	-6.968
-31.750	-6.969
-31.728	-7.012
-31.730	-7.051
-31.737	-7.164
-31.751	-7.276
-31.761	-7.389
POLYLINE BLACK
-31.364	-7.718
-31.306	-7.375
POLYLINE BLACK
-30.891	-5.950
-30.921	-6.061
POLYLINE BLACK
-30.880	-7.541
-30.866	-7.478
-30.852	-7.414
-30.838	-7.351
-30.827	-7.345
-30.817	-7.331
-30.804	-7.334
-30.753	-7.344
-30.722	-7.421
-30.658	-7.436
-30.394	-7.496
-30.073	-6.933
-30.013	-6.853
POLYLINE BLACK
-26.429	2.738
-27.330	2.679
-26.249	2.737
-27.060	2.731
-27.382	2.728
-27.432	2.674
-27.755	2.750
-27.894	2.784
-28.029	2.836
-28.162	2.891
-28.890	3.188
-29.249	3.470
-29.923	3.556
-30.174	3.588
-30.429	3.572
-30.667	3.483
-30.936	3.382
-31.714	3.160
-32.102	2.881
-32.593	2.529
-32.880	1.557
-33.053	1.218
-33.154	1.018
-33.415	0.889
-33.634	0.910
-33.750	0.921
-33.933	1.006
-34.006	1.034
POLYLINE BLACK
-30.176	1.051
-29.137	1.053
-28.097	1.055
-27.057	1.058
-26.791	1.053
-26.522	1.071
-26.257	1.043
-26.218	1.039
-26.321	1.000
-26.357	0.985
-26.556	0.900
-26.752	0.802
-26.960	0.745
-27.500	0.595
-28.059	0.520
-28.597	0.364
-29.001	0.247
-29.385	0.070
-29.781	-0.071
-29.801	-0.078
-29.839	-0.070
-29.857	-0.062
-29.876	-0.053
-29.907	-0.026
-29.915	-0.007
-30.025	0.284
-30.111	0.585
-30.234	0.870
-30.258	0.926
-30.313	0.963
-30.353	1.009
POLYLINE BLACK
-29.900	-0.648
-29.732	-1.587
POLYLINE BLACK
-30.071	-0.836
-29.615	-0.800
-29.158	-0.763
-28.701	-0.727
-28.475	-0.738
-28.248	-0.791
-28.024	-0.760
-27.587	-0.700
-27.170	-0.542
-26.737	-0.457
-26.596	-0.430
-26.450	-0.428
-26.305	-0.423
-26.229	-0.419
-26.201	-0.472
-26.261	-0.525
-26.335	-0.591
-26.405	-0.668
-26.495	-0.712
-27.193	-1.052
-28.236	-1.452
-28.977	-1.715
-29.203	-1.795
-29.463	-1.620
-29.639	-1.526
-29.681	-1.504
-29.717	-1.469
-29.762	-1.452
-29.817	-1.432
-29.876	-1.430
-29.933	-1.418
POLYLINE BLACK
-33.037	0.429
-33.243	0.475
-33.402	0.480
-33.580	0.363
-33.705	0.282
-33.891	0.160
-33.929	-0.001
-33.962	-0.138
-33.828	-0.274
-33.693	-0.264
-33.600	-0.258
-33.512	-0.224
-33.428	-0.186
-33.286	-0.124
-33.069	0.080
-33.064	0.244
-33.062	0.314
-33.151	0.379
-33.219	0.356
-33.332	0.318
-33.442	0.270
-33.553	0.228
POLYLINE BLACK
-34.222	-1.253
-34.252	-1.380
-34.324	-1.575
-34.179	-1.664
-34.132	-1.693
-34.078	-1.714
-34.022	-1.713
-33.828	-1.710
-33.551	-1.504
-33.448	-1.364
-33.385	-1.277
-33.542	-1.258
-33.587	-1.255
-33.767	-1.241
-33.832	-1.398
-33.918	-1.529
POLYLINE BLACK
-31.985	-0.709
-32.062	-0.828
-32.143	-0.944
-32.216	-1.066
-32.308	-1.221
-32.152	-1.287
-32.022	-1.250
-31.918	-1.220
-31.835	-1.151
-31.765	-1.072
-31.687	-0.982
-31.710	-0.897
-31.811	-0.844
-31.855	-0.822
-31.910	-0.809
-31.958	-0.821
-32.084	-0.852
-32.128	-0.936
-32.244	-1.034
POLYLINE BLACK
-31.463	0.995
-31.531	0.994
-31.598	0.996
-31.666	0.991
-31.825	0.979
-32.034	0.726
-31.865	0.595
-31.835	0.572
-31.810	0.535
-31.773	0.532
-31.751	0.530
-31.795	0.571
-31.808	0.590
-31.831	0.622
-31.858	0.652
-31.883	0.683
POLYLINE BLACK
-31.883	0.374
-31.744	0.404
-31.603	0.429
-31.466	0.465
-31.285	0.513
-31.128	0.651
-31.070	0.829
-30.989	1.074
-31.095	1.378
-31.391	1.233
-31.531	1.165
-31.607	1.085
-31.736	0.979
POLYLINE BLACK
-33.424	-0.880
-33.307	-0.692
-33.197	-0.499
-33.075	-0.315
-33.046	-0.272
-33.009	-0.235
-32.971	-0.200
-32.901	-0.135
-32.752	-0.019
-32.646	-0.078
-32.592	-0.108
-32.573	-0.172
-32.540	-0.219
-32.472	-0.314
-32.334	-0.404
-32.213	-0.395
-31.987	-0.379
-31.785	-0.146
-31.634	-0.018
POLYLINE BLACK
-33.946	1.012
-34.268	1.129
-34.169	1.116
-34.539	1.144
-34.795	1.163
-34.729	1.127
-34.928	1.181
-35.082	1.224
-35.170	1.444
-35.125	1.589
-35.087	1.715
-35.039	1.837
-34.990	1.959
-34.864	2.278
-34.708	2.586
-34.601	2.912
-34.446	3.381
-34.371	3.874
-34.204	4.338
-33.076	7.472
-33.696	5.259
-33.448	6.154
POLYLINE BLACK
-33.457	5.883
-32.813	7.384
-33.122	6.858
-32.695	7.546
POLYLINE BLACK
-35.097	-1.388
-35.153	-1.363
-35.208	-1.335
-35.265	-1.314
-35.297	-1.302
-35.380	-1.297
-35.412	-1.307
-35.784	-1.420
-36.142	-1.579
-36.521	-1.665
-36.700	-1.705
-37.221	-1.776
-37.520	-1.727
-37.623	-1.711
-37.733	-1.662
-37.818	-1.606
-38.404	-1.223
-38.422	-0.849
-38.628	-0.074
-38.692	0.168
-38.702	0.422
-38.749	0.669
-38.772	0.790
-38.814	0.906
-38.836	1.028
-38.885	1.302
-38.781	1.642
-38.715	1.904
POLYLINE BLACK
-38.817	1.053
-38.829	1.188
-38.831	1.325
-38.855	1.458
-38.936	1.907
-39.129	2.376
-39.363	2.755
-39.530	3.028
-39.774	3.246
-39.955	3.510
-40.084	3.699
-40.164	3.917
-40.288	4.109
-40.481	4.408
-40.717	4.678
-40.906	4.978
-40.978	5.091
-41.020	5.221
-41.069	5.346
-41.168	5.599
-41.274	5.851
-41.350	6.113
-41.424	6.369
-41.379	6.537
-41.487	6.751
-41.545	6.865
-41.600	6.981
-41.677	7.083
-41.852	7.313
-41.976	7.404
-42.175	7.571
POLYLINE BLACK
-39.838	8.747
-39.592	8.349
-39.634	8.474
-39.522	8.161
-39.503	8.108
-39.491	8.052
-39.468	8.000
-39.433	7.920
-39.377	7.851
-39.350	7.769
-39.302	7.625
-39.266	7.169
-39.071	7.035
-38.995	6.983
-38.906	6.973
-38.817	6.947
POLYLINE BLACK
-38.883	7.005
-37.604	7.197
-38.847	6.977
-36.990	7.490
-36.821	7.537
-36.643	7.549
-36.472	7.590
-36.333	7.623
-36.149	7.778
-36.061	7.839
POLYLINE BLACK
-40.822	4.594
-39.303	6.624
-39.934	5.692
-38.877	7.353
POLYLINE BLACK
-40.446	4.279
-40.455	4.334
-40.513	4.457
-40.464	4.524
-40.408	4.599
-40.237	4.597
-40.164	4.583
-39.979	4.548
-39.795	4.502
-39.614	4.451
-39.424	4.397
-39.091	4.100
-39.030	4.061
-38.772	3.908
-38.514	3.756
-38.257	3.603
-38.232	3.587
-38.162	3.534
-38.182	3.556
-38.507	3.893
-38.844	4.218
-39.172	4.552
-39.604	4.991
-39.562	5.034
-39.920	5.260
-39.930	5.267
-39.943	5.269
-39.955	5.272
-40.015	5.289
-40.074	5.304
-40.134	5.320
POLYLINE BLACK
-39.811	5.997
-39.453	5.921
-39.236	5.709
-38.919	5.536
-38.740	5.438
-38.546	5.368
-38.367	5.270
-38.197	5.177
-38.048	5.050
-37.939	4.890
-37.937	4.888
-37.943	4.893
-37.945	4.895
-38.363	5.477
-38.797	6.047
-39.198	6.640
-39.228	6.684
-39.218	6.743
-39.228	6.795
POLYLINE BLACK
-41.015	8.612
-41.346	10.655
POLYLINE BLACK
-42.561	10.981
-42.593	11.340
-42.631	11.698
-42.657	12.057
-42.665	12.169
-42.633	11.834
-42.615	11.724
-42.572	11.477
-42.400	11.572
-42.286	11.714
-42.240	11.772
-42.203	11.837
-42.156	11.895
-42.043	12.034
-41.987	11.660
-41.987	11.651
-41.976	11.478
-41.981	11.304
-41.979	11.130
POLYLINE BLACK
-41.680	11.904
-41.697	11.759
-41.716	11.706
-41.686	11.568
-41.666	11.479
-41.639	11.391
-41.610	11.304
-41.573	11.196
-41.499	11.221
-41.464	11.313
-41.414	11.442
-41.311	11.672
-41.333	11.836
-41.354	11.989
-41.566	11.881
-41.623	11.814
-41.677	11.750
-41.688	11.656
-41.708	11.581
POLYLINE BLACK
-41.145	11.053
-41.145	11.093
-41.213	11.790
-41.143	12.083
-41.136	12.114
-41.123	12.144
-41.111	12.174
-41.101	12.199
-41.082	12.221
-41.076	12.247
-41.075	12.256
-41.083	12.266
-41.091	12.267
-41.229	12.286
-41.458	11.989
-41.490	11.956
POLYLINE BLACK
-40.479	12.368
-40.581	12.159
-40.690	11.954
-40.784	11.742
-40.811	11.679
-40.828	11.611
-40.842	11.544
-40.851	11.496
-40.856	11.448
-40.855	11.399
-40.855	11.355
-40.844	11.297
-40.795	11.357
-40.746	11.415
-40.708	11.482
-40.664	11.545
POLYLINE BLACK
-40.479	12.235
-40.419	12.276
-40.361	12.320
-40.298	12.356
-40.286	12.363
-40.271	12.364
-40.258	12.363
-40.214	12.360
-40.182	12.307
-40.177	12.268
-40.151	12.082
-40.156	11.891
-40.115	11.708
-40.099	11.636
-40.043	11.579
-40.007	11.514
POLYLINE BLACK
-39.681	12.235
-39.628	12.264
-39.577	12.297
-39.521	12.321
-39.463	12.347
-39.446	12.279
-39.444	12.239
-39.441	12.186
-39.448	12.132
-39.444	12.079
-39.439	12.019
-39.410	11.824
-39.311	11.830
-39.259	11.834
-39.202	11.889
-39.173	11.925
-39.039	12.087
-38.917	12.260
-38.958	12.478
-38.966	12.523
-38.993	12.646
-39.054	12.659
-39.082	12.665
-39.113	12.631
-39.122	12.612
-39.163	12.530
-39.216	12.450
-39.231	12.359
-39.385	11.466
-39.370	11.539
-39.333	10.934
POLYLINE BLACK
-38.913	11.445
-38.885	11.683
-38.859	11.920
-38.829	12.157
-38.818	12.248
-38.789	12.086
-38.765	12.060
-38.680	11.966
-38.492	12.026
-38.404	12.083
-38.347	12.121
-38.287	12.193
-38.245	12.238
POLYLINE BLACK
-38.601	12.169
-38.637	11.891
-38.641	11.606
-38.532	11.342
-38.461	11.171
-38.369	11.071
-38.256	10.918
POLYLINE BLACK
-36.281	7.737
-36.261	7.956
-36.265	8.282
-36.172	8.514
-36.138	8.601
-36.106	8.693
-36.046	8.765
-34.930	10.120
-35.210	9.856
-34.371	10.528
POLYLINE BLACK
-32.690	7.396
-32.742	7.789
-32.579	8.471
-32.813	8.897
-33.017	9.268
-33.175	9.392
-33.266	9.730
-33.301	9.859
-33.298	10.101
-33.303	10.200
POLYLINE BLACK
-37.460	1.737
-37.353	1.857
-37.046	2.612
-36.667	2.488
-36.563	2.453
-36.205	2.281
-35.987	2.286
-35.780	2.290
-35.600	2.420
-35.426	2.512
POLYLINE BLACK
-35.613	6.869
-35.467	7.113
-35.326	7.361
-35.176	7.602
-35.065	7.780
-34.965	7.790
-34.807	7.674
-34.691	7.588
-34.351	7.259
-34.120	7.277
-33.764	7.304
-33.401	7.881
-33.264	8.035
POLYLINE BLACK
-37.043	4.422
-37.042	4.261
-37.042	4.100
-37.042	3.939
-37.032	3.918
-37.028	3.892
-37.013	3.874
-36.959	3.811
-36.850	3.871
-36.805	3.908
-36.719	3.978
-36.633	4.048
-36.560	4.130
-36.552	4.139
-36.580	4.143
-36.590	4.149
-36.706	4.100
-36.821	4.050
-36.936	4.001
POLYLINE BLACK
-35.651	3.963
-35.668	3.837
-35.693	3.712
-35.701	3.585
-35.705	3.530
-35.666	3.516
-35.623	3.536
-35.515	3.585
-35.232	3.864
-35.251	3.993
-35.268	4.106
-35.479	4.066
-35.542	4.039
-35.616	4.006
-35.685	3.946
-35.722	3.873
-35.776	3.769
-35.825	3.663
-35.877	3.559
POLYLINE BLACK
-34.141	5.971
-34.267	5.940
-34.395	5.916
-34.519	5.877
-34.540	5.870
-34.558	5.853
-34.571	5.835
-34.666	5.708
-34.437	5.550
-34.320	5.563
-34.191	5.577
-34.066	5.667
-33.990	5.769
-33.933	5.846
-33.902	5.927
-33.879	6.021
-33.854	6.121
-33.843	6.493
-34.031	6.464
-34.198	6.437
-34.479	6.021
-34.541	5.946
POLYLINE BLACK
-33.609	9.281
-33.710	9.243
-33.826	9.222
-33.909	9.147
-34.063	9.008
-34.187	8.610
-33.923	8.518
-33.858	8.495
-33.777	8.484
-33.710	8.506
-33.539	8.562
-33.506	9.008
-33.723	8.958
-33.753	8.951
-33.781	8.938
-33.808	8.923
-33.896	8.875
-33.982	8.822
-34.069	8.771
POLYLINE BLACK
-36.566	5.997
-36.637	5.904
-36.707	5.811
-36.778	5.718
-36.780	5.709
-36.790	5.699
-36.785	5.691
-36.782	5.684
-36.771	5.687
-36.764	5.689
-36.746	5.694
-36.728	5.702
-36.713	5.713
-36.532	5.842
-35.920	6.193
-35.897	6.537
-35.887	6.691
-36.004	6.769
-36.137	6.676
-36.216	6.621
-36.329	6.547
-36.394	6.460
-36.532	6.275
-36.667	6.086
-36.804	5.899
POLYLINE BLACK
-37.170	0.384
-37.463	0.331
-37.713	0.249
-37.844	-0.036
-37.955	-0.280
-37.862	-0.590
-37.782	-0.822
-37.660	-1.174
-37.384	-1.384
-37.058	-1.102
-36.747	-0.832
-36.510	-0.452
-36.437	-0.043
-36.412	0.098
-36.401	0.400
-36.637	0.295
-36.872	0.191
-37.204	-0.099
-37.332	-0.194
POLYLINE BLACK
-35.120	0.614
-35.264	0.361
-35.375	0.195
-35.112	-0.001
-35.061	-0.038
-34.992	-0.065
-34.930	-0.040
-34.819	0.005
-34.651	0.318
-34.847	0.341
-34.988	0.358
-35.197	0.252
-35.302	0.214
POLYLINE BLACK
-36.183	1.571
-36.238	1.397
-36.316	1.228
-36.347	1.048
-36.352	1.024
-36.293	1.044
-36.273	1.058
-36.208	1.107
-36.155	1.170
-36.101	1.230
-36.060	1.276
-35.972	1.418
-36.093	1.440
-36.112	1.443
-36.134	1.439
-36.152	1.432
-36.261	1.388
-36.366	1.335
-36.472	1.286
POLYLINE BLACK
-33.055	9.750
-33.085	9.955
-33.109	10.178
-33.025	10.375
-32.958	10.531
-32.882	10.682
-32.803	10.831
-32.673	11.074
-32.695	10.936
-32.621	11.167
-32.580	11.294
-32.604	11.425
-32.590	11.556
-32.562	11.818
-32.493	12.054
-32.566	12.313
-32.625	12.521
-32.842	12.668
-33.039	12.729
-33.115	12.753
-33.194	12.765
-33.272	12.782
POLYLINE BLACK
-34.285	10.514
-34.436	11.126
-34.491	11.135
-34.485	11.646
-34.483	11.739
-34.427	12.023
-34.489	12.142
-34.515	12.193
-34.550	12.241
-34.581	12.290
POLYLINE BLACK
-34.445	12.194
-34.779	12.380
-34.782	12.393
-34.947	12.766
-34.982	12.843
-34.999	12.927
-35.037	13.003
-35.074	13.077
-35.126	13.142
-35.170	13.212
POLYLINE BLACK
-33.286	12.749
-33.315	12.803
-33.339	12.860
-33.374	12.910
-33.456	13.027
-33.549	13.136
-33.637	13.250
-33.765	13.438
-33.894	13.626
-34.022	13.814
POLYLINE BLACK
-33.886	13.609
-33.904	13.661
-33.926	13.711
-33.941	13.764
-33.984	13.921
-33.921	14.142
-33.855	14.268
-33.586	14.792
-33.012	15.519
-32.817	16.221
POLYLINE BLACK
-35.067	13.040
-35.090	13.081
-35.117	13.120
-35.136	13.163
-35.153	13.203
-35.165	13.245
-35.173	13.287
-35.197	13.418
-35.236	13.594
-35.211	13.739
-35.162	14.019
-35.051	14.216
-34.896	14.481
-34.693	14.826
-34.075	15.714
-33.844	16.228
-33.792	16.343
-33.768	16.468
-33.730	16.588
POLYLINE BLACK
-34.022	16.087
-33.992	16.118
-33.960	16.148
-33.932	16.181
-33.873	16.251
-33.869	16.371
-33.916	16.449
-33.992	16.575
-34.117	16.633
-34.249	16.696
-34.377	16.757
-34.597	16.753
-34.703	16.779
-35.102	16.914
-34.930	16.870
-35.214	16.933
POLYLINE BLACK
-32.864	16.108
-32.862	16.150
-32.856	16.193
-32.856	16.235
-32.856	16.259
-32.858	16.282
-32.866	16.305
-32.921	16.470
-32.980	16.636
-33.046	16.798
-33.122	16.985
-33.318	17.180
-33.486	17.279
-33.603	17.348
-33.732	17.398
-33.859	17.449
-33.902	17.466
-33.949	17.476
-33.995	17.482
-34.868	17.593
-34.402	17.494
-34.764	17.575
POLYLINE BLACK
-34.572	17.570
-34.838	17.633
-34.691	17.612
-35.013	17.618
POLYLINE BLACK
-35.982	17.580
-35.292	17.417
-35.577	17.453
-35.136	17.414
POLYLINE BLACK
-35.958	17.642
-35.881	17.349
-35.949	17.564
-35.860	17.356
-35.852	17.337
-35.820	17.292
-35.840	17.298
-35.876	17.308
-35.958	17.453
-35.968	17.471
-36.057	17.638
-35.871	17.729
-35.740	17.773
-35.500	17.853
-35.561	17.841
-35.415	17.860
POLYLINE BLACK
-35.051	17.061
-35.018	17.122
-34.988	17.184
-34.951	17.243
-34.937	17.266
-34.919	17.286
-34.900	17.305
-34.786	17.424
-34.768	17.275
-34.727	17.186
-34.705	17.139
-34.658	17.074
-34.597	17.082
-34.519	17.093
-34.351	17.275
-34.337	17.284
-34.274	17.320
-34.198	17.330
-34.129	17.353
POLYLINE BLACK
-33.821	16.672
-33.793	16.686
-33.717	16.802
-33.649	16.798
-33.595	16.796
-33.575	16.722
-33.551	16.689
-33.542	16.675
-33.531	16.664
-33.519	16.652
-33.386	16.528
-33.190	16.660
-33.072	16.722
POLYLINE BLACK
-33.667	15.568
-33.716	15.509
-33.767	15.453
-33.815	15.393
-33.908	15.276
-33.670	15.269
-33.597	15.361
-33.539	15.435
-33.464	15.557
-33.475	15.654
-33.487	15.756
-33.631	15.776
-33.711	15.774
-33.746	15.773
-33.781	15.761
-33.812	15.746
-33.897	15.704
-33.929	15.662
-34.008	15.592
POLYLINE BLACK
-34.174	14.903
-34.238	14.834
-34.291	14.773
-34.309	14.680
-34.323	14.607
-34.330	14.493
-34.237	14.472
-34.219	14.468
-34.199	14.469
-34.182	14.476
-34.106	14.512
-34.067	14.604
-34.037	14.675
-33.998	14.771
-34.038	14.816
-34.135	14.821
-34.170	14.822
-34.208	14.814
-34.237	14.793
-34.282	14.761
-34.296	14.700
-34.316	14.654
POLYLINE BLACK
-33.617	14.884
-33.620	14.834
-33.631	14.784
-33.627	14.733
-33.627	14.726
-33.612	14.728
-33.607	14.733
-33.572	14.765
-33.467	14.922
-33.601	14.880
-33.610	14.877
-33.619	14.871
-33.627	14.865
-33.681	14.827
-33.734	14.788
-33.788	14.749
POLYLINE BLACK
-34.781	14.047
-34.838	13.981
-34.897	13.917
-34.950	13.848
-34.997	13.788
-35.015	13.715
-35.017	13.640
-35.019	13.542
-35.005	13.457
-34.898	13.442
-34.861	13.437
-34.822	13.440
-34.789	13.459
-34.721	13.497
-34.663	13.606
-34.684	13.684
-34.689	13.702
-34.722	13.755
-34.749	13.745
-34.803	13.725
-34.853	13.695
-34.906	13.669
POLYLINE BLACK
-34.359	13.285
-34.387	13.193
-34.419	13.103
-34.444	13.009
-34.454	12.972
-34.461	12.919
-34.453	12.877
-34.442	12.816
-34.392	12.730
-34.319	12.752
-34.233	12.778
-34.157	12.888
-34.117	12.964
-34.099	12.998
-34.069	13.065
-34.088	13.107
-34.113	13.164
-34.212	13.131
-34.249	13.112
-34.318	13.075
-34.362	13.001
-34.408	12.941
POLYLINE BLACK
-33.518	12.690
-33.600	12.587
-33.686	12.486
-33.765	12.380
-33.805	12.326
-33.839	12.251
-33.826	12.181
-33.805	12.063
-33.688	11.989
-33.586	12.067
-33.548	12.095
-33.516	12.131
-33.500	12.176
-33.474	12.245
-33.481	12.360
-33.577	12.359
-33.727	12.356
-33.843	12.242
-33.958	12.162
POLYLINE BLACK
-34.029	11.223
-34.025	11.236
-33.959	11.506
-33.904	11.508
-33.896	11.509
-33.890	11.500
-33.887	11.492
-33.864	11.444
-33.872	11.269
-33.766	11.304
-33.605	11.357
-33.444	11.414
-33.283	11.468
POLYLINE BLACK
-22.233	0.702
-22.039	0.573
-21.856	0.426
-21.651	0.314
-21.444	0.201
-21.214	0.134
-21.001	0.030
-20.948	0.004
-20.902	-0.035
-20.858	-0.075
-20.724	-0.196
-20.605	-0.333
-20.470	-0.454
-20.433	-0.487
-20.387	-0.511
-20.343	-0.536
-20.231	-0.600
-20.114	-0.655
-20.004	-0.723
-19.897	-0.788
-19.798	-0.865
-19.695	-0.936
POLYLINE BLACK
-23.082	-0.904
-22.166	0.458
-22.577	-0.049
-21.942	0.689
POLYLINE BLACK
-22.654	0.370
-22.252	0.143
POLYLINE BLACK
-22.948	0.131
-22.598	-0.055
-22.800	0.042
-22.335	-0.147
POLYLINE BLACK
-23.165	-0.387
-22.731	-0.658
POLYLINE BLACK
-23.520	-0.891
-23.286	-1.013
POLYLINE BLACK
-25.390	-1.589
-24.805	-1.536
-24.043	-1.325
-23.444	-1.595
-23.193	-1.709
-22.964	-1.872
-22.707	-1.971
-22.440	-2.073
-22.154	-2.111
-21.881	-2.194
-21.849	-2.203
-21.847	-2.251
-21.853	-2.274
-21.874	-2.354
-22.013	-2.497
-22.033	-2.514
-22.323	-2.764
-22.630	-2.995
-22.929	-3.236
POLYLINE BLACK
-21.974	-4.034
-21.627	-3.573
-21.726	-3.668
-21.185	-3.182
-21.050	-3.061
-20.875	-2.993
-20.694	-3.013
-20.448	-3.041
-20.290	-3.179
-20.081	-3.313
POLYLINE BLACK
-23.688	-1.531
-23.248	-0.916
-23.475	-1.164
-23.044	-0.758
POLYLINE BLACK
-23.813	-1.049
-23.519	-1.225
POLYLINE BLACK
-20.908	0.449
-20.901	0.665
-20.894	0.881
-20.888	1.097
-20.879	1.126
-20.881	1.161
-20.861	1.183
-20.851	1.194
-20.827	1.186
-20.816	1.176
-20.741	1.112
-20.749	1.012
-20.617	1.005
-20.584	1.004
-20.549	1.011
-20.519	1.023
-20.485	1.036
-20.448	1.054
-20.424	1.082
-20.382	1.132
-20.402	1.231
-20.454	1.269
-20.466	1.277
-20.483	1.271
-20.498	1.271
-20.601	1.267
-20.705	1.261
-20.809	1.256
POLYLINE BLACK
-20.259	0.219
-20.316	0.218
POLYLINE BLACK
-19.656	1.432
-19.755	1.238
-19.858	1.046
-19.952	0.850
-20.012	0.726
-19.883	0.662
-19.779	0.669
-19.708	0.673
-19.654	0.707
-19.599	0.748
-19.558	0.778
-19.528	0.836
-19.478	0.839
-19.450	0.840
-19.474	0.781
-19.480	0.753
-19.516	0.590
-19.585	0.433
-19.604	0.267
-19.623	0.106
-19.596	-0.057
-19.592	-0.219
POLYLINE BLACK
-20.719	-1.397
-20.926	-1.341
-21.232	-1.168
-21.443	-1.325
-21.530	-1.390
-21.593	-1.494
-21.629	-1.595
-21.685	-1.750
-21.708	-1.939
-21.640	-2.095
-21.519	-2.372
-21.185	-2.572
-20.882	-2.511
-20.546	-2.443
-20.393	-2.130
-20.319	-1.827
-20.297	-1.736
-20.320	-1.626
-20.380	-1.554
-20.535	-1.365
-20.655	-1.384
-20.885	-1.387
POLYLINE BLACK
-23.491	-4.600
-23.453	-4.489
-23.428	-4.353
-23.332	-4.271
-23.173	-4.135
-22.806	-4.099
-22.756	-4.357
-22.743	-4.419
-22.747	-4.483
-22.773	-4.542
-22.817	-4.640
-22.877	-4.700
-22.963	-4.777
-23.016	-4.824
-23.077	-4.861
-23.133	-4.904
-23.149	-4.916
-23.169	-4.925
-23.180	-4.942
-23.256	-5.056
-23.323	-5.176
-23.395	-5.292
POLYLINE BLACK
-23.554	-5.998
-23.707	-6.002
POLYLINE BLACK
-24.478	-6.829
-24.837	-6.991
-25.235	-7.169
-25.351	-7.580
-25.381	-7.684
-25.393	-7.813
-25.305	-7.892
-25.193	-7.992
-24.984	-7.972
-24.861	-7.982
POLYLINE BLACK
-24.008	-7.816
-24.040	-7.650
POLYLINE BLACK
-23.734	-6.411
-23.772	-6.430
POLYLINE BLACK
-23.884	-8.601
-23.829	-8.247
-23.772	-7.893
-23.720	-7.539
-23.699	-7.392
-23.709	-7.305
-23.589	-7.200
-23.450	-7.078
-23.183	-7.040
-23.054	-6.998
POLYLINE BLACK
-23.204	-7.311
-23.101	-7.385
POLYLINE BLACK
-23.606	-7.867
-23.261	-7.899
POLYLINE BLACK
-22.680	-8.499
-22.562	-7.969
-22.445	-7.438
-22.327	-6.908
-22.341	-6.994
-22.363	-7.080
-22.368	-7.167
-22.369	-7.184
-22.361	-7.205
-22.346	-7.212
-22.311	-7.229
-22.246	-7.168
-22.233	-7.154
-22.178	-7.096
-22.129	-7.033
-22.077	-6.973
POLYLINE BLACK
-22.610	-7.646
-22.374	-7.897
-22.171	-8.165
-21.949	-8.426
POLYLINE BLACK
-21.872	-8.502
-21.772	-8.239
-21.682	-7.972
-21.572	-7.713
-21.540	-7.638
-21.492	-7.571
-21.446	-7.503
-21.372	-7.396
-21.318	-7.531
-21.313	-7.598
-21.303	-7.749
-21.287	-7.901
-21.297	-8.052
-21.314	-8.298
-21.361	-8.542
-21.393	-8.786
POLYLINE BLACK
-21.703	-8.026
-21.378	-8.226
-21.313	-8.245
-20.966	-8.295
POLYLINE BLACK
-20.723	-7.337
-20.745	-7.598
-20.767	-7.859
-20.789	-8.120
-20.785	-8.142
-20.785	-8.166
-20.778	-8.188
-20.726	-8.353
-20.591	-7.913
-20.487	-8.028
-20.409	-8.116
-20.439	-8.264
-20.399	-8.369
-20.383	-8.412
-20.357	-8.440
-20.317	-8.400
-20.293	-8.377
-20.275	-8.348
-20.261	-8.317
-20.158	-8.094
-20.074	-7.864
-19.969	-7.642
-19.962	-7.628
-19.945	-7.619
-19.929	-7.618
-19.866	-7.614
-19.775	-7.784
-19.762	-7.803
POLYLINE BLACK
-19.366	-7.458
-19.344	-7.612
-19.329	-7.768
-19.300	-7.921
-19.270	-8.078
-19.120	-7.871
-19.099	-7.851
-19.059	-7.813
-19.055	-7.909
-19.056	-7.917
-19.112	-8.248
-19.175	-8.577
-19.235	-8.908
POLYLINE BLACK
-25.627	-10.836
-25.586	-10.401
-25.544	-9.966
-25.503	-9.530
-25.493	-9.501
-25.485	-9.471
-25.472	-9.443
-25.413	-9.316
-25.303	-9.390
-25.206	-9.405
-25.024	-9.432
-24.939	-9.175
-24.922	-9.040
-24.902	-8.878
-25.055	-8.913
-25.151	-8.975
-25.266	-9.050
-25.371	-9.139
-25.480	-9.221
POLYLINE BLACK
-25.135	-10.667
-25.134	-10.657
-25.061	-9.741
-24.895	-9.391
-24.806	-9.204
-24.671	-9.468
-24.561	-9.254
-24.546	-9.226
-24.522	-9.198
-24.523	-9.166
-24.524	-9.152
-24.551	-9.161
-24.564	-9.159
-24.600	-9.220
-24.644	-9.277
-24.672	-9.342
-24.808	-9.662
-24.865	-9.989
-24.842	-10.335
-24.829	-10.532
-24.719	-10.614
-24.540	-10.513
-24.477	-10.477
-24.415	-10.438
-24.358	-10.395
-24.323	-10.369
-24.293	-10.337
-24.264	-10.305
-24.247	-10.286
-24.233	-10.265
-24.221	-10.243
-24.209	-10.221
-24.207	-10.193
-24.191	-10.173
-24.184	-10.165
-24.163	-10.159
-24.159	-10.169
-24.149	-10.196
-24.163	-10.227
-24.160	-10.255
-24.151	-10.344
-24.090	-10.550
-23.962	-10.493
-23.919	-10.474
-23.873	-10.430
-23.845	-10.398
-23.687	-10.212
-23.600	-9.980
-23.649	-9.735
-23.673	-9.611
-23.773	-9.626
-23.823	-9.725
-23.888	-9.853
-23.951	-9.982
-24.015	-10.111
POLYLINE BLACK
-23.399	-10.689
-23.354	-10.399
-23.313	-10.108
-23.264	-9.818
-23.258	-9.786
-23.226	-9.720
-23.182	-9.722
-23.091	-9.728
-22.996	-9.962
-22.977	-10.016
-22.936	-10.138
-22.895	-10.283
-22.961	-10.406
-23.055	-10.583
-23.320	-10.632
-23.482	-10.689
POLYLINE BLACK
-22.109	-9.323
-22.269	-9.739
-22.433	-10.153
-22.589	-10.570
-22.617	-10.646
-22.549	-10.783
-22.464	-10.791
-22.344	-10.802
-22.223	-10.802
-22.102	-10.808
POLYLINE BLACK
-21.658	-10.897
-21.610	-10.503
-21.566	-10.108
-21.513	-9.714
-21.507	-9.670
-21.461	-9.633
-21.420	-9.623
-21.404	-9.619
-21.387	-9.618
-21.370	-9.619
-21.213	-9.627
-21.056	-9.641
-20.899	-9.652
POLYLINE BLACK
-21.614	-10.683
-21.136	-10.397
-21.336	-10.537
-21.001	-10.281
POLYLINE BLACK
-21.566	-10.709
-21.269	-10.834
-21.440	-10.784
-21.045	-10.827
POLYLINE BLACK
-20.972	-11.037
-20.837	-10.746
-20.711	-10.450
-20.567	-10.162
-20.532	-10.093
-20.483	-10.032
-20.435	-9.970
-20.393	-9.917
-20.333	-9.861
-20.272	-9.827
-19.998	-9.675
-20.214	-10.146
-20.111	-10.239
-20.053	-10.291
-19.970	-10.243
-19.907	-10.233
-19.789	-10.216
-19.723	-10.322
-19.715	-10.429
-19.703	-10.582
-19.701	-10.737
-19.695	-10.891
POLYLINE BLACK
-20.372	-3.135
-20.104	-3.097
-19.934	-3.102
-19.700	-2.985
-19.424	-2.848
-19.160	-2.687
-18.886	-2.545
-18.867	-2.535
-18.844	-2.533
-18.823	-2.531
-18.512	-2.498
-18.361	-2.897
-18.358	-3.143
-18.357	-3.243
-18.360	-3.343
-18.376	-3.442
-18.424	-3.752
-18.447	-3.802
-18.523	-4.029
POLYLINE BLACK
-17.399	-3.955
-17.684	-3.508
-17.635	-3.060
-17.604	-2.544
POLYLINE BLACK
-17.613	-2.413
-17.600	-2.385
POLYLINE BLACK
-18.316	-4.383
-18.261	-4.301
-18.208	-4.216
-18.151	-4.135
-18.037	-3.976
-17.847	-4.105
-17.771	-4.230
-17.725	-4.305
-17.706	-4.399
-17.717	-4.486
-17.743	-4.689
-17.848	-4.881
-17.971	-5.040
-18.011	-5.091
-18.056	-5.138
-18.104	-5.181
-18.147	-5.219
-18.385	-5.339
-18.346	-5.429
-18.301	-5.530
-17.963	-5.626
-17.958	-5.628
POLYLINE BLACK
-18.057	-6.379
-18.095	-6.389
POLYLINE BLACK
-17.399	-2.148
-17.297	-1.809
-17.121	-1.603
-16.787	-1.476
-16.653	-1.425
-16.520	-1.366
-16.380	-1.336
-16.271	-1.313
-16.157	-1.324
-16.045	-1.318
POLYLINE BLACK
-19.813	-0.702
-18.877	-0.245
-19.581	-0.553
-18.144	-0.105
-18.056	-0.078
-17.974	-0.035
-17.885	-0.008
-17.737	0.037
-17.611	0.022
-17.453	0.023
POLYLINE BLACK
-19.245	-1.532
-19.242	-1.540
-19.365	-1.821
-19.240	-1.858
-19.224	-1.863
-19.146	-1.871
-19.136	-1.838
-19.114	-1.767
-19.117	-1.691
-19.107	-1.618
POLYLINE BLACK
-18.264	-0.322
-18.336	-0.349
-18.408	-0.372
-18.478	-0.403
-18.631	-0.470
-18.526	-0.706
-18.393	-0.724
-18.323	-0.733
-18.152	-0.700
-18.315	-0.625
-18.390	-0.591
-18.469	-0.566
-18.545	-0.536
POLYLINE BLACK
-17.358	-1.098
-17.515	-1.204
-17.623	-1.251
-17.734	-1.387
-17.810	-1.480
-17.888	-1.611
-17.876	-1.739
-17.856	-1.941
-17.573	-2.083
-17.402	-1.966
-17.271	-1.876
-17.083	-1.529
-17.260	-1.398
-17.304	-1.365
-17.349	-1.341
-17.404	-1.337
-17.519	-1.329
-17.632	-1.419
-17.722	-1.471
POLYLINE BLACK
-17.176	-0.226
-17.231	-0.352
-17.367	-0.497
-17.174	-0.521
-17.119	-0.527
-16.966	-0.503
-17.009	-0.538
-17.107	-0.618
-17.246	-0.630
-17.364	-0.676
POLYLINE BLACK
-17.581	0.141
-17.376	0.165
-17.046	0.165
-16.819	0.263
-16.528	0.388
-16.200	0.769
-15.980	0.950
-15.783	1.112
-15.790	1.058
-15.600	1.174
-15.477	1.249
-15.442	1.327
-15.319	1.427
-15.262	1.474
-15.198	1.514
-15.133	1.549
-14.866	1.694
-14.390	1.654
-14.125	1.522
-14.053	1.486
-13.986	1.440
-13.916	1.399
POLYLINE BLACK
-16.049	-1.468
-15.774	-1.298
-15.500	-1.129
-15.225	-0.959
-15.114	-0.895
-15.007	-0.823
-14.891	-0.768
-14.804	-0.726
-14.709	-0.700
-14.618	-0.667
POLYLINE BLACK
-14.855	-0.852
-14.630	-1.267
-14.410	-1.685
-14.182	-2.098
-14.101	-2.244
-13.854	-2.254
-13.719	-2.248
-13.573	-2.241
-13.293	-2.168
-13.181	-2.148
-13.148	-2.142
-13.115	-2.142
-13.082	-2.142
-12.966	-2.142
-12.850	-2.146
-12.734	-2.148
POLYLINE BLACK
-13.121	-2.123
-13.051	-2.184
-12.977	-2.240
-12.912	-2.307
-12.872	-2.348
-12.840	-2.397
-12.808	-2.444
-12.722	-2.569
-12.650	-2.702
-12.559	-2.821
-12.507	-2.890
-12.440	-2.946
-12.379	-3.006
-11.561	-3.815
-11.934	-3.493
-11.071	-4.131
POLYLINE BLACK
-9.899	-3.400
-9.983	-3.307
-10.052	-3.200
-10.150	-3.122
-10.456	-2.875
-10.791	-2.665
-11.107	-2.430
-11.323	-2.269
-11.337	-1.950
-11.143	-1.763
-11.111	-1.732
-11.044	-1.683
-10.999	-1.670
-10.902	-1.644
-10.802	-1.627
-10.703	-1.608
-10.584	-1.586
-10.227	-1.587
-10.083	-1.448
-9.930	-1.299
-10.026	-0.992
-10.031	-0.824
-10.036	-0.660
-9.973	-0.553
-9.902	-0.408
POLYLINE BLACK
-14.165	1.259
-13.883	1.398
-13.689	1.450
-13.383	1.356
-13.188	1.296
-12.911	1.212
-12.800	1.012
-12.609	0.666
-12.672	0.431
-12.598	0.009
-12.557	-0.227
-12.481	-0.422
-12.368	-0.628
-12.325	-0.706
-12.266	-0.801
-12.168	-0.815
-11.958	-0.845
-11.770	-0.591
-11.641	-0.490
-11.482	-0.366
-11.304	-0.266
-11.150	-0.136
-10.028	0.810
-11.258	-0.083
-10.257	0.617
POLYLINE BLACK
-10.602	-1.487
-10.551	-1.383
-10.452	-1.223
-10.528	-1.098
-10.602	-0.977
-10.728	-0.739
-10.872	-0.625
-11.221	-0.348
-11.655	-0.518
-11.720	-0.964
-11.756	-1.208
-11.469	-1.468
-11.261	-1.534
-11.183	-1.558
-11.101	-1.562
-11.020	-1.554
-11.005	-1.552
-10.990	-1.546
-10.979	-1.537
-10.892	-1.460
-10.811	-1.376
-10.726	-1.296
POLYLINE BLACK
-11.154	-0.740
-11.013	-0.574
POLYLINE BLACK
-11.221	-1.075
-10.745	-0.935
POLYLINE BLACK
-11.004	-1.334
-10.455	-1.481
POLYLINE BLACK
-11.148	-1.232
-11.432	-1.535
POLYLINE BLACK
-11.464	-0.884
-11.860	-0.679
POLYLINE BLACK
-11.604	-1.130
-11.850	-1.149
POLYLINE BLACK
-9.685	0.346
-7.888	0.425
POLYLINE BLACK
-5.956	0.157
-6.215	0.122
-6.475	0.098
-6.732	0.053
-6.900	0.023
-7.073	-0.053
-7.197	-0.172
-7.383	-0.351
-7.433	-0.737
-7.177	-0.883
-7.060	-0.950
-6.921	-0.910
-6.796	-0.900
POLYLINE BLACK
-6.560	-1.120
-6.566	-1.171
POLYLINE BLACK
-7.058	-1.979
-7.169	-2.013
-7.284	-2.037
-7.392	-2.082
-7.515	-2.134
-7.631	-2.200
-7.745	-2.270
-7.804	-2.305
-7.855	-2.352
-7.907	-2.397
-7.990	-2.467
-8.016	-2.582
-8.013	-2.687
-8.001	-3.010
-7.941	-3.263
-7.575	-3.111
-7.511	-3.085
-7.416	-3.030
-7.443	-2.945
-7.482	-2.820
-7.706	-2.752
-7.773	-2.716
POLYLINE BLACK
-6.607	-2.333
-6.509	-2.440
-7.193	-3.177
-7.019	-3.366
-6.932	-3.462
-6.602	-3.461
-6.582	-3.464
POLYLINE BLACK
-7.169	-2.809
-6.985	-3.088
-7.095	-2.950
-6.831	-3.215
POLYLINE BLACK
-5.854	-2.595
-5.951	-2.764
-6.051	-2.932
-6.145	-3.103
-6.179	-3.165
-6.144	-3.190
-6.090	-3.162
-6.006	-3.117
-5.990	-3.005
-5.991	-2.921
-5.994	-2.740
-6.064	-2.608
-6.122	-2.423
POLYLINE BLACK
-5.605	-1.912
-5.619	-2.319
-5.639	-2.727
-5.648	-3.134
-5.648	-3.152
-5.640	-3.168
-5.633	-3.184
-5.554	-3.354
-5.314	-3.134
-5.243	-3.336
-5.217	-3.410
-5.264	-3.677
-5.157	-3.678
-5.140	-3.678
-5.121	-3.674
-5.106	-3.664
-4.928	-3.546
-4.757	-3.418
-4.583	-3.294
POLYLINE BLACK
-4.634	-3.883
-4.484	-3.617
-4.351	-3.339
-4.183	-3.083
-4.164	-3.054
-4.177	-3.153
-4.179	-3.189
-4.188	-3.327
-4.212	-3.465
-4.217	-3.605
-4.220	-3.680
-4.211	-3.755
-4.202	-3.830
-4.192	-3.907
-4.125	-3.941
-4.056	-3.918
-3.928	-3.877
-3.697	-3.662
-3.681	-3.648
-3.590	-3.568
-3.510	-3.476
-3.424	-3.391
POLYLINE BLACK
-2.999	-2.938
-2.987	-3.063
-3.028	-3.302
-2.901	-3.411
-2.774	-3.521
-2.532	-3.491
-2.396	-3.415
-2.334	-3.380
-2.267	-3.284
-2.235	-3.247
POLYLINE BLACK
-2.422	-3.375
-2.555	-3.538
-2.982	-3.996
-3.013	-4.291
-3.030	-4.449
-3.021	-4.608
-3.025	-4.767
POLYLINE BLACK
-7.130	-0.389
-6.568	-1.095
POLYLINE BLACK
-7.655	0.184
-7.439	-0.650
-6.386	-0.970
-5.891	-1.563

ELEVATION
STATIONS
0.000	0.000	0
-0.645	-0.366	1
-2.779	-0.411	2
-2.234	-1.048	3
-3.998	-0.670	4
-6.554	1.477	5
-8.927	11.500	6
-10.049	13.143	7
-13.010	22.250	8
-15.407	22.358	9
-19.367	24.110	10
-23.487	24.931	11
-33.460	30.557	12
-37.084	28.938	13
-40.755	31.872	14
-33.891	25.806	13.1
-33.109	26.105	13.2
-34.405	25.282	13.3
-33.245	24.905	13.4
-34.701	24.905	13.5
-20.888	30.382	11.1
-18.566	29.868	11.2
-16.508	29.971	11.3
-14.712	31.959	11.4
-13.814	32.021	11.5
-10.215	32.777	11.6
-5.888	33.728	11.7
SHOTS
0.000	0.000	-0.275	-0.011
0.000	0.000	-0.226	-1.091
0.000	0.000	-0.142	0.303
0.000	0.000	0.331	-0.000
0.000	0.000	-0.645	-0.366
-0.645	-0.366	-0.923	-0.353
-0.645	-0.366	-0.532	-2.363
-0.645	-0.366	-1.163	2.175
-0.645	-0.366	-2.779	-0.411
-2.779	-0.411	-1.700	-0.467
-2.779	-0.411	-2.238	-1.522
-2.779	-0.411	-2.707	2.313
-2.779	-0.411	-2.234	-1.048
-2.234	-1.048	-2.694	-1.046
-2.234	-1.048	-2.681	3.247
-2.234	-1.048	-2.220	-2.712
-2.234	-1.048	-3.998	-0.670
-3.998	-0.670	-4.004	-0.669
-3.998	-0.670	-4.145	-2.204
-3.998	-0.670	-3.232	3.484
-3.998	-0.670	-6.554	1.477
-6.554	1.477	-8.054	1.598
-6.554	1.477	-6.960	1.503
-6.554	1.477	-8.024	1.548
-6.554	1.477	-5.599	1.116
-6.554	1.477	-6.391	0.374
-6.554	1.477	-5.957	10.636
-6.554	1.477	-8.927	11.500
-8.927	11.500	-9.824	11.986
-8.927	11.500	-9.020	11.764
-8.927	11.500	-10.043	13.142
-8.927	11.500	-10.065	13.170
-8.927	11.500	-10.049	13.143
-10.049	13.143	-10.249	13.798
-10.049	13.143	-8.945	14.168
-10.049	13.143	-8.991	13.955
-10.049	13.143	-9.775	13.430
-10.049	13.143	-13.010	22.250
-13.010	22.250	-11.993	21.921
-13.010	22.250	-12.249	22.336
-13.010	22.250	-11.286	26.723
-13.010	22.250	-15.361	22.506
-13.010	22.250	-13.430	24.450
-13.010	22.250	-15.291	22.404
-13.010	22.250	-15.407	22.358
-15.407	22.358	-15.942	22.397
-15.407	22.358	-15.524	21.854
-15.407	22.358	-15.590	23.159
-15.407	22.358	-19.367	24.110
-19.367	24.110	-21.323	24.852
-19.367	24.110	-24.786	24.863
-19.367	24.110	-25.368	25.619
-19.367	24.110	-19.434	22.658
-19.367	24.110	-15.208	22.647
-19.367	24.110	-19.384	25.765
-19.367	24.110	-23.487	24.931
-23.487	24.931	-25.929	26.471
-23.487	24.931	-25.726	27.331
-23.487	24.931	-33.460	30.557
-33.460	30.557	-32.577	30.550
-33.460	30.557	-33.414	31.100
-33.460	30.557	-34.565	31.096
-33.460	30.557	-30.551	29.909
-33.460	30.557	-33.185	29.422
-33.460	30.557	-33.305	33.400
-33.460	30.557	-37.084	28.938
-37.084	28.938	-38.206	30.951
-37.084	28.938	-38.746	29.794
-37.084	28.938	-35.240	28.888
-37.084	28.938	-33.382	26.595
-37.084	28.938	-40.755	31.872
-37.084	28.938	-33.891	25.806
-33.891	25.806	-34.364	26.060
-33.891	25.806	-32.945	25.879
-33.891	25.806	-34.014	26.707
-33.891	25.806	-33.109	26.105
-33.109	26.105	-35.204	24.781
-33.109	26.105	-35.463	24.619
-33.109	26.105	-35.445	24.614
-33.109	26.105	-34.436	25.270
-33.109	26.105	-34.431	25.270
-33.109	26.105	-32.637	26.099
-33.109	26.105	-34.453	26.191
-33.109	26.105	-34.851	27.105
-33.109	26.105	-32.994	25.561
-33.109	26.105	-34.405	25.282
-34.405	25.282	-33.235	24.893
-34.405	25.282	-33.227	24.893
-34.405	25.282	-33.248	24.898
-34.405	25.282	-35.682	25.259
-34.405	25.282	-34.427	25.804
-34.405	25.282	-33.245	24.905
-33.245	24.905	-34.701	24.905
-23.487	24.931	-20.888	30.382
-20.888	30.382	-22.798	29.981
-20.888	30.382	-21.089	28.983
-20.888	30.382	-21.078	30.408
-20.888	30.382	-18.586	29.859
-20.888	30.382	-18.607	29.869
-20.888	30.382	-18.566	29.868
-18.566	29.868	-16.508	29.971
-16.508	29.971	-14.438	30.070
-16.508	29.971	-14.444	30.067
-16.508	29.971	-16.295	29.954
-16.508	29.971	-16.606	28.976
-16.508	29.971	-16.921	30.932
-16.508	29.971	-14.712	31.959
-14.712	31.959	-13.199	31.601
-14.712	31.959	-14.813	30.863
-14.712	31.959	-15.105	31.752
-14.712	31.959	-13.814	32.021
-13.814	32.021	-10.215	32.777
-10.215	32.777	-5.888	33.728

