TRIP
DATE 2025-08-25
DECLINATION 0.0
DATA
0		51.19	-41.86	0.874	>
0		50.76	-41.61	0.875	>
0		51.41	-41.25	0.878	>
0		54.77	22.64	8.380	>
0		55.02	22.70	8.378	>
0		55.18	22.66	8.386	>
0		65.61	22.69	8.376	>
0		65.76	22.70	8.381	>
0		65.82	22.58	8.384	>
0	1	65.73	22.65	8.380	>
1		171.79	9.19	1.380	>
1		128.05	8.71	1.934	>
1		108.36	2.18	2.815	>
1		94.42	4.24	0.466	>
1		90.68	8.11	1.217	>
1		132.19	39.13	0.920	>
1		95.63	-58.44	1.608	>
1		100.60	0.68	3.116	>
1		100.63	0.65	3.110	>
1		100.59	0.64	3.107	>
1	2	100.61	0.66	3.111	>
2		168.46	-23.62	0.395	>
2		351.40	-6.78	1.167	>
2		248.81	-78.48	0.781	>
2		106.91	18.34	1.492	>
2		75.29	0.10	0.998	>
2		92.86	4.31	2.274	>
2		86.15	3.04	2.575	>
2		86.17	3.07	2.618	>
2		86.21	3.09	2.589	>
2		86.47	3.04	2.579	>
2		86.62	3.14	2.593	>
2	3	86.43	3.09	2.587	>
3		346.82	0.36	0.933	>
3		349.93	1.57	0.928	>
3		282.43	-69.14	0.354	>
3		7.11	42.35	0.934	>
3		51.08	21.25	1.622	>
3		72.28	30.35	1.001	>
3		67.92	22.37	2.664	>
3		67.84	22.31	2.659	>
3		67.85	22.28	2.665	>
3	4	67.87	22.32	2.663	>
4		67.81	22.04	2.677	>
4		194.25	8.66	1.077	>
4		145.79	17.81	1.352	>
4		124.94	24.91	2.957	>
4		205.88	-67.92	0.563	>
4		47.71	-16.14	0.409	>
4		119.24	27.04	3.065	>
4		119.36	27.12	3.062	>
4		119.26	27.06	3.063	>
4	5	119.28	27.07	3.063	>
5		2.76	-6.38	0.817	>
5		344.26	45.34	0.675	>
5		11.71	-41.43	0.657	>
5		70.44	18.96	1.898	>
5		59.37	15.85	2.029	>
5		18.86	21.02	0.981	>
5		29.95	22.68	1.861	>
5		45.82	21.22	2.571	>
5		42.41	39.20	1.618	>
5		45.29	1.47	1.439	>
5		54.99	17.07	3.587	>
5		55.07	17.17	3.610	>
5		55.07	17.07	3.592	>
5	6	55.04	17.10	3.596	>
6		165.90	8.04	0.775	>
6		149.55	52.82	0.736	>
6		194.55	-64.89	0.452	>
6		80.95	46.61	1.597	>
6		104.43	12.28	1.665	>
6		65.12	9.09	1.092	>
6		77.85	8.53	5.775	>
6		88.58	9.01	5.937	>
6		76.68	39.76	2.103	>
6		77.26	39.88	2.078	>
6		77.12	39.69	2.080	>
6	7	77.02	39.78	2.087	>
7		333.91	37.80	2.551	>
7		11.28	29.25	1.897	>
7		22.79	8.53	1.449	>
7		46.31	6.76	2.137	>
7		49.60	4.20	3.195	>
7		68.19	-0.52	6.168	>
7		94.60	-8.88	4.354	>
7		74.94	-35.27	4.615	>
7		98.06	-42.86	6.302	>
7		48.41	-6.06	2.318	>
7		48.41	-6.06	2.318	>
7		48.49	-6.05	2.321	>
7	8	48.43	-6.06	2.319	>
8		82.01	1.51	4.140	>
8		108.51	2.32	1.897	>
8		141.42	4.15	3.719	>
8		167.87	-0.44	5.279	>
8		174.29	-4.34	7.752	>
8		183.69	-2.97	2.528	>
8		200.04	-2.63	2.174	>
8		123.70	63.31	7.249	>
8		142.64	56.49	8.708	>
8		138.36	-40.83	19.287	>
8		141.05	-50.27	10.009	>
8		143.25	-66.62	11.691	>
8		143.98	-68.13	11.514	>
8		159.61	-50.52	9.438	>
8		172.19	-47.63	12.782	>
8		159.46	-68.62	14.413	>
8		159.63	-68.65	14.411	>
8		159.82	-68.60	14.418	>
8	9	159.64	-68.62	14.414	>
9		185.35	12.66	2.519	>
9		200.47	7.70	5.803	>
9		207.66	6.67	7.298	>
9		228.56	3.25	5.612	>
9		245.16	2.64	4.284	>
9		254.47	2.58	3.497	>
9		209.96	-43.67	7.683	>
9		51.10	-87.31	5.008	>
9		0.80	78.24	19.598	>
9		317.83	84.56	16.012	>
9		211.78	75.94	14.057	>
9		216.81	61.59	11.401	>
9		204.01	57.27	12.822	>
9		38.21	-33.57	0.907	>
9		38.20	-33.51	0.904	>
9		38.33	-33.65	0.907	>
9	10	38.25	-33.58	0.906	>
10		134.50	4.49	3.470	>
10		170.40	-2.39	0.714	>
10		185.22	85.92	10.180	>
10		124.48	-80.17	9.757	>
10		145.88	-54.68	4.512	>
10		127.34	-8.26	1.589	>
10		151.01	-8.15	2.970	>
10		135.96	4.33	3.472	>
10		136.04	4.30	3.488	>
10		136.03	4.10	3.492	>
10	11	136.01	4.24	3.484	>
11		32.62	7.78	0.978	>
11		92.20	81.01	8.052	>
11		66.87	-79.28	4.654	>
11		39.24	-35.13	1.628	>
11		97.11	22.14	2.784	>
11		112.10	25.07	3.519	>
11		122.01	24.51	4.324	>
11		133.31	23.27	4.366	>
11		139.76	20.21	1.567	>
11		127.36	53.34	6.857	>
11		124.47	27.94	4.894	>
11		124.54	28.02	4.889	>
11		124.43	28.02	4.889	>
11	12	124.48	27.99	4.891	>
12		36.31	-83.24	6.751	>
12		138.26	-51.40	3.811	>
12		221.50	-0.73	0.557	>
12		130.30	-16.32	2.190	>
12		116.28	85.22	3.003	>
12		118.94	25.26	4.749	>
12		186.27	4.81	1.456	>
12		164.43	5.26	3.038	>
12		166.34	1.97	1.574	>
12		165.98	1.92	1.578	>
12		165.92	1.94	1.576	>
12	13	166.08	1.94	1.576	>
13		56.56	3.26	4.539	>
13		68.92	-12.41	4.732	>
13		84.03	-35.94	4.455	>
13		72.29	14.72	1.560	>
13		104.30	23.13	2.972	>
13		122.01	23.06	3.342	>
13		167.42	5.77	1.530	>
13		192.73	9.56	2.444	>
13		145.47	11.05	4.343	>
13		145.38	11.02	4.344	>
13		145.39	11.08	4.340	>
13		73.34	-17.58	2.046	>
13	14	145.42	11.05	4.342	>
14		268.90	6.08	0.893	>
14		325.35	-84.48	1.291	>
14		272.55	-49.01	2.097	>
14		312.82	76.06	1.080	>
14		326.26	7.94	1.469	>
14		334.11	8.07	2.142	>
14		348.59	10.26	3.706	>
14		3.60	14.31	0.904	>
14		93.05	6.31	2.641	>
14		103.98	4.04	1.473	>
14		114.31	-6.66	2.554	>
14		132.63	-10.73	2.602	>
14		153.36	-22.75	2.738	>
14		172.42	-23.77	3.217	>
14		191.65	-23.75	3.944	>
14		191.67	-23.85	3.926	>
14		191.63	-23.84	3.932	>
14	15	191.65	-23.81	3.934	>
15		323.81	-3.32	1.146	>
15		347.88	1.19	2.106	>
15		293.70	-26.12	5.080	>
15		256.98	-11.85	2.634	>
15		232.53	-8.97	1.306	>
15		188.03	-41.26	0.855	>
15		326.47	64.76	1.048	>
15		306.48	-62.56	0.936	>
15		268.30	-30.70	7.548	>
15		268.34	-30.76	7.529	>
15		268.42	-30.62	7.533	>
15	16	268.35	-30.69	7.537	>
16		57.47	44.38	5.510	>
16		72.50	39.62	5.804	>
16		102.39	27.41	2.697	>
16		137.16	13.31	2.127	>
16		121.34	50.74	2.151	>
16		89.29	-66.97	0.397	>
16		186.88	3.29	2.625	>
16		204.72	1.01	2.935	>
16		214.08	-8.78	3.429	>
16		233.96	7.09	2.926	>
16		262.75	-0.93	1.803	>
16		246.95	10.24	3.608	>
16		246.70	10.31	3.582	>
16		246.61	10.28	3.581	>
16	17	246.75	10.28	3.590	>
17		14.91	-3.04	1.249	>
17		3.70	72.03	2.271	>
17		12.89	-54.16	0.919	>
17		237.19	13.20	0.885	>
17		338.42	3.93	2.051	>
17		312.36	6.00	3.043	>
17		269.62	15.20	1.182	>
17		292.56	11.16	1.964	>
17		302.55	9.27	2.638	>
17		302.49	9.28	2.641	>
17		302.43	9.37	2.638	>
17	18	302.49	9.31	2.639	>
18		343.22	-24.91	1.035	>
18		162.50	-32.24	1.073	>
18		196.62	82.37	1.297	>
18		238.13	-0.06	3.207	>
18		238.01	0.03	3.196	>
18		237.94	0.10	3.194	>
18	19	238.03	0.02	3.199	>
19		346.40	-24.55	1.566	>
19		183.58	21.61	1.259	>
19		332.29	75.89	2.213	>
19		321.80	-85.39	0.527	>
19		262.88	-5.66	6.117	>
19		262.89	-5.62	6.111	>
19		262.89	-5.71	6.109	>
19	20	262.89	-5.66	6.112	>
20		56.62	-10.63	2.893	>
20		111.29	5.98	0.928	>
20		44.31	5.41	1.010	>
20		143.99	80.79	1.321	>
20		97.19	-64.80	1.127	>
20		172.77	15.85	2.878	>
20		204.50	10.10	2.373	>
20		246.26	-7.32	2.537	>
20		281.98	-28.42	2.588	>
20		255.51	-20.70	2.809	>
20		255.50	-20.56	2.810	>
20		255.46	-20.41	2.809	>
20	21	255.49	-20.56	2.809	>
21		4.13	2.44	1.018	>
21		215.33	57.63	0.860	>
21		334.69	81.68	1.789	>
21		297.32	26.64	1.910	>
21		287.50	1.38	2.774	>
21		304.12	-9.57	2.163	>
21		257.48	-1.91	1.144	>
21		337.74	-48.85	0.914	>
21		337.60	-49.05	0.914	>
21		337.60	-48.88	0.916	>
21	22	337.65	-48.92	0.915	>
22		264.28	-0.87	2.280	>
22		271.86	-0.30	4.125	>
22		273.24	1.33	5.064	>
22		277.32	1.36	3.170	>
22		285.29	1.69	2.169	>
22		298.57	0.81	1.286	>
22		276.09	-0.24	7.165	>
22		73.91	-17.82	2.054	>
22		73.92	-17.83	2.052	>
13	13.1	73.73	-17.74	2.051	>
13.1		73.22	-17.51	2.046	>
13.1		73.25	-17.47	2.046	>
13.1		73.34	-17.52	2.060	>
13.1		109.08	-33.80	5.468	>
13.1		109.02	-33.88	5.473	>
13.1		108.87	-33.97	5.462	>
13.1	13.2	108.99	-33.88	5.468	>
13.2		226.89	-4.89	1.048	>
13.2		69.52	15.31	3.965	>
13.2		30.48	44.32	4.599	>
13.2		359.56	49.98	3.487	>
13.2		332.10	49.42	4.673	>
13.2		273.81	41.57	1.708	>
13.2		288.04	36.36	3.195	>
13.2		302.79	29.98	3.996	>
13.2		192.00	-72.62	2.524	>
13.2		116.17	-19.75	5.497	>
13.2		135.14	-20.93	5.409	>
13.2		152.60	-18.61	2.628	>
13.2		176.46	-23.19	1.550	>
13.2		168.71	-47.07	2.780	>
13.2		99.30	-20.89	3.153	>
13.2		143.50	-41.96	129.210	>
13.2		143.55	-41.96	13.030	>
13.2		143.47	-41.92	11.832	>
13.2		143.86	-41.79	13.069	>
13.2		143.82	-41.81	13.191	>
13.2		143.75	-41.82	13.176	>
13.2	13.3	143.81	-41.81	13.145	>
13.3		143.76	-41.80	13.196	>
13.3		62.84	-8.17	1.650	>
13.3		62.64	-8.23	1.652	>
13.3		62.66	-8.23	1.651	>
13.3	13.4	62.71	-8.21	1.651	>
13.4		116.83	-43.12	3.497	>
13.4		116.71	-43.12	3.498	>
13.4		116.86	-43.14	3.497	>
13.4	13.5	116.80	-43.13	3.497	>

PLAN
STATIONS
0.000	0.000	0
7.050	3.179	1
10.108	2.606	2
12.686	2.767	3
14.968	3.695	4
17.347	2.360	5
20.164	4.330	6
21.727	4.690	7
23.452	6.220	8
25.280	1.295	9
25.748	1.888	10
28.161	-0.612	11
31.721	-3.057	12
32.100	-4.586	13
34.519	-8.094	14
33.792	-11.619	15
27.314	-11.805	16
24.068	-13.200	17
21.871	-11.801	18
19.157	-13.495	19
13.121	-14.248	20
10.575	-14.907	21
10.346	-14.351	22
33.975	-4.038	13.1
38.267	-5.516	13.2
44.052	-13.423	13.3
45.505	-12.674	13.4
47.783	-13.825	13.5
SHOTS
0.000	0.000	6.318	4.462
0.000	0.000	6.333	4.431
0.000	0.000	6.353	4.419
0.000	0.000	7.050	3.179
7.050	3.179	7.245	1.830
7.050	3.179	8.556	2.001
7.050	3.179	9.720	2.293
7.050	3.179	7.514	3.143
7.050	3.179	8.255	3.164
7.050	3.179	7.579	2.699
7.050	3.179	7.888	3.096
7.050	3.179	10.108	2.606
10.108	2.606	10.180	2.252
10.108	2.606	9.935	3.752
10.108	2.606	9.963	2.550
10.108	2.606	11.463	2.194
10.108	2.606	11.073	2.859
10.108	2.606	12.373	2.493
10.108	2.606	12.674	2.779
10.108	2.606	12.716	2.781
10.108	2.606	12.686	2.767
12.686	2.767	12.473	3.675
12.686	2.767	12.524	3.680
12.686	2.767	12.563	2.794
12.686	2.767	12.772	3.452
12.686	2.767	13.862	3.716
12.686	2.767	13.509	3.030
12.686	2.767	14.968	3.695
14.968	3.695	17.266	4.632
14.968	3.695	14.706	2.663
14.968	3.695	15.692	2.630
14.968	3.695	17.167	2.159
14.968	3.695	14.876	3.504
14.968	3.695	15.259	3.959
14.968	3.695	17.347	2.360
17.347	2.360	17.386	3.171
17.347	2.360	17.218	2.817
17.347	2.360	17.447	2.843
17.347	2.360	19.039	2.961
17.347	2.360	19.027	3.355
17.347	2.360	17.643	3.227
17.347	2.360	18.204	3.848
17.347	2.360	19.066	4.031
17.347	2.360	18.193	3.286
17.347	2.360	18.369	3.373
17.347	2.360	20.164	4.330
20.164	4.330	20.351	3.586
20.164	4.330	20.389	3.946
20.164	4.330	20.116	4.144
20.164	4.330	21.248	4.503
20.164	4.330	21.740	3.924
20.164	4.330	21.142	4.784
20.164	4.330	25.747	5.532
20.164	4.330	26.026	4.475
20.164	4.330	21.727	4.690
21.727	4.690	20.841	6.501
21.727	4.690	22.051	6.313
21.727	4.690	22.282	6.011
21.727	4.690	23.262	6.156
21.727	4.690	24.154	6.755
21.727	4.690	27.453	6.982
21.727	4.690	26.015	4.345
21.727	4.690	25.366	5.669
21.727	4.690	26.301	4.043
21.727	4.690	23.452	6.220
23.452	6.220	27.551	6.795
23.452	6.220	25.250	5.619
23.452	6.220	25.765	3.321
23.452	6.220	24.562	1.059
23.452	6.220	24.222	-1.471
23.452	6.220	23.290	3.701
23.452	6.220	22.708	4.180
23.452	6.220	26.161	4.414
23.452	6.220	26.370	2.399
23.452	6.220	33.149	-4.686
23.452	6.220	27.474	1.245
23.452	6.220	26.228	2.503
23.452	6.220	25.975	2.751
23.452	6.220	25.543	0.595
23.452	6.220	24.622	-2.314
23.452	6.220	25.280	1.295
25.280	1.295	25.051	-1.152
25.280	1.295	23.269	-4.093
25.280	1.295	21.916	-5.125
25.280	1.295	21.080	-2.413
25.280	1.295	21.397	-0.503
25.280	1.295	21.915	0.359
25.280	1.295	22.505	-3.520
25.280	1.295	25.463	1.442
25.280	1.295	25.336	5.287
25.280	1.295	24.261	2.421
25.280	1.295	23.482	-1.608
25.280	1.295	22.031	-3.047
25.280	1.295	22.460	-5.039
25.280	1.295	25.748	1.888
25.748	1.888	28.215	-0.537
25.748	1.888	25.867	1.184
25.748	1.888	25.682	1.167
25.748	1.888	27.121	0.945
25.748	1.888	27.211	-0.272
25.748	1.888	26.998	0.934
25.748	1.888	27.173	-0.684
25.748	1.888	28.161	-0.612
28.161	-0.612	28.683	0.204
28.161	-0.612	29.418	-0.660
28.161	-0.612	28.957	-0.272
28.161	-0.612	29.003	0.419
28.161	-0.612	30.720	-0.931
28.161	-0.612	31.114	-1.812
28.161	-0.612	31.497	-2.698
28.161	-0.612	31.079	-3.364
28.161	-0.612	29.111	-1.735
28.161	-0.612	31.415	-3.097
28.161	-0.612	31.721	-3.057
31.721	-3.057	32.191	-2.417
31.721	-3.057	33.304	-4.831
31.721	-3.057	31.352	-3.474
31.721	-3.057	33.324	-4.416
31.721	-3.057	31.945	-3.168
31.721	-3.057	35.480	-5.135
31.721	-3.057	31.562	-4.499
31.721	-3.057	32.533	-5.971
31.721	-3.057	32.100	-4.586
32.100	-4.586	35.881	-2.088
32.100	-4.586	36.412	-2.924
32.100	-4.586	35.687	-4.210
32.100	-4.586	33.537	-4.127
32.100	-4.586	34.748	-5.261
32.100	-4.586	34.707	-6.216
32.100	-4.586	32.431	-6.071
32.100	-4.586	31.569	-6.936
32.100	-4.586	34.519	-8.094
34.519	-8.094	33.631	-8.111
34.519	-8.094	34.448	-7.992
34.519	-8.094	33.145	-8.033
34.519	-8.094	34.328	-7.917
34.519	-8.094	33.711	-6.884
34.519	-8.094	33.593	-6.186
34.519	-8.094	33.797	-4.520
34.519	-8.094	34.574	-7.220
34.519	-8.094	37.140	-8.234
34.519	-8.094	35.945	-8.449
34.519	-8.094	36.831	-9.139
34.519	-8.094	36.400	-9.826
34.519	-8.094	35.651	-10.351
34.519	-8.094	34.907	-11.013
34.519	-8.094	33.792	-11.619
33.792	-11.619	33.116	-10.696
33.792	-11.619	33.350	-9.561
33.792	-11.619	29.615	-9.786
33.792	-11.619	31.280	-12.200
33.792	-11.619	32.768	-12.404
33.792	-11.619	33.702	-12.256
33.792	-11.619	33.545	-11.247
33.792	-11.619	33.445	-11.363
33.792	-11.619	27.314	-11.805
27.314	-11.805	30.634	-9.688
27.314	-11.805	31.577	-10.461
27.314	-11.805	29.652	-12.319
27.314	-11.805	28.721	-13.323
27.314	-11.805	28.476	-12.513
27.314	-11.805	27.469	-11.803
27.314	-11.805	26.999	-14.407
27.314	-11.805	26.086	-14.471
27.314	-11.805	25.415	-14.612
27.314	-11.805	24.966	-13.514
27.314	-11.805	25.525	-12.033
27.314	-11.805	24.068	-13.200
24.068	-13.200	24.389	-11.994
24.068	-13.200	24.113	-12.500
24.068	-13.200	24.188	-12.675
24.068	-13.200	23.343	-13.666
24.068	-13.200	23.315	-11.297
24.068	-13.200	21.832	-11.160
24.068	-13.200	22.927	-13.207
24.068	-13.200	22.288	-12.460
24.068	-13.200	21.871	-11.801
21.871	-11.801	21.600	-10.902
21.871	-11.801	22.144	-12.666
21.871	-11.801	21.822	-11.966
21.871	-11.801	19.157	-13.495
19.157	-13.495	18.822	-12.110
19.157	-13.495	19.084	-14.663
19.157	-13.495	18.906	-13.017
19.157	-13.495	19.131	-13.461
19.157	-13.495	13.121	-14.248
13.121	-14.248	15.496	-12.683
13.121	-14.248	13.981	-14.583
13.121	-14.248	13.824	-13.528
13.121	-14.248	13.246	-14.419
13.121	-14.248	13.598	-14.308
13.121	-14.248	13.470	-16.994
13.121	-14.248	12.153	-16.374
13.121	-14.248	10.818	-15.261
13.121	-14.248	10.895	-13.776
13.121	-14.248	10.575	-14.907
10.575	-14.907	10.648	-13.892
10.575	-14.907	10.309	-15.282
10.575	-14.907	10.464	-14.673
10.575	-14.907	9.058	-14.123
10.575	-14.907	7.930	-14.073
10.575	-14.907	8.809	-13.710
10.575	-14.907	9.459	-15.155
10.575	-14.907	10.346	-14.351
10.346	-14.351	8.078	-14.578
10.346	-14.351	6.224	-14.217
10.346	-14.351	5.292	-14.065
10.346	-14.351	7.203	-13.947
10.346	-14.351	8.255	-13.779
10.346	-14.351	9.217	-13.736
10.346	-14.351	3.222	-13.591
32.100	-4.586	33.975	-4.038
33.975	-4.038	38.267	-5.516
38.267	-5.516	37.504	-6.229
38.267	-5.516	41.849	-4.178
38.267	-5.516	39.935	-2.680
38.267	-5.516	38.250	-3.273
38.267	-5.516	36.844	-2.829
38.267	-5.516	36.992	-5.431
38.267	-5.516	35.820	-4.719
38.267	-5.516	35.357	-3.641
38.267	-5.516	38.110	-6.253
38.267	-5.516	42.910	-7.797
38.267	-5.516	41.830	-9.097
38.267	-5.516	39.413	-7.727
38.267	-5.516	38.355	-6.938
38.267	-5.516	38.638	-7.372
38.267	-5.516	41.174	-5.992
38.267	-5.516	95.419	-82.747
38.267	-5.516	44.023	-13.309
38.267	-5.516	43.507	-12.590
38.267	-5.516	44.052	-13.423
44.052	-13.423	49.868	-21.358
44.052	-13.423	45.505	-12.674
45.505	-12.674	47.783	-13.825
POLYLINE BLACK
6.895	1.782
7.865	1.796
7.987	1.754
9.078	2.030
9.309	2.089
9.518	2.211
9.738	2.302
POLYLINE BLACK
6.868	1.792
6.683	2.458
6.754	2.410
6.543	2.798
6.528	2.824
6.511	2.848
6.495	2.873
6.476	2.911
6.456	2.948
6.436	2.986
POLYLINE BLACK
6.363	3.057
6.474	2.926
7.212	3.378
7.434	3.409
7.503	3.419
7.572	3.419
7.641	3.424
POLYLINE BLACK
10.163	2.198
10.069	2.276
9.972	2.312
9.855	2.332
9.848	2.333
9.841	2.334
9.834	2.332
9.788	2.322
9.743	2.308
9.697	2.296
POLYLINE BLACK
9.870	3.710
9.879	3.713
POLYLINE BLACK
7.862	3.341
8.047	3.275
8.084	3.271
8.262	3.162
8.306	3.135
8.343	3.100
8.383	3.069
POLYLINE BLACK
10.973	2.928
10.445	2.972
8.812	3.110
8.385	3.131
8.365	3.132
8.353	3.107
8.337	3.095
POLYLINE BLACK
7.773	3.309
7.798	3.337
POLYLINE BLACK
7.899	3.344
7.778	3.435
7.653	3.461
7.509	3.496
POLYLINE BLACK
10.091	2.198
10.312	2.150
10.519	2.027
10.749	2.021
10.911	2.016
11.074	2.024
11.236	2.035
11.407	2.046
11.337	2.062
11.469	2.090
11.494	2.095
11.520	2.095
11.546	2.097
POLYLINE BLACK
9.130	2.891
9.124	2.857
9.118	2.823
9.114	2.788
9.102	2.671
9.326	2.662
9.373	2.741
9.402	2.790
9.326	2.853
9.293	2.875
9.232	2.914
9.211	2.901
9.124	2.909
POLYLINE BLACK
9.336	2.484
9.309	2.460
9.279	2.438
9.254	2.412
9.231	2.390
9.171	2.303
9.190	2.271
9.200	2.254
9.233	2.263
9.243	2.266
9.314	2.288
9.411	2.324
9.429	2.406
9.440	2.456
9.410	2.485
9.385	2.530
POLYLINE BLACK
9.885	2.949
9.862	2.916
9.837	2.884
9.817	2.849
9.779	2.787
9.893	2.727
9.942	2.796
9.952	2.809
9.961	2.826
9.963	2.843
9.965	2.867
9.951	2.885
9.931	2.896
9.904	2.910
9.876	2.922
9.849	2.936
POLYLINE BLACK
10.329	2.188
10.335	2.224
10.379	2.434
10.459	2.433
10.474	2.433
10.490	2.420
10.496	2.408
10.523	2.353
10.548	2.297
10.570	2.240
10.575	2.225
10.568	2.208
10.554	2.202
10.545	2.198
10.535	2.196
10.526	2.198
10.465	2.205
10.406	2.217
10.345	2.227
POLYLINE BLACK
10.854	2.671
10.850	2.632
10.839	2.589
10.849	2.550
10.858	2.514
10.900	2.447
10.945	2.462
10.960	2.466
10.974	2.482
10.981	2.495
11.010	2.551
11.039	2.608
11.063	2.667
11.068	2.678
11.061	2.697
11.054	2.706
11.043	2.719
11.026	2.725
11.011	2.729
10.964	2.742
10.917	2.754
10.870	2.766
POLYLINE BLACK
9.782	2.421
9.780	2.424
9.704	2.497
9.703	2.540
9.702	2.601
9.809	2.612
9.846	2.570
9.884	2.525
9.920	2.479
9.957	2.433
POLYLINE BLACK
12.266	2.396
12.172	2.329
12.063	2.213
11.934	2.198
11.582	2.159
11.635	2.219
11.420	2.111
POLYLINE BLACK
10.860	2.965
10.860	2.965
POLYLINE BLACK
12.563	3.698
12.529	3.692
12.494	3.691
12.461	3.679
12.385	3.651
12.311	3.617
12.238	3.580
10.966	2.937
11.549	3.172
10.975	2.948
POLYLINE BLACK
12.266	2.349
12.281	2.371
12.293	2.395
12.311	2.414
12.355	2.460
12.403	2.501
12.452	2.542
12.512	2.593
12.575	2.640
12.636	2.690
12.646	2.698
12.653	2.710
12.665	2.715
12.691	2.728
12.719	2.734
12.746	2.744
POLYLINE BLACK
11.637	2.334
11.627	2.362
11.614	2.390
11.606	2.419
11.599	2.442
11.580	2.514
11.617	2.529
11.641	2.539
11.691	2.527
11.705	2.524
11.726	2.520
11.747	2.513
11.761	2.497
11.795	2.457
11.781	2.368
11.767	2.324
11.761	2.305
11.749	2.270
11.725	2.265
11.717	2.263
11.707	2.265
11.700	2.268
11.660	2.288
11.621	2.309
11.581	2.329
POLYLINE BLACK
11.676	3.306
11.675	3.239
11.674	3.172
11.672	3.104
11.674	3.100
11.675	3.096
11.677	3.093
11.685	3.081
11.699	3.079
11.711	3.081
11.771	3.090
11.829	3.145
11.803	3.209
11.798	3.221
11.790	3.232
11.778	3.240
11.756	3.254
11.712	3.258
11.692	3.261
POLYLINE BLACK
12.010	2.753
12.009	2.801
12.006	2.848
12.006	2.896
12.006	2.921
12.031	2.932
12.052	2.928
12.115	2.915
12.141	2.852
12.143	2.792
12.143	2.767
12.134	2.743
12.121	2.722
12.095	2.679
12.050	2.689
12.011	2.707
12.005	2.710
11.971	2.729
11.966	2.739
11.957	2.757
11.953	2.776
11.947	2.794
POLYLINE BLACK
11.428	2.920
11.424	2.864
11.418	2.808
11.414	2.752
11.414	2.738
11.422	2.715
11.427	2.703
11.460	2.631
11.548	2.667
11.585	2.718
11.626	2.774
11.564	2.875
11.502	2.885
11.476	2.890
11.457	2.879
11.433	2.871
POLYLINE BLACK
17.185	2.199
16.877	2.268
16.570	2.337
16.262	2.406
16.111	2.468
15.967	2.553
15.809	2.592
15.516	2.663
15.215	2.693
14.917	2.733
14.867	2.740
14.816	2.736
14.766	2.732
14.734	2.729
14.704	2.719
14.673	2.715
14.643	2.711
14.583	2.722
14.561	2.732
14.290	2.854
14.008	3.042
13.699	3.068
13.586	3.078
13.423	3.022
13.336	2.993
13.188	2.943
13.045	2.880
12.897	2.830
12.415	2.667
12.725	2.798
12.550	2.722
POLYLINE BLACK
15.249	3.981
14.997	3.845
15.005	3.827
14.730	3.761
14.691	3.751
14.649	3.752
14.608	3.749
14.502	3.741
14.395	3.740
14.290	3.726
14.157	3.709
14.028	3.676
13.895	3.657
13.771	3.640
13.800	3.682
13.658	3.668
13.541	3.657
13.425	3.636
13.310	3.611
13.012	3.545
13.028	3.506
12.829	3.497
12.705	3.492
12.642	3.619
12.545	3.669
12.515	3.685
12.483	3.671
12.449	3.668
POLYLINE BLACK
12.978	3.470
12.960	3.418
12.940	3.367
12.922	3.314
12.909	3.276
12.955	3.250
12.988	3.255
13.030	3.260
13.057	3.313
13.054	3.352
13.054	3.353
13.049	3.422
13.039	3.440
13.026	3.464
13.010	3.486
12.996	3.509
POLYLINE BLACK
13.490	3.049
13.484	3.094
13.477	3.138
13.472	3.183
13.467	3.228
13.520	3.265
13.559	3.241
13.599	3.217
13.637	3.159
13.657	3.134
13.662	3.128
13.661	3.117
13.658	3.111
13.653	3.102
13.645	3.098
13.637	3.094
13.598	3.074
13.559	3.054
13.519	3.033
POLYLINE BLACK
12.417	3.263
12.402	3.239
12.378	3.212
12.384	3.181
12.400	3.101
12.526	3.074
12.561	3.157
12.581	3.202
12.585	3.271
12.540	3.303
12.505	3.328
12.475	3.310
12.446	3.284
12.424	3.265
12.410	3.244
12.393	3.222
POLYLINE BLACK
14.862	2.785
14.855	2.812
14.847	2.839
14.842	2.867
14.838	2.889
14.840	2.924
14.846	2.946
14.847	2.952
14.865	3.037
14.890	3.055
14.907	3.066
14.931	3.057
14.947	3.048
15.003	3.016
15.064	2.983
15.037	2.911
15.032	2.898
15.023	2.883
15.013	2.873
14.978	2.835
14.890	2.791
14.869	2.778
POLYLINE BLACK
15.015	3.372
15.037	3.420
15.058	3.468
15.080	3.517
15.083	3.519
15.085	3.523
15.088	3.525
15.110	3.541
15.148	3.519
15.165	3.509
15.191	3.495
15.217	3.474
15.231	3.447
15.256	3.397
15.206	3.347
15.162	3.334
15.126	3.323
15.091	3.327
15.055	3.329
POLYLINE BLACK
17.186	2.223
17.217	2.235
17.248	2.248
17.279	2.260
17.302	2.268
17.326	2.274
17.348	2.284
17.368	2.292
17.386	2.304
17.406	2.314
POLYLINE BLACK
19.007	4.020
18.976	4.026
18.946	4.034
18.915	4.036
18.597	4.058
18.292	3.891
18.056	3.694
17.877	3.544
17.722	3.369
17.547	3.214
17.427	3.107
17.299	3.010
17.174	2.909
17.158	2.897
17.133	2.886
17.114	2.882
17.027	2.862
16.855	2.911
16.795	2.942
16.588	3.049
16.384	3.165
16.191	3.297
16.007	3.422
15.840	3.570
15.668	3.711
15.601	3.765
15.544	3.830
15.476	3.883
15.365	3.968
15.347	3.970
15.249	4.009
POLYLINE BLACK
19.070	2.970
19.021	2.953
18.022	2.605
18.008	2.599
17.441	2.396
17.613	2.490
17.368	2.349
POLYLINE BLACK
20.347	3.544
19.650	3.269
20.157	3.488
19.472	3.140
19.326	3.067
19.179	2.998
19.032	2.926
POLYLINE BLACK
20.128	4.350
20.096	4.349
20.064	4.351
20.033	4.347
19.797	4.311
19.784	4.235
19.487	4.116
19.382	4.074
19.208	4.015
19.071	4.008
19.054	4.008
19.037	4.010
19.020	4.011
POLYLINE BLACK
19.170	3.027
19.169	3.068
19.138	3.143
19.155	3.191
19.167	3.222
19.216	3.229
19.233	3.200
19.241	3.187
19.243	3.170
19.244	3.156
19.249	3.095
19.230	3.086
19.189	3.041
POLYLINE BLACK
18.416	3.834
18.394	3.814
18.374	3.801
18.360	3.777
18.342	3.743
18.343	3.702
18.383	3.688
18.400	3.682
18.419	3.679
18.437	3.684
18.472	3.694
18.495	3.730
18.511	3.759
18.523	3.782
18.527	3.807
18.506	3.826
18.489	3.841
18.454	3.852
18.441	3.858
POLYLINE BLACK
18.004	2.670
17.981	2.693
17.962	2.706
17.949	2.735
17.928	2.779
17.901	2.861
17.911	2.902
17.914	2.914
17.925	2.923
17.937	2.924
17.948	2.924
18.031	2.939
18.063	2.917
18.074	2.909
18.083	2.895
18.087	2.881
18.100	2.838
18.134	2.762
18.082	2.726
18.061	2.712
18.039	2.699
18.017	2.685
POLYLINE BLACK
17.446	3.070
17.441	3.045
17.435	3.019
17.431	2.994
17.425	2.951
17.465	2.909
17.509	2.927
17.551	2.945
17.593	2.992
17.619	3.016
17.627	3.024
17.628	3.039
17.625	3.048
17.610	3.094
17.528	3.119
17.504	3.132
POLYLINE BLACK
21.227	4.483
21.187	4.457
21.181	4.448
21.139	4.436
21.048	4.410
20.957	4.387
20.866	4.360
20.818	4.346
20.890	4.289
20.897	4.283
20.934	4.255
20.989	4.233
21.029	4.222
21.123	4.196
21.217	4.170
21.313	4.156
21.353	4.150
21.604	4.103
21.694	4.170
21.755	4.215
21.743	4.278
21.739	4.347
21.733	4.434
21.727	4.520
21.720	4.606
21.718	4.623
21.700	4.635
21.684	4.634
21.649	4.632
21.534	4.630
21.482	4.607
21.314	4.532
21.372	4.549
21.244	4.472
21.220	4.457
21.194	4.445
21.170	4.432
POLYLINE BLACK
21.726	3.919
21.720	3.919
POLYLINE BLACK
21.711	3.903
21.056	3.799
20.951	3.829
20.441	3.632
20.373	3.606
20.321	3.565
20.264	3.524
POLYLINE BLACK
16.540	3.068
16.535	3.023
16.492	2.900
16.574	2.886
16.590	2.883
16.608	2.887
16.622	2.895
16.635	2.902
16.675	2.927
16.664	2.948
16.662	2.952
16.659	2.955
16.655	2.957
16.619	2.975
16.581	2.991
16.544	3.008
POLYLINE BLACK
16.283	2.427
16.281	2.453
16.276	2.479
16.275	2.506
16.274	2.543
16.283	2.581
16.302	2.613
16.331	2.664
16.399	2.689
16.442	2.639
16.474	2.603
16.472	2.560
16.466	2.514
16.462	2.488
16.459	2.446
16.429	2.434
16.401	2.422
16.349	2.437
16.330	2.439
POLYLINE BLACK
15.674	3.071
15.663	3.025
15.645	2.972
15.681	2.932
15.689	2.923
15.701	2.916
15.714	2.920
15.727	2.925
15.739	2.939
15.746	2.949
15.775	2.986
15.794	3.038
15.767	3.081
15.757	3.098
15.745	3.113
15.734	3.128
POLYLINE BLACK
0.000	-0.000
0.000	-0.000
POLYLINE BLACK
0.000	-0.000
0.000	-0.000
POLYLINE BLACK
0.000	-0.000
0.000	-0.000
POLYLINE BLACK
21.085	4.804
20.289	4.455
20.849	4.723
20.208	4.368
20.180	4.353
20.151	4.343
20.123	4.330
POLYLINE BLACK
20.790	6.465
20.974	5.211
20.786	6.306
21.094	5.009
21.099	4.990
21.104	4.884
21.094	4.845
21.086	4.814
21.073	4.785
21.063	4.755
POLYLINE BLACK
20.764	6.442
20.800	6.465
20.836	6.490
20.873	6.510
20.972	6.564
21.186	6.564
21.238	6.567
21.447	6.578
21.674	6.582
21.863	6.475
21.894	6.458
21.925	6.440
21.951	6.416
22.036	6.334
22.116	6.248
22.192	6.159
22.332	5.995
22.215	6.071
22.312	6.015
POLYLINE BLACK
24.078	6.707
24.013	6.682
23.946	6.664
23.885	6.631
23.775	6.570
23.670	6.500
23.567	6.427
23.403	6.311
23.454	6.307
23.317	6.240
23.298	6.230
23.277	6.221
23.256	6.217
23.074	6.189
22.888	6.184
22.708	6.146
22.597	6.122
22.495	6.068
22.386	6.033
22.359	6.025
22.331	6.021
22.303	6.016
POLYLINE BLACK
22.662	6.093
21.790	5.033
23.012	6.492
22.229	5.633
22.125	5.519
22.045	5.386
21.940	5.274
21.841	5.169
21.677	5.037
21.539	4.961
21.407	4.889
21.278	4.879
21.126	4.845
POLYLINE BLACK
27.440	6.995
24.334	6.690
25.477	6.705
24.022	6.705
POLYLINE BLACK
27.407	7.008
27.445	6.928
27.591	6.932
27.631	6.847
27.671	6.765
27.557	6.701
27.506	6.670
27.450	6.635
27.393	6.604
27.332	6.579
25.507	5.835
27.537	6.724
25.622	5.857
25.589	5.843
25.503	5.822
25.474	5.779
25.455	5.751
25.439	5.722
25.422	5.693
25.420	5.689
25.419	5.685
25.419	5.681
25.415	5.639
25.502	5.619
25.518	5.615
25.585	5.600
25.654	5.592
25.722	5.579
25.745	5.574
25.760	5.548
25.766	5.527
26.237	4.057
25.640	5.934
26.070	4.510
26.076	4.489
26.086	4.469
26.099	4.452
26.165	4.368
26.243	4.294
26.307	4.208
26.426	4.006
26.371	4.081
26.455	3.974
POLYLINE BLACK
23.264	3.623
23.143	3.794
23.141	3.810
22.968	3.975
22.938	4.003
22.904	4.028
22.867	4.048
22.789	4.091
22.653	4.177
22.541	4.166
22.339	4.144
22.359	4.116
22.109	4.025
22.063	4.008
22.000	4.014
21.955	4.007
21.928	4.003
21.901	3.996
21.875	3.985
21.747	3.932
21.723	3.912
21.618	3.846
POLYLINE BLACK
26.540	3.608
26.514	3.534
26.492	3.458
26.462	3.386
26.445	3.346
26.426	3.305
26.398	3.272
26.219	3.055
26.044	2.832
25.842	2.636
25.683	2.482
25.503	2.351
25.319	2.228
25.080	2.069
24.827	1.931
24.575	1.792
24.370	1.679
24.213	1.627
23.986	1.574
23.942	1.564
23.896	1.563
23.851	1.558
POLYLINE BLACK
25.367	5.685
25.285	5.746
25.198	5.801
25.121	5.868
24.981	5.988
24.861	6.130
24.717	6.244
24.581	6.352
24.432	6.443
24.283	6.533
24.082	6.625
24.157	6.581
24.049	6.648
POLYLINE BLACK
0.000	-0.000
0.000	-0.000
POLYLINE BLACK
24.130	6.684
24.076	6.635
24.022	6.587
23.968	6.538
23.916	6.490
23.868	6.436
23.811	6.393
23.745	6.342
23.673	6.298
23.600	6.257
23.543	6.225
23.485	6.192
23.422	6.173
23.318	6.140
23.210	6.119
23.102	6.101
22.956	6.075
22.858	6.114
22.703	6.128
22.672	6.131
22.642	6.126
22.611	6.125
POLYLINE BLACK
23.230	3.646
23.384	2.799
23.350	2.807
23.659	1.937
24.031	0.889
23.747	1.863
23.856	1.482
POLYLINE BLACK
23.888	1.554
23.325	1.294
24.949	2.051
23.226	1.151
22.920	0.991
22.594	0.872
22.283	0.724
22.243	0.705
22.206	0.679
22.174	0.649
22.116	0.595
21.748	0.247
21.668	0.100
21.439	-0.318
21.401	-0.428
21.316	-0.845
21.133	-1.736
21.103	-1.683
21.099	-2.381
21.099	-2.423
21.107	-2.465
21.111	-2.507
POLYLINE BLACK
21.096	-2.480
21.300	-2.684
21.508	-2.884
21.708	-3.092
21.726	-3.111
21.738	-3.135
21.749	-3.158
21.795	-3.252
21.807	-3.329
21.814	-3.440
21.854	-4.001
21.881	-4.563
21.918	-5.124
21.918	-5.136
21.929	-5.156
21.936	-5.165
21.997	-5.250
22.179	-5.169
22.242	-5.141
22.258	-5.134
22.275	-5.126
22.289	-5.114
22.445	-4.976
22.601	-4.837
22.750	-4.691
23.287	-4.134
23.073	-4.345
23.379	-4.046
POLYLINE BLACK
26.329	4.006
26.339	4.005
POLYLINE BLACK
26.343	4.006
26.585	3.686
POLYLINE BLACK
23.300	-4.232
23.774	-3.715
23.763	-3.746
24.349	-2.894
24.413	-2.801
24.460	-2.694
24.497	-2.586
24.640	-2.163
24.779	-1.737
24.888	-1.304
25.015	-0.800
25.105	-0.287
25.203	0.224
25.228	0.351
25.176	0.648
25.388	0.651
25.460	0.652
25.531	0.647
25.603	0.645
POLYLINE BLACK
25.410	0.492
25.511	0.720
25.524	0.793
25.707	0.992
25.768	1.058
25.846	1.105
25.916	1.162
POLYLINE BLACK
25.666	1.326
25.694	1.233
25.716	1.139
25.748	1.047
25.766	1.000
25.784	0.951
25.816	0.911
26.140	0.504
26.468	0.101
26.813	-0.288
27.009	-0.509
27.231	-0.685
27.522	-0.751
27.584	-0.765
27.650	-0.754
27.713	-0.756
POLYLINE BLACK
27.868	-0.812
27.641	-0.763
27.775	-0.796
27.471	-0.702
POLYLINE BLACK
28.040	-0.843
27.516	-0.739
POLYLINE BLACK
26.474	3.854
26.532	3.773
26.598	3.696
26.650	3.610
28.481	0.616
26.300	3.992
27.975	1.634
29.002	0.188
28.407	0.562
28.936	0.240
POLYLINE BLACK
27.832	-0.804
28.166	-0.900
POLYLINE BLACK
28.744	0.460
28.817	0.351
28.894	0.244
28.963	0.131
29.031	0.019
28.998	-0.125
29.096	-0.224
29.139	-0.267
29.217	-0.332
29.276	-0.353
31.530	-1.142
29.446	-0.426
30.445	-0.698
30.590	-0.738
30.710	-0.845
30.828	-0.926
POLYLINE BLACK
30.581	-1.603
30.327	-1.448
28.711	-0.579
28.170	-0.036
27.483	0.653
27.469	0.745
27.009	1.466
POLYLINE BLACK
27.946	-0.798
28.030	-0.864
28.124	-0.918
28.196	-0.996
29.764	-2.667
26.763	-0.093
30.757	-3.257
31.080	-3.513
31.079	-3.440
31.303	-3.707
31.497	-3.939
31.558	-4.308
31.629	-4.598
POLYLINE BLACK
31.473	-4.781
31.455	-4.655
POLYLINE BLACK
31.422	-4.438
31.557	-4.470
31.663	-4.507
31.701	-4.648
31.715	-4.700
31.721	-4.753
31.712	-4.806
31.643	-5.231
31.549	-5.653
31.495	-6.081
31.466	-6.308
31.532	-7.123
31.539	-7.242
POLYLINE BLACK
30.703	-0.763
31.218	-1.811
30.721	-0.743
31.295	-2.263
31.325	-2.342
31.364	-2.418
31.414	-2.485
31.580	-2.706
31.767	-2.911
31.943	-3.124
POLYLINE BLACK
26.303	1.057
26.701	0.657
27.098	0.257
27.495	-0.143
27.662	-0.272
27.847	-0.381
27.997	-0.530
28.187	-0.717
28.321	-0.956
28.508	-1.145
28.944	-1.585
29.222	-1.741
29.677	-2.100
29.803	-2.199
29.916	-2.314
30.046	-2.407
30.231	-2.540
30.438	-2.640
30.619	-2.777
30.831	-2.937
31.342	-3.559
31.436	-3.658
31.501	-3.727
31.580	-3.782
31.652	-3.844
POLYLINE BLACK
31.645	-3.056
30.865	-2.282
31.335	-2.813
30.421	-1.317
POLYLINE BLACK
35.807	-1.978
32.034	-2.915
33.308	-2.474
31.889	-2.974
POLYLINE BLACK
26.971	1.541
26.881	1.597
26.792	1.653
26.702	1.709
26.604	1.779
26.512	1.858
26.408	1.919
26.294	1.986
26.169	2.035
26.050	2.093
POLYLINE BLACK
25.417	1.320
25.486	1.326
25.555	1.337
25.624	1.338
25.917	1.343
26.235	1.079
26.451	0.916
POLYLINE BLACK
33.471	-8.076
33.392	-8.034
33.309	-7.998
33.232	-7.951
33.036	-7.831
32.953	-7.640
32.897	-7.423
32.822	-7.137
32.814	-6.105
32.189	-6.312
32.024	-6.366
31.942	-6.490
31.859	-6.635
31.810	-6.722
31.788	-6.830
31.716	-6.899
31.653	-6.960
31.555	-6.969
31.474	-7.005
POLYLINE BLACK
33.817	-6.349
34.417	-6.925
33.595	-6.121
34.675	-7.296
34.718	-7.342
34.768	-7.385
34.824	-7.413
35.127	-7.565
35.427	-7.729
35.750	-7.832
36.542	-8.085
36.721	-8.099
37.269	-8.161
POLYLINE BLACK
31.542	-4.553
31.691	-4.545
31.840	-4.525
31.989	-4.527
32.157	-4.530
32.330	-4.524
32.492	-4.567
32.799	-4.648
33.090	-4.779
33.385	-4.896
34.167	-5.207
34.393	-5.431
35.039	-5.503
POLYLINE BLACK
37.187	-8.134
37.153	-8.256
37.118	-8.378
37.084	-8.500
37.063	-8.609
37.051	-8.720
37.021	-8.826
36.989	-8.937
36.948	-9.045
36.900	-9.149
36.866	-9.221
36.827	-9.292
36.776	-9.353
35.448	-10.943
35.917	-10.375
33.782	-11.861
POLYLINE BLACK
33.437	-8.106
33.394	-9.093
33.432	-9.160
33.237	-10.112
33.205	-10.268
33.077	-10.465
33.027	-10.610
33.013	-10.651
33.017	-10.697
33.011	-10.740
POLYLINE BLACK
33.980	-11.911
33.980	-11.909
POLYLINE BLACK
33.937	-11.741
33.877	-12.006
33.783	-12.107
33.562	-12.278
33.493	-12.332
33.356	-12.400
33.272	-12.415
33.064	-12.452
32.852	-12.470
32.642	-12.498
POLYLINE BLACK
32.485	-12.509
31.646	-12.486
32.029	-12.527
31.333	-12.415
POLYLINE BLACK
31.591	-12.427
30.943	-12.277
30.949	-12.234
30.271	-12.260
30.072	-12.268
29.818	-12.353
29.629	-12.408
POLYLINE BLACK
32.973	-10.722
32.844	-10.755
32.771	-10.788
32.649	-10.785
32.619	-10.785
32.588	-10.783
32.559	-10.775
32.248	-10.687
32.081	-10.655
31.834	-10.496
31.568	-10.325
31.323	-10.121
31.047	-9.966
30.730	-9.789
30.247	-9.685
29.881	-9.714
29.444	-9.748
28.800	-10.335
28.611	-10.468
POLYLINE BLACK
29.791	-12.380
29.481	-12.375
29.497	-12.356
29.202	-12.420
29.109	-12.440
29.020	-12.478
28.926	-12.495
28.823	-12.513
28.717	-12.511
28.612	-12.523
28.581	-12.526
28.545	-12.547
28.536	-12.579
28.524	-12.619
28.557	-12.704
28.562	-12.723
POLYLINE BLACK
28.608	-12.434
28.436	-12.530
28.274	-12.656
28.317	-12.872
28.323	-12.905
28.341	-12.956
28.363	-12.982
28.415	-13.048
28.642	-13.209
28.566	-13.350
28.549	-13.382
28.511	-13.429
28.484	-13.445
28.106	-13.679
27.728	-13.913
27.340	-14.129
27.234	-14.188
27.123	-14.245
27.004	-14.270
25.727	-14.539
25.974	-14.536
25.307	-14.506
POLYLINE BLACK
28.553	-10.396
27.118	-11.224
27.766	-10.890
25.625	-11.824
25.577	-11.845
25.525	-11.859
25.473	-11.864
25.138	-11.893
24.801	-11.905
24.466	-11.925
POLYLINE BLACK
25.187	-14.638
25.138	-14.489
25.082	-14.342
25.040	-14.191
24.965	-13.922
24.996	-13.739
24.777	-13.558
24.731	-13.520
24.673	-13.484
24.615	-13.465
24.322	-13.369
24.794	-13.542
24.434	-13.431
24.312	-13.393
24.156	-13.297
24.014	-13.321
23.841	-13.351
23.519	-13.663
23.514	-13.667
23.474	-13.696
23.430	-13.720
23.388	-13.746
POLYLINE BLACK
24.469	-11.901
24.352	-11.903
24.235	-11.899
24.130	-11.841
23.964	-11.750
23.981	-11.687
23.784	-11.523
23.719	-11.469
23.643	-11.430
23.569	-11.390
23.531	-11.369
23.491	-11.349
23.448	-11.341
23.074	-11.273
22.698	-11.214
22.321	-11.164
21.833	-11.099
22.100	-11.199
21.884	-11.109
POLYLINE BLACK
20.430	-1.330
20.360	-1.280
POLYLINE BLACK
20.200	-1.420
20.125	-1.337
20.158	-1.377
20.100	-1.300
POLYLINE BLACK
20.230	-1.430
20.230	-1.430
POLYLINE BLACK
20.260	-1.440
20.230	-1.360
POLYLINE BLACK
20.230	-1.400
20.250	-1.295
20.218	-1.201
20.200	-1.100
POLYLINE BLACK
35.280	-4.380
35.360	-4.240
POLYLINE BLACK
23.424	-13.718
22.735	-13.010
23.582	-13.909
22.768	-12.917
22.709	-12.845
22.635	-12.786
22.564	-12.726
22.520	-12.689
22.450	-12.644
22.390	-12.625
22.305	-12.599
22.263	-12.607
22.165	-12.605
POLYLINE BLACK
21.893	-11.161
21.573	-10.959
21.758	-11.058
21.328	-10.886
POLYLINE BLACK
21.988	-11.836
21.895	-11.761
21.794	-11.680
21.667	-11.677
21.517	-11.674
21.371	-11.804
21.283	-11.913
21.258	-11.944
21.196	-12.021
21.251	-12.060
21.270	-12.074
21.302	-12.080
21.324	-12.082
21.898	-12.135
21.244	-12.072
21.626	-12.090
21.673	-12.092
21.717	-12.110
21.764	-12.109
21.838	-12.108
22.085	-12.080
22.049	-11.945
22.025	-11.856
21.913	-11.755
21.872	-11.705
POLYLINE BLACK
17.410	-5.860
17.425	-5.840
POLYLINE BLACK
31.860	-3.530
31.879	-3.485
31.895	-3.438
31.917	-3.395
31.931	-3.368
31.947	-3.386
31.953	-3.403
31.963	-3.430
31.969	-3.459
31.974	-3.487
31.981	-3.528
31.974	-3.572
31.990	-3.611
31.995	-3.622
32.004	-3.581
32.015	-3.585
32.039	-3.594
32.052	-3.622
32.070	-3.640
POLYLINE BLACK
22.279	-12.665
21.660	-12.846
21.805	-12.778
20.912	-13.391
20.603	-13.603
20.352	-13.894
20.035	-14.095
18.040	-15.360
19.490	-14.232
18.985	-14.628
POLYLINE BLACK
21.572	-10.990
21.572	-10.988
POLYLINE BLACK
21.448	-11.014
21.223	-11.053
20.995	-11.077
20.774	-11.132
20.324	-11.244
19.626	-11.592
19.288	-11.767
19.194	-11.816
19.118	-11.897
19.025	-11.950
18.956	-11.990
18.878	-12.013
18.805	-12.044
18.392	-12.222
17.985	-12.412
17.568	-12.579
17.435	-12.632
17.299	-12.682
17.157	-12.704
16.842	-12.753
16.522	-12.782
16.203	-12.793
15.975	-12.800
15.748	-12.766
15.521	-12.758
15.487	-12.757
15.435	-12.768
15.403	-12.782
15.367	-12.797
15.331	-12.824
15.301	-12.845
POLYLINE BLACK
19.030	-14.649
19.030	-14.649
POLYLINE BLACK
19.036	-14.640
16.480	-14.710
16.014	-14.974
14.316	-14.656
14.072	-14.591
14.170	-14.610
14.026	-14.585
POLYLINE BLACK
15.475	-12.838
15.193	-12.787
15.274	-12.787
14.905	-12.818
14.852	-12.822
14.763	-12.842
14.711	-12.873
14.670	-12.898
14.633	-12.928
14.595	-12.956
14.506	-13.020
14.423	-13.092
14.331	-13.151
13.780	-13.498
14.027	-13.254
13.794	-13.504
POLYLINE BLACK
13.919	-14.674
13.844	-14.691
13.790	-14.711
13.772	-14.793
13.757	-14.861
13.744	-14.930
13.737	-14.999
13.722	-15.144
13.771	-15.455
13.771	-15.536
13.772	-15.792
13.761	-16.049
13.740	-16.304
13.734	-16.382
13.711	-16.457
13.689	-16.532
13.656	-16.646
13.617	-16.814
13.523	-16.911
13.447	-16.990
13.308	-16.980
13.215	-16.978
13.131	-16.976
13.028	-16.951
12.954	-16.914
12.633	-16.752
12.486	-16.608
12.153	-16.403
12.092	-16.366
12.023	-16.342
11.959	-16.312
POLYLINE BLACK
12.098	-16.402
12.067	-16.391
12.034	-16.383
12.006	-16.367
11.961	-16.342
11.920	-16.310
11.879	-16.280
10.788	-15.469
11.142	-15.775
10.585	-15.273
POLYLINE BLACK
13.831	-13.315
13.786	-13.398
13.773	-13.443
13.714	-13.503
13.547	-13.672
13.089	-13.678
12.986	-13.690
11.798	-13.825
12.960	-13.633
11.979	-13.695
10.680	-13.777
10.674	-14.250
10.695	-13.774
POLYLINE BLACK
10.628	-13.985
10.666	-14.548
10.645	-14.018
10.536	-15.115
10.530	-15.171
10.550	-15.250
10.561	-15.305
POLYLINE BLACK
10.488	-15.254
10.487	-15.254
POLYLINE BLACK
10.521	-15.411
10.459	-15.375
10.411	-15.337
10.340	-15.324
10.011	-15.264
10.338	-15.371
9.806	-15.316
9.118	-15.244
9.369	-15.234
8.839	-15.074
8.082	-14.846
8.820	-15.131
8.081	-14.824
POLYLINE BLACK
10.576	-13.839
10.487	-13.808
10.399	-13.771
10.307	-13.745
10.216	-13.719
10.124	-13.684
10.029	-13.685
7.788	-13.705
8.343	-13.608
7.212	-13.855
POLYLINE BLACK
35.409	-5.179
34.901	-5.534
34.393	-5.890
33.885	-6.245
33.869	-6.255
33.851	-6.264
33.835	-6.275
33.793	-6.305
33.753	-6.337
33.712	-6.368
POLYLINE BLACK
33.132	-4.131
33.111	-4.088
33.087	-4.047
33.069	-4.003
33.047	-3.949
33.019	-3.826
33.114	-3.834
33.140	-3.837
33.169	-3.844
33.193	-3.855
33.345	-3.932
33.355	-4.076
33.379	-4.231
33.384	-4.260
33.376	-4.302
33.340	-4.306
33.332	-4.307
33.324	-4.307
33.317	-4.305
33.243	-4.285
33.170	-4.262
33.097	-4.241
POLYLINE BLACK
33.321	-3.454
33.310	-3.393
33.297	-3.332
33.339	-3.281
33.357	-3.258
33.380	-3.234
33.411	-3.229
33.473	-3.220
33.525	-3.292
33.545	-3.341
33.587	-3.447
33.595	-3.575
33.567	-3.684
33.552	-3.742
33.485	-3.766
33.431	-3.750
33.406	-3.742
33.385	-3.727
33.364	-3.710
33.355	-3.703
33.347	-3.694
33.339	-3.686
33.308	-3.651
33.277	-3.615
33.247	-3.579
POLYLINE BLACK
39.885	-2.752
39.788	-2.755
39.691	-2.744
39.596	-2.761
39.314	-2.813
39.033	-2.877
38.758	-2.958
38.017	-3.175
38.662	-3.089
38.057	-3.189
38.007	-3.197
37.910	-3.197
37.857	-3.182
37.778	-3.159
37.700	-3.133
37.624	-3.100
37.360	-2.984
37.352	-2.931
37.105	-2.876
36.890	-2.828
36.671	-2.798
36.456	-2.750
36.425	-2.743
36.396	-2.729
36.368	-2.713
36.196	-2.616
36.098	-2.499
35.998	-2.329
35.806	-2.002
35.840	-2.079
35.765	-1.835
POLYLINE BLACK
35.448	-5.132
36.060	-5.178
36.027	-5.138
36.559	-5.298
36.707	-5.343
36.862	-5.437
36.960	-5.557
37.119	-5.751
37.071	-5.794
37.244	-6.069
37.293	-6.147
37.363	-6.208
37.422	-6.278
POLYLINE BLACK
39.763	-2.748
40.193	-2.813
40.175	-2.783
40.581	-2.953
40.633	-2.974
40.682	-3.002
40.724	-3.038
41.001	-3.277
41.275	-3.519
41.534	-3.778
41.589	-3.833
41.766	-4.078
41.849	-4.192
POLYLINE BLACK
36.340	-2.682
36.208	-2.927
36.029	-3.089
35.802	-3.248
35.663	-3.345
35.515	-3.428
35.376	-3.525
35.371	-3.529
35.379	-3.540
35.385	-3.542
35.400	-3.547
35.417	-3.544
35.434	-3.543
35.480	-3.538
35.540	-3.520
35.578	-3.496
35.658	-3.445
35.734	-3.388
35.810	-3.330
35.985	-3.196
36.214	-2.971
36.443	-2.876
36.633	-2.797
36.684	-2.809
36.875	-2.804
POLYLINE BLACK
34.656	-3.800
34.645	-3.742
34.628	-3.695
34.635	-3.639
34.645	-3.561
34.729	-3.406
34.794	-3.386
34.872	-3.363
34.968	-3.499
34.980	-3.563
34.991	-3.616
34.972	-3.673
34.950	-3.719
34.897	-3.829
34.827	-3.894
34.717	-3.943
34.680	-3.960
34.634	-3.974
34.594	-3.962
34.529	-3.944
34.499	-3.875
34.465	-3.825
POLYLINE BLACK
38.015	-5.089
37.866	-5.029
37.718	-4.968
37.569	-4.908
37.185	-4.757
36.790	-4.631
36.417	-4.455
36.186	-4.346
35.981	-4.190
35.763	-4.057
35.490	-3.943
35.216	-3.829
34.943	-3.715
POLYLINE BLACK
34.473	-5.356
34.885	-5.110
35.068	-4.983
35.528	-4.924
35.627	-4.911
35.727	-4.906
35.826	-4.910
36.084	-4.921
36.508	-5.102
36.668	-5.171
37.483	-5.524
37.399	-5.479
37.827	-5.749
POLYLINE BLACK
37.518	-5.379
37.490	-5.347
37.459	-5.318
37.433	-5.285
37.398	-5.240
37.365	-5.174
37.362	-5.116
37.358	-5.013
37.527	-4.932
37.614	-4.950
37.685	-4.966
37.748	-5.035
37.786	-5.091
37.829	-5.161
37.873	-5.229
37.915	-5.300
37.918	-5.306
37.919	-5.313
37.919	-5.320
37.926	-5.387
37.836	-5.433
37.783	-5.446
37.703	-5.466
37.644	-5.427
37.570	-5.418
37.530	-5.413
37.489	-5.416
37.448	-5.414
POLYLINE BLACK
36.814	-1.064
34.526	-1.007
35.321	-0.904
34.408	-1.034
POLYLINE BLACK
40.670	-3.372
40.617	-3.397
40.562	-3.418
40.511	-3.448
38.508	-4.629
39.587	-4.169
37.790	-4.783
POLYLINE BLACK
39.425	-7.994
39.346	-7.918
39.275	-7.833
39.188	-7.766
38.996	-7.619
38.781	-7.504
38.589	-7.356
38.396	-7.208
38.216	-6.928
38.061	-6.763
37.966	-6.662
37.862	-6.568
37.754	-6.481
37.355	-6.161
37.551	-6.402
37.399	-6.202

ELEVATION
STATIONS
0.000	0.000	0
7.050	3.228	1
10.108	3.263	2
12.686	3.403	3
14.968	4.414	4
17.347	5.808	5
20.164	6.866	6
21.727	8.201	7
23.452	7.956	8
25.280	-5.466	9
25.748	-5.967	10
28.161	-5.709	11
31.721	-3.414	12
32.100	-3.360	13
34.519	-2.528	14
33.792	-4.117	15
27.314	-7.963	16
24.068	-7.323	17
21.871	-6.896	18
19.157	-6.895	19
13.121	-7.498	20
10.575	-8.484	21
10.346	-9.174	22
33.975	-3.985	13.1
38.267	-7.033	13.2
44.052	-15.796	13.3
45.505	-16.032	13.4
47.783	-18.423	13.5
SHOTS
0.000	0.000	6.318	3.225
0.000	0.000	6.333	3.234
0.000	0.000	6.353	3.231
0.000	0.000	7.050	3.228
7.050	3.228	7.245	3.448
7.050	3.228	8.556	3.521
7.050	3.228	9.720	3.335
7.050	3.228	7.514	3.262
7.050	3.228	8.255	3.400
7.050	3.228	7.579	3.808
7.050	3.228	7.888	1.858
7.050	3.228	10.108	3.263
10.108	3.263	10.180	3.105
10.108	3.263	9.935	3.126
10.108	3.263	9.963	2.498
10.108	3.263	11.463	3.733
10.108	3.263	11.073	3.265
10.108	3.263	12.373	3.434
10.108	3.263	12.674	3.400
10.108	3.263	12.716	3.403
10.108	3.263	12.686	3.403
12.686	3.403	12.473	3.409
12.686	3.403	12.524	3.428
12.686	3.403	12.563	3.072
12.686	3.403	12.772	4.032
12.686	3.403	13.862	3.991
12.686	3.403	13.509	3.909
12.686	3.403	14.968	4.414
14.968	4.414	17.266	5.419
14.968	4.414	14.706	4.576
14.968	4.414	15.692	4.828
14.968	4.414	17.167	5.659
14.968	4.414	14.876	3.892
14.968	4.414	15.259	4.300
14.968	4.414	17.347	5.808
17.347	5.808	17.386	5.717
17.347	5.808	17.218	6.288
17.347	5.808	17.447	5.373
17.347	5.808	19.039	6.425
17.347	5.808	19.027	6.362
17.347	5.808	17.643	6.160
17.347	5.808	18.204	6.526
17.347	5.808	19.066	6.739
17.347	5.808	18.193	6.831
17.347	5.808	18.369	5.845
17.347	5.808	20.164	6.866
20.164	6.866	20.351	6.974
20.164	6.866	20.389	7.452
20.164	6.866	20.116	6.457
20.164	6.866	21.248	8.026
20.164	6.866	21.740	7.220
20.164	6.866	21.142	7.038
20.164	6.866	25.747	7.723
20.164	6.866	26.026	7.796
20.164	6.866	21.727	8.201
21.727	8.201	20.841	9.765
21.727	8.201	22.051	9.128
21.727	8.201	22.282	8.416
21.727	8.201	23.262	8.453
21.727	8.201	24.154	8.435
21.727	8.201	27.453	8.145
21.727	8.201	26.015	7.529
21.727	8.201	25.366	5.537
21.727	8.201	26.301	3.914
21.727	8.201	23.452	7.956
23.452	7.956	27.551	8.065
23.452	7.956	25.250	8.033
23.452	7.956	25.765	8.226
23.452	7.956	24.562	7.916
23.452	7.956	24.222	7.370
23.452	7.956	23.290	7.826
23.452	7.956	22.708	7.857
23.452	7.956	26.161	14.433
23.452	7.956	26.370	15.217
23.452	7.956	33.149	-4.654
23.452	7.956	27.474	0.258
23.452	7.956	26.228	-2.775
23.452	7.956	25.975	-2.729
23.452	7.956	25.543	0.672
23.452	7.956	24.622	-1.487
23.452	7.956	25.280	-5.466
25.280	-5.466	25.051	-4.914
25.280	-5.466	23.269	-4.689
25.280	-5.466	21.916	-4.618
25.280	-5.466	21.080	-5.148
25.280	-5.466	21.397	-5.269
25.280	-5.466	21.915	-5.309
25.280	-5.466	22.505	-10.771
25.280	-5.466	25.463	-10.469
25.280	-5.466	25.336	13.721
25.280	-5.466	24.261	10.474
25.280	-5.466	23.482	8.170
25.280	-5.466	22.031	4.562
25.280	-5.466	22.460	5.320
25.280	-5.466	25.748	-5.967
25.748	-5.967	28.215	-5.696
25.748	-5.967	25.867	-5.997
25.748	-5.967	25.682	4.187
25.748	-5.967	27.121	-15.581
25.748	-5.967	27.211	-9.649
25.748	-5.967	26.998	-6.195
25.748	-5.967	27.173	-6.388
25.748	-5.967	28.161	-5.709
28.161	-5.709	28.683	-5.577
28.161	-5.709	29.418	2.244
28.161	-5.709	28.957	-10.282
28.161	-5.709	29.003	-6.646
28.161	-5.709	30.720	-4.660
28.161	-5.709	31.114	-4.218
28.161	-5.709	31.497	-3.916
28.161	-5.709	31.079	-3.985
28.161	-5.709	29.111	-5.168
28.161	-5.709	31.415	-0.209
28.161	-5.709	31.721	-3.414
31.721	-3.414	32.191	-10.118
31.721	-3.414	33.304	-6.392
31.721	-3.414	31.352	-3.421
31.721	-3.414	33.324	-4.029
31.721	-3.414	31.945	-0.421
31.721	-3.414	35.480	-1.388
31.721	-3.414	31.562	-3.292
31.721	-3.414	32.533	-3.136
31.721	-3.414	32.100	-3.360
32.100	-3.360	35.881	-3.102
32.100	-3.360	36.412	-4.378
32.100	-3.360	35.687	-5.975
32.100	-3.360	33.537	-2.964
32.100	-3.360	34.748	-2.193
32.100	-3.360	34.707	-2.051
32.100	-3.360	32.431	-3.207
32.100	-3.360	31.569	-2.955
32.100	-3.360	34.519	-2.528
34.519	-2.528	33.631	-2.434
34.519	-2.528	34.448	-3.813
34.519	-2.528	33.145	-4.111
34.519	-2.528	34.328	-1.480
34.519	-2.528	33.711	-2.325
34.519	-2.528	33.593	-2.227
34.519	-2.528	33.797	-1.868
34.519	-2.528	34.574	-2.305
34.519	-2.528	37.140	-2.238
34.519	-2.528	35.945	-2.424
34.519	-2.528	36.831	-2.824
34.519	-2.528	36.400	-3.013
34.519	-2.528	35.651	-3.587
34.519	-2.528	34.907	-3.825
34.519	-2.528	33.792	-4.117
33.792	-4.117	33.116	-4.183
33.792	-4.117	33.350	-4.073
33.792	-4.117	29.615	-6.353
33.792	-4.117	31.280	-4.658
33.792	-4.117	32.768	-4.320
33.792	-4.117	33.702	-4.680
33.792	-4.117	33.545	-3.169
33.792	-4.117	33.445	-4.947
33.792	-4.117	27.314	-7.963
27.314	-7.963	30.634	-4.109
27.314	-7.963	31.577	-4.262
27.314	-7.963	29.652	-6.722
27.314	-7.963	28.721	-7.474
27.314	-7.963	28.476	-6.298
27.314	-7.963	27.469	-8.329
27.314	-7.963	26.999	-7.813
27.314	-7.963	26.086	-7.911
27.314	-7.963	25.415	-8.487
27.314	-7.963	24.966	-7.602
27.314	-7.963	25.525	-7.992
27.314	-7.963	24.068	-7.323
24.068	-7.323	24.389	-7.389
24.068	-7.323	24.113	-5.162
24.068	-7.323	24.188	-8.068
24.068	-7.323	23.343	-7.121
24.068	-7.323	23.315	-7.182
24.068	-7.323	21.832	-7.004
24.068	-7.323	22.927	-7.013
24.068	-7.323	22.288	-6.942
24.068	-7.323	21.871	-6.896
21.871	-6.896	21.600	-7.332
21.871	-6.896	22.144	-7.468
21.871	-6.896	21.822	-5.610
21.871	-6.896	19.157	-6.895
19.157	-6.895	18.822	-7.545
19.157	-6.895	19.084	-6.431
19.157	-6.895	18.906	-4.748
19.157	-6.895	19.131	-7.420
19.157	-6.895	13.121	-7.498
13.121	-7.498	15.496	-8.031
13.121	-7.498	13.981	-7.401
13.121	-7.498	13.824	-7.402
13.121	-7.498	13.246	-6.194
13.121	-7.498	13.598	-8.517
13.121	-7.498	13.470	-6.712
13.121	-7.498	12.153	-7.081
13.121	-7.498	10.818	-7.821
13.121	-7.498	10.895	-8.729
13.121	-7.498	10.575	-8.484
10.575	-8.484	10.648	-8.441
10.575	-8.484	10.309	-7.758
10.575	-8.484	10.464	-6.714
10.575	-8.484	9.058	-7.628
10.575	-8.484	7.930	-8.417
10.575	-8.484	8.809	-8.844
10.575	-8.484	9.459	-8.522
10.575	-8.484	10.346	-9.174
10.346	-9.174	8.078	-9.208
10.346	-9.174	6.224	-9.195
10.346	-9.174	5.292	-9.056
10.346	-9.174	7.203	-9.099
10.346	-9.174	8.255	-9.110
10.346	-9.174	9.217	-9.155
10.346	-9.174	3.222	-9.203
32.100	-3.360	33.975	-3.985
33.975	-3.985	38.267	-7.033
38.267	-7.033	37.504	-7.123
38.267	-7.033	41.849	-5.987
38.267	-7.033	39.935	-3.820
38.267	-7.033	38.250	-4.363
38.267	-7.033	36.844	-3.484
38.267	-7.033	36.992	-5.900
38.267	-7.033	35.820	-5.139
38.267	-7.033	35.357	-5.037
38.267	-7.033	38.110	-9.442
38.267	-7.033	42.910	-8.891
38.267	-7.033	41.830	-8.966
38.267	-7.033	39.413	-7.872
38.267	-7.033	38.355	-7.644
38.267	-7.033	38.638	-9.069
38.267	-7.033	41.174	-8.157
38.267	-7.033	95.419	-93.429
38.267	-7.033	44.023	-15.746
38.267	-7.033	43.507	-14.938
38.267	-7.033	44.052	-15.796
44.052	-15.796	49.868	-24.592
44.052	-15.796	45.505	-16.032
45.505	-16.032	47.783	-18.423

