TRIP
DATE 2025-08-21
DECLINATION 0.0
DATA
0		329.86	13.49	6.855	>
0		329.93	13.47	6.856	>
0		329.86	13.41	6.849	>
0	1	329.88	13.46	6.853	>
1		28.93	60.19	6.490	>
1		28.79	60.14	6.487	>
1		28.88	60.24	6.491	>
1	2	28.87	60.19	6.489	>
2		39.57	-31.99	0.931	>
2		239.28	-31.34	1.068	>
2		277.02	-79.54	1.613	>
2		16.62	-34.24	3.484	>
2		313.94	-6.95	4.569	>
2		313.96	-6.87	4.565	>
2		314.07	-6.87	4.593	>
2	3	313.99	-6.90	4.576	>
3		32.60	78.05	0.922	>
3		258.04	28.73	1.781	>
3		207.17	22.16	2.527	>
3		71.71	-0.54	1.089	>
3		54.00	-31.75	6.167	>
3		327.72	-20.45	8.707	>
3		327.61	-20.53	8.705	>
3		327.63	-20.47	8.719	>
3	4	327.66	-20.49	8.710	>
4		12.68	-3.11	2.523	>
4		339.11	-10.50	2.001	>
4		272.98	68.18	5.695	>
4		271.18	-69.99	1.889	>
4		229.93	6.37	3.080	>
4		265.78	2.57	3.275	>
4		318.76	-5.44	5.577	>
4		296.61	-3.21	13.677	>
4		296.38	-3.14	13.670	>
4		296.35	-3.19	13.671	>
4	5	296.45	-3.18	13.673	>
5		151.66	85.44	4.121	>
5		193.62	-85.53	4.986	>
5		156.21	-0.76	2.551	>
5		134.15	6.82	6.671	>
5		104.74	7.20	5.577	>
5		54.37	3.86	5.290	>
5		38.21	3.28	5.899	>
5		39.30	6.59	5.964	>
5		71.14	-57.29	1.631	>
5		274.44	27.80	3.064	>
5		274.28	27.99	3.084	>
5		274.39	28.03	3.081	>
5	6	274.37	27.94	3.076	>
6		354.20	6.73	0.794	>
6		359.22	79.95	3.032	>
6		270.09	-71.13	5.350	>
6		251.54	8.32	5.291	>
6		251.72	8.35	5.285	>
6		251.60	8.36	5.283	>
6	7	251.62	8.34	5.286	>
7		12.94	-11.15	3.319	>
7		55.81	-4.63	2.671	>
7		92.14	5.63	3.041	>
7		136.33	7.09	1.856	>
7		89.37	-82.16	1.404	>
7		73.92	61.97	1.382	>
7		2.86	-0.03	7.086	>
7		2.96	0.13	7.080	>
7		2.96	0.12	7.076	>
7	8	2.92	0.07	7.081	>
8		236.13	-83.29	1.493	>
8		249.82	-6.97	2.134	>
8		143.73	-33.66	2.532	>
8		202.90	-14.72	4.733	>
8		220.55	-16.93	2.916	>
8		273.13	6.69	5.956	>
8		273.16	6.83	5.949	>
8		273.15	6.92	5.962	>
8	9	273.15	6.81	5.956	>
9		165.73	-10.78	1.337	>
9		125.58	1.63	2.793	>
9		33.67	-5.92	1.417	>
9		80.27	0.68	2.567	>
9		319.28	-84.34	1.813	>
9		205.19	-83.99	5.029	>
9		5.72	-8.76	1.840	>
9		27.64	-7.23	1.524	>
9		17.76	-2.64	5.489	>
9		17.57	-2.87	5.479	>
9		17.67	-2.63	5.494	>
9	10	17.67	-2.71	5.487	>
10		160.38	12.72	3.032	>
10		228.82	-15.46	2.333	>
10		278.68	-26.32	4.598	>
10		299.81	-26.20	3.834	>
10		207.70	-80.66	1.691	>
10		231.38	66.78	1.660	>
10		344.05	-30.60	4.060	>
10		330.64	-30.64	5.247	>
10		330.64	-30.59	5.264	>
10		330.50	-30.65	5.253	>
10	11	330.60	-30.63	5.255	>
11		208.85	2.02	2.654	>
11		211.03	68.70	3.352	>
11		220.37	-72.80	1.933	>
11		284.11	12.24	4.393	>
11		273.32	11.23	6.390	>
11		273.38	11.11	6.391	>
11		273.27	10.98	6.396	>
11	12	273.33	11.11	6.392	>
12		173.97	-6.44	2.762	>
12		119.55	-19.07	3.825	>
12		164.49	72.20	2.655	>
12		173.80	-63.46	1.828	>
12		197.81	2.95	3.543	>
12		280.95	-1.04	3.958	>
12		238.93	0.39	5.866	>
12		221.21	-1.90	5.206	>
12		229.87	-3.93	6.883	>
12		272.66	14.38	6.634	>
12		272.66	14.39	6.635	>
12		272.58	14.36	6.636	>
12	13	272.63	14.38	6.635	>
13		211.23	7.55	0.979	>
13		15.04	10.59	1.470	>
13		3.44	68.52	2.134	>
13		293.36	-9.98	2.894	>
13		317.13	-10.13	5.210	>
13		317.27	-10.12	5.208	>
13		317.25	-10.18	5.203	>
13	14	317.22	-10.15	5.207	>
14		9.14	71.82	5.739	>
14		92.79	12.82	2.288	>
14		116.03	13.52	2.622	>
14		6.24	3.29	2.614	>
14		43.96	16.85	2.730	>
14		8.93	-8.50	2.500	>
14		8.75	-8.81	2.502	>
14		8.89	-8.76	2.498	>
14		9.80	49.67	4.176	>
14		9.71	49.72	4.175	>
14		9.97	49.94	4.177	>
14	15	8.86	-8.69	2.500	>
15		57.05	-48.59	5.810	>
15		229.98	15.13	1.223	>
15		7.81	-5.34	1.259	>
15		321.57	-9.17	2.345	>
15		348.41	-18.39	5.812	>
15		348.20	-18.52	5.807	>
15		348.25	-18.44	5.804	>
15	16	348.29	-18.45	5.808	>
16		80.04	5.29	0.633	>
16		24.03	81.89	0.414	>
16		230.35	-79.45	3.589	>
16		302.62	-83.37	3.708	>
16		206.69	-6.80	0.336	>
16		52.54	24.42	3.860	>
16		52.70	24.38	3.859	>
16		52.58	24.28	3.861	>
16	17	52.60	24.36	3.860	>
17		315.88	53.11	3.988	>
17		297.64	18.95	2.219	>
17		201.01	-20.95	3.491	>
17		158.66	-57.26	4.744	>
17		96.44	-56.50	11.264	>
17		10.38	1.43	3.750	>
17		10.39	1.60	3.796	>
17		10.40	1.60	3.801	>
17		52.54	1.08	1.568	>
17		10.57	-59.55	2.026	>
17		3.43	4.69	3.922	>
17		3.27	4.47	3.892	>
17		3.38	4.45	3.901	>
17		134.09	15.90	0.889	>
17		139.07	-74.80	2.743	>
17		52.73	81.42	5.274	>
17		69.23	18.90	3.624	>
17		69.24	18.92	3.621	>
17		69.22	18.93	3.620	>
17		69.03	19.01	0.157	>
17		69.06	18.98	0.156	>
17		68.85	18.95	0.155	>
17		3.34	4.55	3.903	>
17		3.30	4.55	3.911	>
17		3.25	4.48	3.907	>
17		10.54	1.69	3.810	>
17		10.49	1.63	3.769	>
17		10.46	1.64	3.760	>
17	18	10.50	1.66	3.780	>
18		3.32	4.80	3.924	>
18		3.28	4.77	3.923	>
18		3.18	4.78	4.038	>
18		3.43	4.90	3.919	>
18		3.44	4.87	3.922	>
18		3.42	4.64	3.926	>
18	19	3.43	4.80	3.922	>
19		68.83	19.39	0.185	>
19		68.94	19.12	0.185	>
19		68.97	19.32	0.216	>
19		74.30	18.66	3.355	>
19		68.91	19.21	3.630	>
19		68.64	19.41	3.636	>
19		68.74	19.53	3.636	>
19	20	68.77	19.38	3.634	>
20		273.85	51.87	4.420	>
20		291.52	5.87	0.738	>
20		274.11	-75.47	1.389	>
20		323.66	-77.12	3.377	>
20		328.36	28.94	4.322	>
20		328.06	28.86	4.309	>
20		328.13	28.78	4.309	>
20	21	328.19	28.86	4.313	>
21		223.72	2.72	0.642	>
21		261.61	87.30	4.015	>
21		224.20	-78.40	1.877	>
21		223.93	-74.53	3.397	>
21		285.35	-25.27	4.126	>
21		285.27	-24.76	4.106	>
21		285.37	-24.92	4.119	>
21	22	285.33	-24.98	4.117	>
22		56.11	13.29	1.018	>
22		355.87	-77.15	2.854	>
22		32.19	79.39	3.367	>
22		358.42	7.25	3.047	>
22		4.13	36.92	5.730	>
22		4.12	37.07	5.733	>
22		4.04	36.95	5.730	>
22	23	4.10	36.98	5.731	>
23		131.74	-0.38	1.740	>
23		154.34	-0.70	3.094	>
23		189.21	-5.96	3.468	>
23		237.85	3.47	1.675	>
23		273.06	-2.92	2.520	>
23		285.29	-79.10	2.394	>
23		274.67	70.81	7.614	>
23		268.52	12.43	6.738	>
23		268.71	12.38	6.726	>
23		268.60	12.34	6.733	>
23	24	268.61	12.38	6.732	>
24		180.85	-5.20	1.538	>
24		256.52	8.45	2.721	>
24		294.14	30.10	8.847	>
24		321.82	28.99	10.644	>
24		349.63	30.33	4.088	>
24		34.32	10.21	1.802	>
24		41.06	-63.67	2.125	>
24		36.63	81.22	14.175	>
24		69.87	84.66	19.835	>
24		279.84	-15.25	2.831	>
24		280.27	-15.25	2.833	>
24		280.31	-15.24	2.830	>
24	25	280.14	-15.25	2.831	>
25		19.16	15.80	1.622	>
25		31.65	-66.67	0.870	>
25		292.14	83.52	6.897	>
25		318.17	-21.88	4.168	>
25		318.45	-21.94	4.174	>
25		318.26	-21.92	4.170	>
25	26	318.29	-21.91	4.171	>
26		31.40	-11.96	0.400	>
26		124.57	-82.60	1.258	>
26		56.34	81.43	2.080	>
26		237.55	-52.63	0.990	>
26		336.80	-8.20	3.383	>
26		336.77	-8.12	3.385	>
26		336.73	-8.18	3.387	>
26	27	336.76	-8.17	3.385	>
27		194.05	5.27	1.356	>
27		228.98	72.24	1.313	>
27		215.34	-69.10	4.335	>
27		236.96	-20.64	3.737	>
27		262.91	-30.69	8.121	>
27		251.78	-29.72	12.658	>
27		251.81	-29.73	12.641	>
27		251.84	-29.64	12.668	>
27	28	251.81	-29.70	12.656	>
28		93.15	82.11	7.101	>
28		23.17	4.30	1.156	>
28		323.73	-5.75	1.866	>
28		335.10	-73.19	1.315	>
28		291.20	-0.76	4.849	>
28		291.29	-0.76	4.842	>
28		291.40	-0.70	4.836	>
28	29	291.30	-0.74	4.842	>
29		46.36	-4.97	1.256	>
29		23.71	-49.55	2.141	>
29		18.41	67.19	5.809	>
29		10.99	6.30	3.820	>
29		10.94	6.42	3.821	>
29		11.13	6.25	3.824	>
29	30	11.02	6.32	3.822	>
14	14.1	9.83	49.78	4.176	>
14.1		270.73	0.08	1.948	>
14.1		254.50	60.84	2.773	>
14.1		311.87	15.54	5.025	>
14.1		311.93	15.81	5.026	>
14.1		311.76	15.80	5.029	>
14.1	14.2	311.85	15.72	5.027	>
14.2		32.10	11.93	2.416	>
14.2		212.96	18.76	6.829	>
14.2		171.72	-2.10	2.822	>
14.2		275.25	47.37	5.412	>
14.2		275.29	47.42	5.410	>
14.2		275.36	47.50	5.411	>
14.2	14.3	275.30	47.43	5.411	>
14.3		5.78	31.59	5.098	>
14.3		299.95	27.31	5.905	>
14.3		239.64	31.40	6.491	>
14.3		200.75	26.11	4.804	>
14.3		158.24	-78.90	1.644	>
14.3		301.35	77.82	10.135	>
14.3		265.76	37.63	127.680	>

PLAN
STATIONS
0.000	0.000	0
-3.344	5.766	1
-1.787	8.590	2
-5.055	11.745	3
-9.420	18.639	4
-21.643	24.720	5
-24.353	24.927	6
-29.317	23.278	7
-28.955	30.349	8
-34.860	30.674	9
-33.197	35.896	10
-35.416	39.836	11
-41.679	40.200	12
-48.099	40.495	13
-51.580	44.257	14
-51.200	46.699	15
-52.318	52.093	16
-49.525	54.229	17
-48.836	57.944	18
-48.602	61.845	19
-45.407	63.087	20
-47.399	66.297	21
-50.998	67.283	22
-50.671	71.850	23
-57.244	71.691	24
-59.933	72.171	25
-62.508	75.060	26
-63.830	78.139	27
-74.274	74.707	28
-78.785	76.466	29
-78.059	80.194	30
-51.120	46.914	14.1
-54.724	50.143	14.2
-58.369	50.481	14.3
SHOTS
0.000	0.000	-3.344	5.766
-3.344	5.766	-1.787	8.590
-1.787	8.590	-1.284	9.199
-1.787	8.590	-2.571	8.124
-1.787	8.590	-2.078	8.626
-1.787	8.590	-0.963	11.350
-1.787	8.590	-5.055	11.745
-5.055	11.745	-4.952	11.906
-5.055	11.745	-6.583	11.422
-5.055	11.745	-6.124	9.663
-5.055	11.745	-4.021	12.087
-5.055	11.745	-0.813	14.828
-5.055	11.745	-9.420	18.639
-9.420	18.639	-8.868	21.097
-9.420	18.639	-10.122	20.477
-9.420	18.639	-11.534	18.749
-9.420	18.639	-10.067	18.652
-9.420	18.639	-11.763	16.668
-9.420	18.639	-12.683	18.398
-9.420	18.639	-13.081	22.814
-9.420	18.639	-21.643	24.720
-21.643	24.720	-21.488	24.431
-21.643	24.720	-21.735	24.342
-21.643	24.720	-20.614	22.386
-21.643	24.720	-16.891	20.105
-21.643	24.720	-16.292	23.311
-21.643	24.720	-17.353	27.795
-21.643	24.720	-18.000	29.347
-21.643	24.720	-17.890	29.304
-21.643	24.720	-20.809	25.005
-21.643	24.720	-24.353	24.927
-24.353	24.927	-24.433	25.711
-24.353	24.927	-24.360	25.456
-24.353	24.927	-26.084	24.929
-24.353	24.927	-29.317	23.278
-29.317	23.278	-28.588	26.451
-29.317	23.278	-27.115	24.774
-29.317	23.278	-26.292	23.165
-29.317	23.278	-28.045	21.945
-29.317	23.278	-29.125	23.280
-29.317	23.278	-28.693	23.458
-29.317	23.278	-28.955	30.349
-28.955	30.349	-29.100	30.252
-28.955	30.349	-30.944	29.618
-28.955	30.349	-27.709	28.650
-28.955	30.349	-30.737	26.132
-28.955	30.349	-30.769	28.229
-28.955	30.349	-34.860	30.674
-34.860	30.674	-34.536	29.401
-34.860	30.674	-32.590	29.049
-34.860	30.674	-34.079	31.847
-34.860	30.674	-32.330	31.108
-34.860	30.674	-34.977	30.809
-34.860	30.674	-35.084	30.197
-34.860	30.674	-34.679	32.483
-34.860	30.674	-34.159	32.013
-34.860	30.674	-33.197	35.896
-33.197	35.896	-32.204	33.110
-33.197	35.896	-34.889	34.416
-33.197	35.896	-37.271	36.518
-33.197	35.896	-36.182	37.607
-33.197	35.896	-33.324	35.653
-33.197	35.896	-33.708	35.488
-33.197	35.896	-34.157	39.257
-33.197	35.896	-35.416	39.836
-35.416	39.836	-36.696	37.512
-35.416	39.836	-36.044	38.792
-35.416	39.836	-35.787	39.400
-35.416	39.836	-39.580	40.882
-35.416	39.836	-41.679	40.200
-41.679	40.200	-41.390	37.470
-41.679	40.200	-38.534	38.417
-41.679	40.200	-41.461	39.417
-41.679	40.200	-41.590	39.388
-41.679	40.200	-42.761	36.831
-41.679	40.200	-45.564	40.952
-41.679	40.200	-46.703	37.172
-41.679	40.200	-45.106	36.285
-41.679	40.200	-46.929	35.774
-41.679	40.200	-48.099	40.495
-48.099	40.495	-48.602	39.665
-48.099	40.495	-47.724	41.891
-48.099	40.495	-48.052	41.275
-48.099	40.495	-50.716	41.625
-48.099	40.495	-51.580	44.257
-51.580	44.257	-51.296	46.025
-51.580	44.257	-49.352	44.149
-51.580	44.257	-49.290	43.138
-51.580	44.257	-51.297	46.851
-51.580	44.257	-49.767	46.138
-51.580	44.257	-51.200	46.699
-51.200	46.699	-47.975	48.789
-51.200	46.699	-52.104	45.940
-51.200	46.699	-51.029	47.941
-51.200	46.699	-52.639	48.512
-51.200	46.699	-52.318	52.093
-52.318	52.093	-51.697	52.202
-52.318	52.093	-52.294	52.147
-52.318	52.093	-52.824	51.674
-52.318	52.093	-52.679	52.324
-52.318	52.093	-52.468	51.795
-52.318	52.093	-49.525	54.229
-49.525	54.229	-51.191	55.947
-49.525	54.229	-51.384	55.202
-49.525	54.229	-50.693	51.185
-49.525	54.229	-48.591	51.839
-49.525	54.229	-43.347	53.531
-49.525	54.229	-48.849	57.916
-49.525	54.229	-48.841	57.961
-49.525	54.229	-48.839	57.966
-49.525	54.229	-48.280	55.182
-49.525	54.229	-49.336	55.238
-49.525	54.229	-48.911	53.634
-49.525	54.229	-49.054	53.686
-49.525	54.229	-48.898	54.705
-49.525	54.229	-48.836	57.944
-48.836	57.944	-48.610	61.847
-48.836	57.944	-48.612	61.847
-48.836	57.944	-48.613	61.961
-48.836	57.944	-48.602	61.845
-48.602	61.845	-48.440	61.908
-48.602	61.845	-48.439	61.908
-48.602	61.845	-48.412	61.918
-48.602	61.845	-45.542	62.706
-48.602	61.845	-45.407	63.087
-45.407	63.087	-48.130	63.270
-45.407	63.087	-46.090	63.356
-45.407	63.087	-45.755	63.112
-45.407	63.087	-45.853	63.693
-45.407	63.087	-47.399	66.297
-47.399	66.297	-47.842	65.833
-47.399	66.297	-47.586	66.269
-47.399	66.297	-47.662	66.026
-47.399	66.297	-48.027	65.644
-47.399	66.297	-50.998	67.283
-50.998	67.283	-50.175	67.836
-50.998	67.283	-51.043	67.917
-50.998	67.283	-50.667	67.808
-50.998	67.283	-51.081	70.305
-50.998	67.283	-50.671	71.850
-50.671	71.850	-49.372	70.692
-50.671	71.850	-49.331	69.061
-50.671	71.850	-51.222	68.445
-50.671	71.850	-52.086	70.960
-50.671	71.850	-53.184	71.984
-50.671	71.850	-51.107	71.969
-50.671	71.850	-53.165	72.054
-50.671	71.850	-57.244	71.691
-57.244	71.691	-57.267	70.159
-57.244	71.691	-59.862	71.063
-57.244	71.691	-64.229	74.821
-57.244	71.691	-62.999	79.010
-57.244	71.691	-57.879	75.161
-57.244	71.691	-56.244	73.155
-57.244	71.691	-56.625	72.401
-57.244	71.691	-55.953	73.426
-57.244	71.691	-55.511	72.326
-57.244	71.691	-59.933	72.171
-59.933	72.171	-59.421	73.646
-59.933	72.171	-59.752	72.465
-59.933	72.171	-60.654	72.465
-59.933	72.171	-62.508	75.060
-62.508	75.060	-62.304	75.394
-62.508	75.060	-62.374	74.968
-62.508	75.060	-62.250	75.232
-62.508	75.060	-63.015	74.738
-62.508	75.060	-63.830	78.139
-63.830	78.139	-64.157	76.829
-63.830	78.139	-64.132	77.876
-63.830	78.139	-64.724	76.878
-63.830	78.139	-66.761	76.232
-63.830	78.139	-70.760	77.278
-63.830	78.139	-74.274	74.707
-74.274	74.707	-73.301	74.654
-74.274	74.707	-73.820	75.767
-74.274	74.707	-75.372	76.204
-74.274	74.707	-74.434	75.052
-74.274	74.707	-78.785	76.466
-78.785	76.466	-77.879	77.329
-78.785	76.466	-78.226	77.738
-78.785	76.466	-78.074	78.602
-78.785	76.466	-78.059	80.194
-51.580	44.257	-51.120	46.914
-51.120	46.914	-53.068	46.939
-51.120	46.914	-52.422	46.553
-51.120	46.914	-54.724	50.143
-54.724	50.143	-53.468	52.145
-54.724	50.143	-58.243	44.717
-54.724	50.143	-54.318	47.352
-54.724	50.143	-58.369	50.481
-58.369	50.481	-57.931	54.801
-58.369	50.481	-62.915	53.100
-58.369	50.481	-63.150	47.681
-58.369	50.481	-59.897	46.447
-58.369	50.481	-58.252	50.187
-58.369	50.481	-60.196	51.594
-58.369	50.481	-159.214	43.013
POLYLINE BLACK
-3.532	5.113
-3.524	5.261
-3.517	5.410
-3.509	5.558
-3.510	5.620
-3.514	5.683
-3.511	5.745
-3.509	5.796
-3.501	5.847
-3.495	5.897
POLYLINE BLACK
-3.506	5.486
-3.539	5.810
-3.550	5.748
-3.502	6.106
-3.495	6.155
-3.483	6.204
-3.467	6.251
-3.453	6.292
-3.434	6.332
-3.412	6.370
-3.265	6.618
-3.097	6.854
-2.960	7.108
-2.801	7.403
-2.764	7.608
-2.727	7.939
-2.719	8.010
-2.724	8.081
-2.727	8.151
-2.728	8.171
-2.731	8.190
-2.737	8.208
-2.744	8.227
-2.758	8.242
-2.768	8.259
POLYLINE BLACK
-1.191	9.081
-1.170	8.910
-1.125	8.740
-1.129	8.568
-1.142	7.966
-1.401	7.082
-1.518	6.569
-1.536	6.489
-1.542	6.406
-1.565	6.327
-1.597	6.222
-1.655	6.126
-1.681	6.020
-1.744	5.760
-1.741	5.640
-1.748	5.408
POLYLINE BLACK
-2.700	8.017
-2.500	7.977
-2.298	7.940
-2.098	7.897
-2.042	7.885
-1.989	7.861
-1.932	7.852
-1.759	7.825
-1.628	7.808
-1.463	7.836
-1.334	7.858
-1.310	7.885
-1.185	7.951
POLYLINE BLACK
-2.500	7.653
-2.534	7.824
-2.535	7.869
-2.495	8.026
POLYLINE BLACK
-2.411	7.452
-2.403	7.501
-2.382	7.758
-2.325	7.865
-2.302	7.907
-2.274	7.946
-2.249	7.986
POLYLINE BLACK
-2.113	7.412
-2.021	7.806
-2.077	7.655
-1.982	7.879
POLYLINE BLACK
-1.846	7.424
-1.792	7.756
-1.837	7.616
-1.738	7.853
POLYLINE BLACK
-1.599	7.404
-1.541	7.712
-1.576	7.583
-1.510	7.794
POLYLINE BLACK
-6.099	5.700
-5.308	5.851
-5.405	5.853
-4.222	5.862
-4.120	5.863
-4.023	5.820
-3.924	5.799
-3.885	5.791
-3.848	5.783
-3.811	5.804
-3.779	5.822
-3.757	5.858
-3.750	5.893
-3.746	5.907
-3.745	5.926
-3.748	5.940
-3.751	5.952
-3.755	5.964
-3.758	5.976
-3.756	5.978
-3.754	5.986
-3.752	5.983
-3.732	5.943
-3.662	5.825
-3.671	5.756
-3.694	5.586
-4.132	5.638
-4.175	5.638
POLYLINE BLACK
-9.115	6.065
-9.156	6.042
-9.200	6.021
-9.240	5.995
-9.302	5.956
-9.398	5.842
-9.324	5.772
-9.238	5.691
-9.108	5.670
-9.025	5.583
-8.969	5.525
-8.947	5.442
-9.048	5.421
-9.097	5.411
-9.147	5.403
-9.197	5.394
POLYLINE BLACK
-8.163	5.451
-8.177	5.448
-8.258	5.414
-8.294	5.436
-8.321	5.453
-8.321	5.491
-8.323	5.518
-8.326	5.596
-8.324	5.674
-8.331	5.752
-8.338	5.819
-8.354	5.884
-8.365	5.950
POLYLINE BLACK
-8.721	5.829
-8.534	5.914
-8.462	5.964
-8.266	5.997
-8.193	6.010
-8.118	6.009
-8.045	6.014
POLYLINE BLACK
-8.229	5.327
-8.152	5.472
-8.077	5.618
-7.998	5.762
-7.991	5.775
-7.971	5.794
-7.956	5.799
-7.880	5.827
-7.843	5.662
-7.849	5.616
-7.866	5.492
-7.889	5.368
-7.909	5.244
POLYLINE BLACK
-8.324	5.425
-8.188	5.416
-8.052	5.407
-7.916	5.397
-7.884	5.400
-7.851	5.395
-7.821	5.406
-7.758	5.429
-7.700	5.466
-7.640	5.496
POLYLINE BLACK
-7.740	5.326
-7.713	5.382
-7.681	5.436
-7.659	5.494
-7.643	5.535
-7.632	5.577
-7.624	5.620
-7.611	5.697
-7.620	5.779
-7.596	5.854
-7.590	5.872
-7.574	5.823
-7.564	5.807
-7.556	5.793
-7.550	5.777
-7.541	5.764
-7.480	5.672
-7.340	5.617
-7.248	5.696
-7.159	5.773
-7.237	5.998
-7.335	6.036
-7.401	6.061
-7.476	6.006
-7.512	5.956
-7.541	5.917
-7.557	5.880
-7.569	5.833
-7.587	5.761
-7.583	5.679
-7.558	5.610
-7.532	5.540
-7.504	5.471
-7.471	5.404
-7.435	5.330
-7.391	5.260
-7.351	5.188
POLYLINE BLACK
-7.067	5.089
-6.926	5.323
-6.952	5.587
-6.974	5.849
POLYLINE BLACK
-7.107	6.080
-6.834	5.902
-6.869	5.914
-6.540	5.888
-6.529	5.887
-6.517	5.887
-6.506	5.889
-6.436	5.900
-6.367	5.914
-6.298	5.927
POLYLINE BLACK
-2.726	8.122
-2.750	8.163
-2.772	8.205
-2.798	8.245
-2.811	8.264
-2.826	8.283
-2.845	8.298
-3.057	8.464
-3.269	8.631
-3.488	8.788
-3.529	8.817
-3.577	8.837
-3.624	8.855
-3.829	8.933
-4.045	8.980
-4.242	9.075
-4.446	9.174
-4.636	9.301
-4.821	9.432
-5.962	10.237
-4.995	9.591
-5.882	10.391
-7.103	11.493
-6.232	10.539
-6.938	11.347
POLYLINE BLACK
-2.632	11.526
-2.682	11.563
-2.728	11.606
-2.782	11.637
-2.996	11.759
-3.271	11.946
-3.544	11.962
-3.595	11.965
-3.667	11.962
-3.715	11.934
-3.812	11.878
-3.860	11.695
-3.847	11.591
-3.835	11.492
-3.786	11.406
-3.738	11.318
-3.722	11.287
-3.703	11.256
-3.676	11.234
-3.272	10.888
-2.867	10.544
-2.448	10.216
-2.321	10.116
-2.035	9.986
-1.898	9.819
-1.870	9.785
-1.847	9.748
-1.824	9.712
-1.809	9.687
-1.802	9.656
-1.782	9.633
-1.777	9.628
-1.764	9.632
-1.760	9.638
-1.751	9.655
-1.751	9.674
-1.749	9.693
-1.746	9.744
-1.737	9.796
-1.746	9.847
-1.789	10.117
-1.839	10.385
-1.905	10.651
-2.018	11.112
-2.276	11.216
-2.673	11.511
-2.695	11.528
-2.720	11.540
-2.746	11.548
-2.824	11.571
-2.905	11.585
-2.984	11.604
POLYLINE BLACK
-0.962	8.533
-0.949	8.775
-0.937	9.017
-0.924	9.258
-0.924	9.344
-0.936	9.431
-0.923	9.516
-0.865	9.900
-0.794	10.283
-0.711	10.662
-0.673	10.837
-0.538	11.061
-0.535	11.246
-0.498	14.114
-0.574	11.302
-0.758	13.413
-0.789	13.759
-0.751	14.107
-0.756	14.454
-0.756	14.485
-0.764	14.515
-0.773	14.544
-0.814	14.671
-0.912	14.809
-0.974	14.913
POLYLINE BLACK
-5.405	13.752
-5.510	13.706
-5.578	13.658
-5.591	13.539
-5.596	13.496
-5.600	13.454
-5.598	13.411
-5.582	13.154
-5.435	12.858
-5.220	12.714
-5.152	12.668
-4.935	12.595
-4.854	12.656
-4.738	12.742
-4.716	12.950
-4.741	13.081
-4.780	13.283
-4.946	13.411
-5.069	13.567
-5.137	13.652
-5.116	13.654
-5.187	13.712
-5.244	13.761
-5.314	13.770
-5.386	13.792
POLYLINE BLACK
-6.662	15.945
-6.736	15.938
-6.823	15.931
-6.852	15.847
-6.882	15.760
-6.911	15.672
-6.930	15.582
-6.959	15.438
-6.991	15.274
-6.939	15.129
-6.860	14.907
-6.734	14.798
-6.546	14.638
-6.473	14.576
-6.383	14.531
-6.293	14.500
-6.192	14.466
-6.074	14.465
-5.984	14.529
-5.854	14.619
-5.846	14.806
-5.850	14.946
-5.858	15.235
-6.000	15.389
-6.134	15.631
-6.161	15.679
-6.177	15.731
-6.204	15.779
-6.224	15.813
-6.248	15.846
-6.275	15.876
-6.386	15.998
-6.489	16.096
-6.646	16.149
-6.789	16.198
-6.919	16.124
-7.051	16.072
POLYLINE BLACK
-0.780	14.868
-0.873	14.884
-1.011	14.896
-1.105	14.945
-1.305	15.048
-1.346	15.151
-1.558	15.317
-1.929	15.606
-2.316	15.874
-2.689	16.160
-3.217	16.562
-3.740	16.972
-4.263	17.381
-4.800	17.801
-4.591	17.731
-5.542	18.198
-5.588	18.220
-6.798	18.834
-7.310	18.878
-7.537	18.897
-7.766	18.906
-7.994	18.891
-8.286	18.871
-8.574	18.806
-8.865	18.773
-8.960	18.762
-9.059	18.772
-9.103	18.866
-9.149	18.968
-9.172	19.108
-9.131	19.215
-9.009	19.532
-8.867	19.841
-8.749	20.160
-8.684	20.334
-8.677	20.533
-8.714	20.714
-8.731	20.795
-8.757	20.873
-8.773	20.955
-8.786	21.020
-8.793	21.086
-8.803	21.152
POLYLINE BLACK
-6.955	11.183
-7.168	11.710
-6.957	11.227
-7.671	12.250
-8.195	13.001
-7.284	11.864
-8.311	13.039
-8.550	13.312
-8.763	13.608
-9.015	13.869
-9.156	14.016
-9.328	14.130
-9.484	14.260
-9.662	14.430
-9.851	14.590
-10.018	14.771
-10.627	15.433
-11.230	16.102
-11.810	16.789
-12.150	17.192
-12.471	17.898
-12.732	18.294
-12.777	18.363
-12.856	18.401
-12.918	18.454
POLYLINE BLACK
-10.636	15.538
-10.240	15.730
-10.677	15.530
-10.077	15.744
-9.981	15.778
-9.891	15.828
-9.795	15.862
-9.714	15.891
-9.628	15.903
-9.547	15.932
-9.320	16.012
-9.098	16.106
-8.872	16.186
-8.847	16.195
-8.820	16.199
-8.793	16.199
-7.694	16.174
-8.709	16.190
-7.734	16.105
-7.374	16.073
-7.012	16.058
-6.651	16.035
POLYLINE BLACK
-10.233	16.209
-10.228	15.985
-10.174	15.798
-10.085	15.601
POLYLINE BLACK
-9.873	16.305
-9.827	15.916
POLYLINE BLACK
-9.158	16.676
-9.176	16.534
-9.226	16.374
-9.181	16.229
-9.165	16.176
-9.126	16.124
-9.099	16.080
POLYLINE BLACK
-8.722	16.728
-8.811	16.324
-8.794	16.496
-8.808	16.218
POLYLINE BLACK
-8.332	16.700
-8.337	16.676
-8.404	16.446
-8.388	16.365
-8.381	16.324
-8.359	16.285
-8.344	16.246
POLYLINE BLACK
-7.814	16.688
-7.897	16.430
-7.894	16.461
-7.908	16.240
POLYLINE BLACK
-7.434	16.746
-7.311	16.469
-7.415	16.725
-7.336	16.470
-7.317	16.411
-7.294	16.353
-7.274	16.294
POLYLINE BLACK
-6.807	16.552
-6.976	16.247
-6.912	16.392
-7.012	16.122
POLYLINE BLACK
-12.459	14.166
-12.439	14.382
-12.426	14.599
-12.397	14.814
-12.396	14.823
-12.378	14.813
-12.372	14.807
-12.358	14.794
-12.350	14.775
-12.338	14.761
-12.260	14.672
-12.142	14.808
-12.113	14.874
-12.069	14.976
-12.080	15.170
-12.234	15.138
-12.358	15.111
-12.410	14.979
-12.463	14.882
POLYLINE BLACK
-11.940	13.929
-12.043	13.944
POLYLINE BLACK
-11.656	14.868
-11.623	14.902
-11.582	14.976
-11.523	14.988
-11.482	14.996
-11.442	14.976
-11.411	14.952
-11.343	14.901
-11.298	14.827
-11.316	14.740
-11.342	14.612
-11.502	14.484
-11.562	14.410
-11.580	14.388
-11.552	14.357
-11.536	14.346
-11.473	14.302
-11.383	14.277
-11.306	14.276
-11.180	14.273
-11.138	14.286
-11.013	14.307
POLYLINE BLACK
-12.839	17.962
-12.860	18.059
-12.875	18.157
-12.903	18.252
-12.997	18.573
-13.380	18.853
-13.657	18.999
-13.752	19.049
-13.850	19.092
-13.952	19.123
-15.216	19.515
-15.243	19.578
-16.310	19.657
-16.664	19.683
-17.019	19.625
-17.343	19.799
-17.760	20.024
-18.276	20.661
-18.459	20.852
-18.574	20.972
-18.665	21.116
-18.789	21.228
-19.161	21.565
-19.656	21.937
-20.150	22.084
-20.557	22.205
-20.986	22.240
-21.403	22.323
-21.610	22.364
-21.825	22.452
-22.028	22.345
-22.156	22.278
-22.412	22.061
-22.581	22.178
-22.685	22.250
-22.735	22.432
-22.709	22.550
-22.657	22.785
-22.505	23.172
-22.524	23.464
-22.529	23.533
-22.523	23.614
-22.568	23.666
-22.602	23.706
-22.670	23.685
-22.721	23.695
POLYLINE BROWN
-19.771	24.012
-19.969	24.303
-20.217	24.678
-20.611	24.710
-20.701	24.718
-20.812	24.709
-20.892	24.661
-21.145	24.510
-21.324	24.006
-21.236	23.725
-21.221	23.676
-21.203	23.627
-21.178	23.583
-21.020	23.301
-20.851	22.875
-20.534	22.689
-20.484	22.660
-20.431	22.636
-20.376	22.616
-20.098	22.515
-19.819	22.417
-19.537	22.326
-19.481	22.308
-19.408	22.314
-19.355	22.339
-19.256	22.385
-19.201	22.504
-19.168	22.600
-18.987	23.132
-19.460	23.527
-19.755	23.919
-19.778	23.949
-19.804	23.978
-19.834	24.001
-19.907	24.055
-19.987	24.101
-20.063	24.151
POLYLINE BROWN
-17.299	23.673
-17.582	23.913
-17.877	24.067
-18.241	24.136
-18.354	24.157
-18.494	24.169
-18.612	24.147
-18.737	24.123
-18.845	24.061
-18.935	23.972
-19.239	23.669
-19.030	23.200
-18.734	22.979
-18.487	22.795
-18.019	22.661
-17.730	22.821
-17.522	22.935
-17.402	23.195
-17.377	23.421
-17.363	23.549
-17.359	23.739
-17.457	23.842
-17.489	23.876
-17.535	23.899
-17.581	23.903
-17.795	23.919
-17.924	23.792
-18.079	23.662
POLYLINE BROWN
-16.394	21.696
-16.469	21.965
-16.546	22.251
-16.790	22.414
-17.190	22.681
-17.925	22.490
-18.124	22.042
-18.226	21.812
-18.222	21.505
-18.131	21.272
-18.093	21.174
-18.045	21.080
-17.995	20.988
-17.952	20.911
-17.885	20.821
-17.811	20.769
-17.619	20.631
-17.392	20.530
-17.157	20.497
-16.932	20.465
-16.648	20.608
-16.472	20.690
-15.949	20.931
-15.885	21.303
-16.151	21.798
-16.215	21.917
-16.289	22.050
-16.418	22.111
-16.651	22.223
-16.810	22.156
-17.073	22.108
POLYLINE BLACK
-9.528	14.775
-9.477	14.873
-9.432	14.974
-9.376	15.069
-9.301	15.196
-9.173	15.038
-9.111	14.997
-9.052	14.957
-8.975	14.924
-8.905	14.911
-8.656	14.865
-8.414	14.925
-8.171	14.975
POLYLINE BLACK
-7.493	12.681
-7.454	12.805
-7.305	13.290
-7.161	13.329
-7.111	13.342
-7.088	13.260
-7.082	13.238
-7.059	13.160
-7.049	13.080
-7.027	13.002
-6.950	12.735
-6.624	12.788
-6.413	12.769
POLYLINE BLACK
-5.473	10.537
-5.445	10.584
-5.408	10.822
-5.291	10.848
-5.167	10.876
-5.032	10.713
-4.971	10.632
-4.912	10.554
-4.885	10.455
-4.811	10.389
-4.666	10.261
-4.449	10.214
-4.264	10.268
-4.187	10.290
-4.114	10.321
-4.039	10.347
POLYLINE BLACK
-3.255	9.268
-3.214	9.342
-3.175	9.418
-3.131	9.490
-3.018	9.674
-2.739	9.543
-2.655	9.402
-2.604	9.317
-2.586	9.217
-2.524	9.139
-2.477	9.080
-2.414	9.039
-2.342	9.016
-2.103	8.936
-1.863	9.123
-1.673	9.231
POLYLINE BLACK
-15.169	20.682
-14.975	20.956
-14.784	21.231
-14.587	21.502
-14.509	21.609
-14.378	21.591
-14.293	21.504
-14.172	21.380
-14.059	21.248
-13.936	21.126
-13.907	21.097
-13.842	21.073
-13.803	21.067
-13.529	21.019
-12.915	21.346
-12.894	21.354
POLYLINE BLACK
-19.549	25.372
-19.431	25.613
-19.312	25.853
-19.194	26.093
-19.177	26.105
-19.165	26.127
-19.144	26.130
-19.083	26.138
-19.054	26.021
-19.026	25.986
-18.975	25.926
-18.889	25.881
-18.812	25.867
-18.452	25.803
-18.231	25.856
-17.879	25.934
POLYLINE BLACK
-11.657	18.596
-11.593	18.744
-11.555	18.881
-11.454	19.002
-11.413	19.050
-11.301	19.175
-11.219	19.128
-11.123	19.074
-11.105	18.786
-11.082	18.706
-10.978	18.339
-10.724	18.313
-10.449	18.537
-10.078	18.839
-10.034	18.897
-9.790	19.162
POLYLINE BLACK
-3.839	14.370
-3.780	14.517
-3.730	14.668
-3.662	14.812
-3.623	14.895
-3.537	15.027
-3.457	15.097
-3.308	15.226
-3.040	15.132
-3.030	14.926
-3.015	14.642
-3.014	14.358
-2.994	14.074
-2.992	14.040
-2.958	14.005
-2.925	13.999
-2.790	13.972
-2.530	14.208
-2.405	14.275
-2.283	14.341
-2.176	14.351
-2.037	14.381
POLYLINE BLACK
-22.341	25.710
-22.195	25.631
-22.055	25.257
-21.838	25.200
-21.629	25.146
-21.384	25.528
-21.322	25.669
-21.184	25.988
-21.098	26.329
-20.939	26.639
-20.736	27.037
-20.487	27.411
-20.241	27.784
-19.821	28.420
-19.611	28.718
-19.103	29.199
-19.051	29.248
-18.989	29.289
-18.926	29.324
-18.813	29.387
-18.643	29.474
-18.499	29.494
-18.053	29.555
-17.591	29.287
-17.423	28.867
-17.285	28.526
-17.400	28.115
-17.408	27.776
-17.410	27.716
-17.397	27.655
-17.381	27.596
-17.273	27.207
-17.055	26.898
-16.771	26.611
-16.281	26.117
-15.780	25.634
-15.274	25.157
-15.154	25.044
-15.007	24.960
-14.892	24.841
-14.634	24.575
-14.386	24.299
-14.159	24.006
-13.887	23.654
-13.819	23.378
-13.527	23.116
-13.472	23.068
-13.412	23.026
-13.351	22.987
-12.132	22.209
-12.087	22.070
-11.042	21.690
-10.830	21.612
-10.623	21.655
-10.398	21.551
-10.279	21.497
-10.161	21.438
-10.052	21.366
-9.743	21.163
-9.695	21.043
-9.424	20.938
-9.279	20.882
-9.181	20.909
-9.033	20.906
-8.921	20.905
-8.810	20.894
-8.699	20.888
POLYLINE BLACK
-22.137	25.618
-22.425	25.691
-22.698	25.801
-22.998	25.783
-23.342	25.762
-23.684	25.695
-24.029	25.690
-26.081	25.655
-24.597	25.867
-25.940	25.633
POLYLINE BLACK
-24.482	23.879
-24.353	23.890
-24.224	23.914
-24.095	23.912
-23.651	23.902
-23.093	23.709
-22.713	23.609
POLYLINE BLACK
-22.965	23.423
-22.638	23.552
-22.790	23.473
-22.509	23.656
POLYLINE BLACK
-22.699	23.726
-22.550	23.771
-22.452	23.781
-22.334	23.863
-22.218	23.944
-22.131	24.069
-22.059	24.186
-21.874	24.484
-21.782	24.814
-21.902	25.151
-21.961	25.318
-22.078	25.401
-22.210	25.513
POLYLINE BLACK
-24.653	23.872
-24.767	23.860
-24.882	23.858
-24.994	23.835
-25.529	23.727
-26.301	23.120
-26.537	22.954
-26.706	22.835
-26.849	22.682
-26.994	22.535
-27.228	22.298
-27.461	21.883
-27.839	21.820
-28.221	21.755
-28.650	21.644
-28.976	21.923
-29.229	22.139
-29.305	22.421
-29.501	22.720
-29.593	22.862
-29.954	23.172
-30.146	23.132
-30.241	23.112
-30.335	23.083
-30.430	23.058
POLYLINE BLACK
-28.172	25.064
-28.170	25.185
-28.150	25.277
-28.183	25.386
-28.258	25.630
-28.549	25.766
-28.785	25.674
-29.101	25.550
-29.234	25.197
-29.297	24.892
-29.320	24.783
-29.352	24.595
-29.283	24.482
-29.181	24.314
-28.828	24.228
-28.731	24.194
-28.625	24.155
-28.462	24.133
-28.345	24.138
-27.990	24.156
-27.770	24.382
-27.703	24.719
-27.657	24.951
-27.779	25.147
-27.977	25.267
-28.178	25.389
-28.239	25.317
-28.559	25.312
POLYLINE BLACK
-28.074	24.816
-27.781	24.505
-27.317	24.399
-27.051	24.058
-26.790	23.722
-26.549	23.370
-26.298	23.026
POLYLINE BLACK
-28.537	22.511
-28.371	22.645
-28.206	22.780
-28.038	22.912
-27.872	23.041
-27.807	22.752
-27.766	22.662
-27.746	22.617
-27.698	22.580
-27.651	22.566
-27.505	22.522
-27.303	22.648
-27.198	22.706
-27.091	22.764
-27.017	22.856
-26.932	22.942
POLYLINE BLACK
-25.849	25.688
-25.945	25.641
-26.037	25.586
-26.135	25.546
-26.428	25.427
-26.797	25.461
-27.057	25.641
-27.120	25.685
-27.265	25.813
-27.297	25.886
-27.567	26.501
-27.799	27.130
-28.063	27.747
-28.105	27.846
-28.205	27.691
-28.216	27.673
-28.258	27.604
-28.296	27.531
-28.336	27.460
POLYLINE BLACK
-27.964	27.435
-28.180	27.706
-28.234	27.981
-28.154	28.321
-28.085	28.611
-28.012	28.750
-28.063	29.057
-28.070	29.095
-28.080	29.132
-28.095	29.167
-28.515	30.163
-28.350	29.957
-29.066	30.545
POLYLINE BLACK
-22.008	15.703
-21.983	15.825
POLYLINE BLACK
-29.868	22.668
-29.940	22.733
-30.017	22.792
-30.084	22.862
-30.130	22.909
-30.173	22.961
-30.203	23.020
-30.385	23.379
-30.556	23.744
-30.717	24.114
-30.748	24.186
-30.768	24.262
-30.776	24.340
-30.829	24.924
-30.755	25.732
-30.767	26.258
-30.780	26.825
-30.893	26.673
-30.975	27.270
-31.029	27.659
-31.021	28.054
-31.071	28.444
-31.107	28.720
-31.172	28.991
-31.232	29.262
-31.273	29.449
-31.478	29.537
-31.626	29.615
POLYLINE BLACK
-34.919	33.620
-35.199	32.991
-35.166	33.151
-35.278	32.177
-35.357	31.491
-35.406	30.379
-35.021	29.746
-34.644	29.126
-34.045	29.084
-33.372	28.989
-33.280	28.976
-33.186	28.979
-33.093	28.986
-32.501	29.029
-32.030	29.559
-31.401	29.339
-31.317	29.310
-31.288	29.200
-31.232	29.130
POLYLINE BLACK
-31.214	31.206
-32.957	31.249
-31.847	31.307
-33.212	31.084
-33.287	31.072
-33.393	31.073
-33.470	31.098
-33.763	31.192
-34.042	31.522
-33.983	31.847
-33.929	32.151
-33.765	32.384
-33.652	32.668
-33.445	33.188
-33.613	32.933
-33.478	33.127
POLYLINE BLACK
-31.527	31.147
-30.907	31.239
-30.347	30.928
-29.744	30.849
-28.676	30.709
-29.189	31.005
-28.530	30.513
POLYLINE BLACK
-33.245	32.639
-33.259	32.915
-33.295	33.191
-33.289	33.468
-33.280	33.837
-33.249	34.139
-33.133	34.469
-33.023	34.785
-32.800	35.173
-32.837	35.541
-32.858	35.741
-32.886	36.013
-33.059	36.155
-33.091	36.182
-33.169	36.181
-33.197	36.184
POLYLINE BLACK
-33.504	32.540
-33.256	33.715
POLYLINE BLACK
-34.930	33.582
-35.116	34.037
-34.582	34.794
-34.839	35.331
-34.875	35.407
-34.927	35.473
-34.970	35.544
POLYLINE BLACK
-34.912	35.508
-35.155	35.614
-35.387	35.752
-35.642	35.826
-35.944	35.913
-36.262	35.936
-36.573	35.988
-36.766	36.020
-36.920	36.033
-37.069	36.177
-37.381	36.481
-37.194	36.789
-37.113	37.161
-37.057	37.415
-37.297	37.670
-37.498	37.777
-37.674	37.871
-37.990	37.928
-38.138	37.958
-38.285	37.988
-38.472	37.895
-38.595	37.853
POLYLINE BLACK
-41.936	40.168
-41.699	40.334
-41.468	40.508
-41.226	40.666
-41.172	40.701
-41.111	40.722
-41.051	40.744
-40.502	40.943
-40.471	40.976
-39.884	40.993
-39.320	41.008
-38.755	41.003
-38.191	41.000
-38.100	41.000
-37.989	40.954
-37.920	40.897
-37.797	40.798
-37.680	40.691
-37.560	40.588
POLYLINE BLACK
-37.658	40.912
-36.478	40.898
-36.765	40.983
-35.586	40.620
-35.270	40.523
-34.569	40.298
-34.357	39.952
-34.116	39.558
-34.187	39.081
-34.036	38.666
-32.929	35.624
-33.232	37.238
-33.019	36.007
POLYLINE BLACK
-39.004	38.177
-38.754	38.283
-38.468	38.393
-38.326	38.643
-38.118	39.014
-38.309	39.502
-38.706	39.644
-38.961	39.735
-39.092	39.711
-39.410	39.712
-40.717	39.719
-39.838	39.741
-41.043	39.556
-41.099	39.548
-41.157	39.557
-41.213	39.560
-41.351	39.566
-41.490	39.603
-41.627	39.584
-41.707	39.573
-41.769	39.509
-41.841	39.472
POLYLINE BLACK
-41.706	39.614
-42.071	38.137
POLYLINE BLACK
-38.708	37.758
-39.170	37.991
-39.562	37.924
-40.050	37.770
-40.433	37.649
-40.601	37.541
-41.001	37.527
-41.243	37.518
-41.487	37.534
-41.728	37.557
-41.835	37.568
-41.940	37.597
-42.043	37.627
-42.127	37.651
-42.202	37.716
-42.290	37.718
-42.376	37.721
-42.455	37.667
-42.537	37.641
POLYLINE BLACK
-41.928	38.221
-42.180	37.316
POLYLINE BLACK
-40.532	38.491
-39.972	38.671
-40.253	38.610
-39.689	38.680
POLYLINE BLACK
-41.742	40.030
-41.987	39.063
POLYLINE BLACK
-41.772	37.743
-42.049	37.753
-41.919	37.757
-42.162	37.736
POLYLINE BLACK
-42.731	37.805
-42.799	37.713
-42.875	37.625
-42.936	37.527
-43.139	37.206
-43.237	36.581
-43.225	36.197
-43.214	35.865
-43.170	35.536
-43.143	35.205
POLYLINE BLACK
-44.543	35.358
-44.618	35.921
-44.280	36.428
-44.299	36.980
-44.303	37.076
-44.362	37.314
-44.474	37.348
-44.575	37.378
-44.683	37.380
-44.787	37.397
POLYLINE BLACK
-43.981	33.834
-43.914	34.112
-43.939	34.091
-43.807	34.334
-43.701	34.531
-43.589	34.583
-43.463	34.367
-43.372	34.212
-43.293	33.997
-43.376	33.821
-43.391	33.790
-43.406	33.758
-43.428	33.732
-43.557	33.580
-43.747	33.471
-43.830	33.291
-43.895	33.152
-43.841	32.984
-43.846	32.831
POLYLINE BLACK
-43.642	31.485
-43.729	31.404
POLYLINE BLACK
-44.864	37.371
-45.050	37.482
-45.238	37.583
-45.459	37.583
-45.859	37.583
-46.429	37.145
-46.562	36.772
-46.701	36.382
-46.777	36.121
-46.802	35.728
-46.810	35.602
-46.801	35.474
-46.800	35.347
POLYLINE BLACK
-48.467	38.615
-48.054	38.412
-47.971	38.289
-47.686	37.890
-47.637	37.822
-47.589	37.703
-47.572	37.622
-47.519	37.362
-47.566	37.098
-47.645	36.849
-47.738	36.556
-48.191	36.043
-48.244	35.971
POLYLINE BLACK
-48.581	38.755
-48.666	38.949
-48.739	39.149
-48.837	39.338
-48.939	39.537
-49.059	39.727
-49.180	39.916
-49.214	39.969
-49.254	40.021
-49.302	40.064
-49.703	40.415
-49.496	40.199
-49.885	40.432
-50.290	40.675
-50.331	40.731
-50.674	41.094
-50.703	41.125
-50.727	41.161
-50.749	41.197
-50.766	41.227
-50.779	41.259
-50.793	41.290
-50.813	41.337
-50.821	41.388
-50.848	41.431
-52.480	43.997
-51.406	42.431
-52.242	43.442
-52.270	43.476
-52.286	43.539
-52.296	43.578
-52.333	43.723
-52.330	43.778
-52.397	43.897
-52.410	43.919
-52.420	43.948
-52.444	43.956
-52.512	43.980
-52.586	43.979
-52.657	43.990
POLYLINE BLACK
-41.866	40.489
-41.919	40.484
-41.971	40.474
-42.024	40.476
-42.211	40.481
-42.705	40.632
-42.738	40.642
-43.687	40.929
-42.980	40.820
-44.221	40.968
-44.313	40.979
-44.407	40.969
-44.499	40.979
-44.914	41.022
-45.327	41.086
-45.743	41.125
-45.845	41.134
-45.949	41.117
-46.052	41.122
-46.176	41.129
-46.295	41.175
-46.403	41.233
-46.604	41.340
-47.130	41.723
-47.208	41.774
-47.244	41.798
-47.286	41.810
-47.326	41.826
-47.402	41.857
-47.481	41.879
-47.555	41.913
-47.591	41.929
-47.621	41.954
-47.654	41.976
-47.719	42.018
-47.780	42.066
-47.848	42.104
-47.981	42.180
-48.005	42.170
-48.159	42.195
POLYLINE BROWN
-47.543	40.799
-47.687	40.850
-47.759	40.889
-47.901	40.901
-48.103	40.919
-48.331	40.852
-48.474	40.705
-48.590	40.587
-48.584	40.330
-48.472	40.210
-48.023	39.731
-48.097	39.740
-47.612	39.475
-47.434	39.378
-46.930	39.276
-46.872	39.263
-46.788	39.244
-46.699	39.253
-46.619	39.283
-46.499	39.328
-46.449	39.455
-46.424	39.572
-46.416	39.612
-46.407	39.700
-46.420	39.744
-46.451	39.849
-46.482	39.955
-46.528	40.054
-46.659	40.333
-46.789	40.491
-47.043	40.657
-47.179	40.745
-47.335	40.833
-47.498	40.870
-47.685	40.912
-47.877	40.888
-48.065	40.884
POLYLINE BLACK
-48.216	40.874
-48.190	40.969
-48.163	41.065
-48.136	41.160
-48.092	41.305
-48.039	41.448
-48.002	41.595
-47.960	41.765
-47.971	41.902
-47.971	42.076
POLYLINE BLACK
-48.305	38.636
-48.097	38.594
-47.977	38.605
-47.812	38.754
-47.649	38.899
-47.418	39.064
-47.339	39.291
-47.324	39.336
-47.316	39.384
-47.304	39.430
POLYLINE BLACK
-49.371	43.106
-49.507	43.074
-49.916	43.009
-50.104	42.901
-50.232	42.827
-50.381	42.691
-50.477	42.581
-50.509	42.545
-50.537	42.505
-50.558	42.461
-50.763	42.036
-50.729	42.047
-50.845	41.551
POLYLINE BLACK
-48.013	42.088
-48.187	42.198
-48.357	42.316
-48.535	42.419
-48.593	42.453
-48.659	42.467
-48.718	42.497
-48.748	42.512
-48.775	42.533
-48.801	42.553
-48.894	42.623
-49.004	42.691
-49.071	42.791
-49.182	42.953
-49.283	43.122
-49.394	43.285
-49.430	43.338
-49.478	43.387
-49.541	43.406
-49.627	43.433
-49.701	43.423
-49.796	43.424
POLYLINE BLACK
-45.363	39.766
-45.328	39.877
-45.299	39.991
-45.258	40.101
-45.242	40.143
-45.219	40.183
-45.192	40.220
-45.186	40.228
-45.171	40.237
-45.163	40.230
-45.152	40.220
-45.139	40.113
-45.138	40.110
-45.133	40.089
-45.126	40.069
-45.117	40.049
-45.085	39.982
-45.034	39.927
-44.957	39.917
-44.836	39.901
-44.943	39.920
-44.868	39.914
-44.796	39.909
-44.725	39.902
-44.654	39.896
POLYLINE BLACK
-43.944	39.240
-43.825	39.393
-43.709	39.548
-43.587	39.698
-43.557	39.734
-43.466	39.826
-43.403	39.795
-43.387	39.787
-43.348	39.749
-43.348	39.749
-43.304	39.716
-43.240	39.697
-43.186	39.700
-42.978	39.709
-42.990	39.717
-42.802	39.769
POLYLINE BLACK
-45.212	38.316
-45.183	38.376
-45.160	38.440
-45.125	38.497
-45.105	38.531
-45.077	38.476
-45.075	38.472
-45.047	38.415
-45.034	38.326
-44.949	38.344
-44.938	38.346
-44.927	38.349
-44.917	38.354
-44.827	38.397
-44.742	38.453
-44.647	38.485
-44.540	38.521
-44.425	38.532
-44.315	38.556
POLYLINE BLACK
-49.235	43.162
-49.296	43.209
-49.359	43.252
-49.418	43.301
-49.566	43.428
-49.515	43.737
-49.508	43.869
-49.502	43.990
-49.436	44.109
-49.358	44.197
-49.318	44.243
-49.274	44.284
-49.228	44.323
-49.143	44.396
-49.087	44.406
-49.038	44.490
-49.004	44.546
-49.006	44.606
-48.987	44.667
-48.968	44.722
-48.949	44.777
-48.929	44.832
POLYLINE BLACK
-49.121	44.524
-49.151	44.757
-49.133	45.039
-49.279	45.244
-49.372	45.375
-49.477	45.496
-49.565	45.630
-49.677	45.800
-49.710	46.009
-49.748	46.203
-49.791	46.425
-49.705	46.698
-49.541	46.854
-48.948	47.420
-48.914	47.477
-48.197	47.869
-47.136	48.449
-47.500	48.432
-46.911	48.408
POLYLINE BLACK
-48.021	49.498
-48.831	48.849
-48.451	49.073
-49.639	48.581
-49.876	48.483
-50.154	48.594
-50.344	48.735
-50.604	48.926
-50.788	49.251
-50.897	49.547
-50.995	49.814
-51.086	50.084
-51.153	50.361
-51.165	50.408
-51.383	51.843
-51.384	51.852
POLYLINE BLACK
-52.327	43.789
-52.515	44.183
-52.519	44.334
-52.415	44.756
-52.370	44.939
-52.297	45.114
-52.264	45.299
-52.211	45.594
-52.177	45.893
-52.156	46.192
-52.143	46.367
-52.152	46.601
-52.254	46.762
-52.393	46.982
-52.607	47.075
-52.845	47.155
-52.996	47.205
-53.148	47.252
-53.299	47.301
POLYLINE BLACK
-53.702	48.475
-53.535	48.444
-53.462	48.414
-53.304	48.436
-52.989	48.478
-52.667	48.672
-52.631	49.013
-52.627	49.052
-52.623	49.091
-52.629	49.129
-52.716	49.672
-52.838	50.210
-52.910	50.756
-52.942	51.002
-52.927	51.252
-52.939	51.500
-52.950	51.712
-52.978	51.690
-52.937	51.904
-52.909	52.052
-52.844	52.215
-52.761	52.339
-52.413	52.854
-52.457	52.879
-52.119	53.096
POLYLINE BLACK
-52.582	47.160
-52.625	47.685
-52.674	48.034
-52.870	48.458
POLYLINE BLACK
-52.974	48.099
-52.704	48.183
-52.849	48.165
-52.538	48.136
POLYLINE BLACK
-52.987	47.787
-52.484	47.740
POLYLINE BLACK
-52.991	47.465
-52.541	47.348
POLYLINE BLACK
-49.771	48.445
-49.771	48.431
POLYLINE BLACK
-49.765	48.418
-49.384	46.955
-49.725	48.452
-49.525	46.931
-49.516	46.859
-49.475	46.795
-49.449	46.727
POLYLINE BLACK
-49.647	48.012
-49.206	48.287
-49.437	48.131
-48.960	48.488
POLYLINE BLACK
-49.644	47.794
-49.083	48.073
-49.314	47.979
-48.963	48.113
POLYLINE BLACK
-49.439	47.505
-48.822	47.854
POLYLINE BLACK
-49.479	47.056
-49.090	47.281
POLYLINE BLACK
-51.371	52.617
-51.447	52.646
-51.521	52.682
-51.599	52.706
-51.800	52.767
-52.073	52.725
-52.255	52.624
-52.470	52.504
-52.684	52.319
-52.766	52.079
-52.820	51.922
-52.863	51.737
-52.828	51.569
-52.743	51.170
-52.305	50.938
-51.924	51.070
-51.647	51.166
-51.344	51.504
-51.276	51.792
-51.243	51.929
-51.160	52.069
-51.193	52.205
-51.216	52.298
-51.345	52.323
-51.421	52.382
POLYLINE BLACK
-52.551	51.906
-51.777	51.876
POLYLINE BLACK
-52.243	52.811
-51.640	53.757
-51.511	53.603
-51.688	54.515
-51.704	54.596
-51.744	54.706
-51.798	54.779
-51.887	54.897
-52.032	54.951
-52.148	55.034
-52.300	55.143
-52.446	55.260
-52.595	55.374
POLYLINE BLACK
-51.954	56.926
-51.710	56.699
-51.442	56.623
-51.136	56.504
-51.066	56.476
-50.998	56.442
-50.927	56.418
-50.737	56.354
-50.515	56.372
-50.378	56.535
-50.277	56.656
-50.263	56.853
-50.208	56.982
-50.154	57.108
-50.078	57.224
-50.013	57.346
POLYLINE BLACK
-51.129	52.174
-51.093	52.242
-51.056	52.310
-51.020	52.378
-51.005	52.385
-50.991	52.399
-50.975	52.397
-50.883	52.383
-50.849	52.184
-50.848	52.121
-50.847	52.001
-50.875	51.880
-50.861	51.761
-50.826	51.464
-50.777	51.145
-50.488	51.007
-50.196	50.868
-49.698	50.943
-49.421	51.055
-49.273	51.116
-49.153	51.228
-48.991	51.255
-48.678	51.306
-48.362	51.342
-48.047	51.386
POLYLINE BLACK
-48.346	51.483
-48.185	51.547
-48.031	51.634
-47.862	51.675
-44.611	52.466
-51.474	50.219
-44.352	52.918
-43.254	53.211
-43.672	53.060
-43.074	53.294
POLYLINE BLACK
-51.646	54.663
-51.442	55.107
-51.238	55.552
-51.034	55.997
-50.979	56.085
-50.934	56.181
-50.869	56.262
-50.814	56.330
-50.741	56.381
-50.677	56.440
POLYLINE BLACK
-50.888	56.296
-50.701	56.054
-50.824	56.192
-50.486	55.914
POLYLINE BLACK
-51.059	55.806
-50.549	55.595
POLYLINE BLACK
-51.300	55.437
-51.002	55.213
POLYLINE BLACK
-51.478	54.981
-51.062	54.770
POLYLINE BLACK
-44.271	56.172
-44.559	55.476
-44.680	55.336
-44.745	54.585
-44.808	53.856
-44.686	53.424
-44.872	52.828
POLYLINE BLACK
-37.977	56.085
-37.915	56.111
-37.804	56.178
-37.716	56.182
-37.514	56.191
-37.229	56.059
-37.239	55.824
-37.241	55.798
-37.242	55.771
-37.251	55.746
-37.359	55.450
-37.485	55.160
-37.590	54.863
-37.630	54.751
-37.619	54.592
-37.621	54.481
POLYLINE BLACK
-37.822	53.452
-37.909	53.411
POLYLINE BLACK
-42.313	56.866
-35.667	57.911
-38.017	57.827
-35.341	57.899
POLYLINE BLACK
-47.880	49.615
-47.811	49.686
-47.600	49.936
-47.463	49.992
-46.362	50.443
-45.244	50.852
-44.143	51.304
-43.991	51.366
-43.850	51.451
-43.708	51.534
-43.377	51.729
-43.045	51.924
-42.725	52.138
-42.564	52.246
-42.159	52.631
-42.336	52.880
-42.500	53.110
-43.056	53.212
-43.171	53.254
POLYLINE BLACK
-46.800	48.280
-46.684	48.384
-46.581	48.504
-46.452	48.591
-46.073	48.849
-45.619	48.977
-45.180	49.081
-44.938	49.139
-44.682	49.133
-44.444	49.205
-44.115	49.305
-43.790	49.430
-43.488	49.597
-42.511	50.137
-42.109	50.737
-41.255	51.542
-40.824	51.948
-40.604	52.170
-40.088	52.375
-39.216	52.722
-39.335	52.586
-38.345	52.776
-37.692	52.902
-37.049	53.071
-36.395	53.186
-34.147	53.580
-37.149	52.836
-34.495	53.549
POLYLINE BLACK
-64.260	68.944
-64.485	69.146
POLYLINE BLACK
-50.274	57.048
-49.288	58.132
-50.344	56.943
-49.766	57.652
-49.605	57.850
-49.432	58.037
-49.271	58.235
-49.256	58.253
-49.246	58.275
-49.240	58.298
-49.138	58.684
-49.172	59.503
-49.175	59.642
-49.191	60.378
-49.332	59.738
-49.237	60.605
-49.182	61.109
-49.078	61.085
-48.929	61.576
-48.877	61.750
-48.833	61.929
-48.814	62.109
-48.806	62.186
-48.836	62.262
-48.848	62.338
POLYLINE BLACK
-47.929	57.760
-48.019	57.367
-48.129	56.978
-48.198	56.581
-48.231	56.391
-48.236	56.196
-48.234	56.003
-48.231	55.825
-48.232	55.337
-48.017	55.183
-47.932	55.122
-47.816	55.101
-47.715	55.102
-47.283	55.109
-47.131	55.207
-46.659	55.406
-46.048	55.665
-45.458	55.972
-44.839	56.211
-43.896	56.575
-43.246	56.588
-42.207	56.732
POLYLINE BLACK
-48.252	56.592
-48.905	55.785
-48.649	56.144
-49.337	55.048
-49.483	54.815
-49.629	54.582
-49.766	54.344
-49.834	54.225
-49.883	54.095
-49.953	53.976
-50.045	53.821
-50.164	53.681
-50.252	53.523
-50.373	53.304
-50.466	53.071
-50.579	52.847
-50.700	52.605
-50.828	52.367
-50.953	52.127
POLYLINE BLACK
-45.279	63.178
-45.407	63.080
-45.539	62.987
-45.662	62.884
-45.974	62.624
-45.616	62.888
-45.844	62.674
-45.923	62.599
-46.006	62.527
-46.095	62.463
-46.159	62.416
-46.232	62.381
-46.301	62.340
-46.326	62.326
-46.355	62.315
-46.378	62.298
-46.491	62.213
-46.511	62.158
-46.635	62.112
-47.270	61.875
-46.710	62.097
-47.271	61.951
-47.377	61.923
-47.477	61.874
-47.582	61.844
-47.639	61.828
-47.699	61.826
-47.757	61.812
-47.831	61.793
-47.940	61.714
-47.988	61.656
-48.053	61.576
-48.116	61.493
-48.176	61.408
-48.188	61.391
-48.196	61.372
-48.202	61.352
-48.328	60.987
-48.313	61.060
-48.310	60.618
-48.310	60.576
-48.301	60.535
-48.293	60.494
-48.266	60.354
-48.227	60.217
-48.204	60.076
-48.190	59.993
-48.182	59.909
-48.182	59.824
-48.181	59.231
-48.211	59.800
-48.244	59.269
-48.255	59.089
-48.255	58.907
-48.252	58.726
-48.251	58.610
-48.150	58.329
-48.138	58.287
-48.122	58.228
-48.111	58.168
-48.092	58.109
-48.066	58.027
-48.059	58.079
-48.023	57.986
-47.990	57.898
-47.967	57.807
-47.936	57.719
-47.932	57.707
-47.924	57.696
-47.919	57.684
-47.916	57.677
-47.913	57.669
-47.910	57.661
POLYLINE BLACK
-46.291	63.383
-46.136	63.171
-46.130	63.143
-45.927	62.956
-45.885	62.918
-45.835	62.890
-45.790	62.855
-45.691	62.776
-45.828	62.868
-45.729	62.804
POLYLINE BLACK
-46.418	63.119
-46.160	63.245
-46.276	63.211
-46.082	63.252
POLYLINE BLACK
-46.365	62.956
-46.264	63.000
-46.209	63.036
-46.110	63.050
-46.078	63.055
-46.046	63.055
-46.015	63.057
POLYLINE BLACK
-46.106	62.785
-46.070	62.778
-45.981	62.878
-45.919	62.883
-45.890	62.886
-45.860	62.888
-45.831	62.890
POLYLINE BLACK
-45.974	62.645
-45.810	62.761
POLYLINE BLACK
-45.784	62.264
-45.752	62.300
-45.718	62.342
-45.665	62.333
-45.640	62.329
-45.617	62.322
-45.599	62.305
-45.565	62.274
-45.570	62.214
-45.586	62.177
-45.607	62.127
-45.633	62.094
-45.669	62.052
-45.678	62.041
-45.752	61.990
-45.718	61.959
-45.710	61.953
-45.696	61.946
-45.687	61.944
-45.626	61.927
-45.586	61.935
-45.514	61.934
POLYLINE BLACK
-45.430	61.937
-45.395	62.003
-45.363	62.069
-45.326	62.134
-45.314	62.154
-45.300	62.173
-45.285	62.191
-45.271	62.209
-45.262	62.192
-45.261	62.178
-45.260	62.156
-45.262	62.135
-45.260	62.113
-45.259	62.095
-45.249	62.077
-45.230	62.090
-45.192	62.116
-45.154	62.144
-45.115	62.169
-45.112	62.171
-45.108	62.172
-45.104	62.172
-45.087	62.173
-45.078	62.154
-45.077	62.140
-45.073	62.032
-45.100	61.970
-45.131	61.865
POLYLINE BLACK
-48.962	62.214
-48.921	62.251
-48.887	62.296
-48.840	62.327
-48.480	62.561
-48.211	62.707
-47.812	62.850
-46.637	63.200
-47.861	62.804
-46.903	63.197
-46.686	63.286
-46.104	63.344
-46.302	63.739
-46.378	63.891
-46.455	64.042
-46.537	64.191
-46.550	64.213
-46.568	64.233
-46.587	64.251
-46.708	64.366
-46.951	64.462
-47.045	64.531
-47.229	64.665
-47.431	64.870
-47.562	65.065
-48.233	66.070
-47.750	65.494
-48.335	66.142
POLYLINE BLACK
-45.585	62.853
-45.482	63.007
-45.364	63.134
-45.308	63.307
-45.228	63.554
-45.357	63.912
-45.406	64.105
-45.551	64.681
-45.776	65.063
-46.216	65.487
-46.537	65.797
-46.900	66.061
-47.234	66.357
-47.301	66.417
-47.384	66.551
-47.483	66.596
-47.502	66.605
-47.525	66.600
-47.545	66.602
POLYLINE BLACK
-48.225	66.093
-48.321	66.181
-48.409	66.261
-48.538	66.287
-48.645	66.309
-48.755	66.315
-48.860	66.345
-50.501	66.823
-47.877	66.189
-50.080	66.648
-50.269	66.688
-50.454	66.855
-50.621	66.940
-50.703	66.982
-50.793	67.008
-50.877	67.048
-50.973	67.094
-51.096	67.245
-51.144	67.294
POLYLINE BLACK
-47.462	66.647
-47.684	66.711
-47.904	66.761
-48.108	66.879
-48.379	67.036
-48.625	67.232
-48.895	67.389
-49.132	67.528
-49.374	67.661
-49.628	67.767
-49.714	67.803
-49.812	67.795
-49.904	67.809
POLYLINE BLACK
-49.992	67.805
-49.991	67.805
POLYLINE BLACK
-51.066	67.178
-51.189	67.283
-51.296	67.401
-51.348	67.557
-51.389	67.678
-51.444	67.797
-51.457	67.924
-51.480	68.159
-51.456	68.397
-51.455	68.634
POLYLINE BLACK
-49.931	67.630
-49.986	67.647
-50.043	67.659
-50.096	67.681
-50.196	67.721
-50.312	67.800
-50.389	67.872
-50.438	67.919
-50.480	67.972
-50.523	68.025
-50.590	68.108
-50.583	68.196
-50.537	68.289
-50.436	68.493
-50.194	68.638
-49.971	68.663
-49.760	68.686
-49.546	68.604
-49.423	68.797
-49.403	68.828
-49.376	68.886
-49.372	68.924
-49.289	69.855
-49.290	69.677
-49.389	70.646
-49.391	70.673
-49.401	70.699
-49.412	70.724
-49.441	70.790
-49.522	71.009
-49.607	71.098
-49.729	71.227
-49.807	71.271
-49.974	71.364
-50.126	71.448
-50.161	71.433
-50.270	71.534
-50.386	71.639
-50.351	71.643
-50.458	71.784
-50.569	71.929
-50.796	72.017
-50.950	72.082
-50.981	72.095
-51.075	72.115
-51.110	72.100
-51.152	72.083
-51.185	72.047
-51.223	72.021
POLYLINE BLACK
-51.461	68.424
-51.501	68.980
-51.146	69.485
-51.176	70.038
-51.180	70.108
-51.194	70.205
-51.225	70.276
-51.242	70.317
-51.280	70.372
-51.313	70.401
-51.538	70.598
-51.609	70.673
-51.841	70.787
-52.288	71.009
-52.143	70.972
-52.404	71.021
POLYLINE BLACK
-51.366	68.693
-51.091	68.662
-50.983	68.298
-50.744	68.271
-50.648	68.260
-50.551	68.252
-50.454	68.243
POLYLINE BLACK
-51.370	68.210
-51.197	68.597
POLYLINE BLACK
-51.128	68.129
-50.995	68.421
-51.067	68.297
-50.926	68.510
POLYLINE BLACK
-50.845	68.035
-50.611	68.453
POLYLINE BLACK
-53.204	67.931
-53.201	68.090
-53.201	68.248
-53.197	68.406
-53.197	68.414
-53.195	68.423
-53.191	68.431
-53.190	68.433
-53.185	68.435
-53.183	68.433
-53.152	68.397
-53.166	68.338
-53.115	68.316
-53.055	68.289
-52.973	68.349
-52.933	68.379
-52.848	68.442
-52.744	68.576
-52.798	68.688
-52.860	68.815
-53.008	68.836
-53.111	68.749
-53.129	68.734
-53.149	68.718
-53.161	68.697
-53.205	68.616
-53.238	68.530
-53.277	68.446
POLYLINE BLACK
-52.681	67.840
-52.780	67.831
POLYLINE BLACK
-52.247	68.984
-52.310	68.763
-52.380	68.543
-52.436	68.320
-52.450	68.268
-52.451	68.213
-52.455	68.160
-52.465	67.995
-52.262	68.116
-52.208	68.165
-52.083	68.280
-52.242	68.148
-52.122	68.270
-52.110	68.282
-52.098	68.261
-52.096	68.255
-52.091	68.244
-52.088	68.233
-52.087	68.221
-52.080	68.017
-52.077	67.814
-52.072	67.610
POLYLINE BROWN
-50.482	70.496
-50.635	70.532
-50.736	70.563
-50.814	70.404
-50.881	70.267
-50.921	70.149
-50.941	69.996
-50.946	69.960
-50.985	69.665
-50.886	69.623
-50.818	69.594
-50.721	69.683
-50.685	69.715
-50.650	69.746
-50.617	69.780
-50.588	69.816
-50.499	69.929
-50.449	70.064
-50.428	70.204
-50.404	70.362
-50.458	70.550
-50.634	70.412
-50.644	70.404
-50.652	70.395
-50.659	70.385
-50.725	70.292
-50.788	70.197
-50.853	70.103
POLYLINE BROWN
-50.659	69.285
-50.773	69.203
-50.836	69.140
-50.853	68.998
-50.863	68.917
-50.868	68.836
-50.869	68.755
-50.869	68.722
-50.868	68.571
-50.792	68.579
-50.723	68.587
-50.597	68.737
-50.594	68.741
-50.504	68.841
-50.375	68.993
-50.448	69.140
-50.458	69.159
-50.487	69.213
-50.515	69.222
-50.582	69.245
-50.653	69.257
-50.722	69.275
POLYLINE BROWN
-50.175	69.464
-50.184	69.438
-50.262	69.258
-50.265	69.165
-50.270	68.969
-49.974	68.861
-49.819	68.936
-49.720	68.984
-49.659	69.090
-49.622	69.189
-49.601	69.246
-49.590	69.318
-49.592	69.378
-49.598	69.578
-49.726	69.891
-49.982	69.808
-50.125	69.762
-50.196	69.579
-50.262	69.468
POLYLINE BROWN
-49.973	70.675
-50.059	70.583
-50.152	70.501
-50.179	70.375
-50.202	70.269
-50.206	69.965
-50.071	69.911
-49.916	69.850
-49.734	70.111
-49.688	70.218
-49.606	70.414
-49.622	70.752
-49.878	70.805
-49.940	70.818
-50.002	70.819
-50.062	70.796
-50.181	70.749
-50.251	70.620
-50.326	70.529
POLYLINE BROWN
-50.435	71.121
-50.487	71.115
-50.634	71.115
-50.713	71.079
-50.916	70.986
-50.902	70.504
-50.687	70.544
-50.500	70.579
-50.344	70.838
-50.268	70.991
-50.206	71.115
-50.319	71.150
-50.420	71.134
-50.501	71.120
-50.581	71.101
-50.661	71.085
POLYLINE BLACK
-52.130	71.057
-53.629	70.784
-50.813	71.328
-53.662	70.541
-54.062	70.430
-55.276	70.280
-55.776	70.240
-56.137	70.211
-57.059	70.070
-57.604	70.191
-58.044	70.289
-58.487	70.383
-58.917	70.517
-59.104	70.576
-59.278	70.672
-59.449	70.766
-59.654	70.879
-59.831	71.132
-60.087	71.147
-60.105	71.148
-60.119	71.131
-60.133	71.122
-60.186	71.086
-60.236	71.048
-60.288	71.012
POLYLINE BLACK
-50.993	72.198
-51.580	72.548
-52.069	72.521
-52.748	72.647
-53.167	72.725
-52.762	72.747
-53.277	72.839
-53.601	72.897
-53.929	72.924
-54.255	72.954
-54.409	72.967
-54.564	72.950
-54.717	72.969
-54.974	73.001
-55.463	73.054
-55.764	73.194
-56.187	73.390
-56.558	73.808
-56.822	74.190
-56.903	74.306
-56.954	74.441
-57.040	74.553
-57.295	74.882
-57.538	75.018
-57.848	75.306
-58.012	75.458
-58.159	75.840
-58.246	76.020
POLYLINE BROWN
-56.005	73.408
-56.410	73.456
-56.565	73.382
-56.912	73.135
-57.294	72.865
-57.497	72.412
-57.685	72.004
-57.782	71.794
-57.837	71.564
-57.755	71.342
-57.714	71.232
-57.651	71.125
-57.554	71.057
-57.351	70.915
-57.040	70.962
-56.865	71.129
-56.221	71.746
-55.552	72.363
-55.346	73.263
-55.331	73.328
-55.328	73.400
-55.345	73.466
-55.384	73.623
-55.560	73.794
-55.734	73.764
-55.825	73.749
-55.928	73.666
-55.997	73.624
POLYLINE BROWN
-58.055	75.030
-58.125	75.113
-58.190	75.200
-58.265	75.279
-58.402	75.425
-58.686	75.326
-58.826	75.262
-59.158	75.110
-59.483	74.768
-59.607	74.426
-59.735	74.069
-59.785	73.755
-59.807	73.378
-59.824	73.086
-59.699	72.671
-59.467	72.482
-59.365	72.399
-59.234	72.362
-59.104	72.353
-59.040	72.349
-58.974	72.342
-58.912	72.357
-58.764	72.391
-57.262	72.536
-56.888	73.057
-56.711	73.304
-56.790	73.667
-56.952	73.899
-57.268	74.351
-57.578	74.721
-58.123	74.857
-58.498	74.950
-58.603	74.882
-59.053	74.830
POLYLINE BROWN
-60.398	75.788
-61.002	75.518
-61.097	75.466
-61.425	74.916
-61.526	74.747
-61.498	74.544
-61.437	74.365
-61.370	74.167
-61.309	74.015
-61.192	73.852
-61.141	73.783
-61.044	73.707
-60.974	73.670
-60.609	73.481
-60.323	73.376
-59.996	73.661
-59.672	73.943
-59.446	74.337
-59.297	74.736
-59.139	75.158
-59.292	75.714
-59.687	75.948
-59.791	76.009
-59.901	76.064
-60.022	76.079
-60.400	76.127
-60.775	75.819
-61.062	75.649
POLYLINE BLACK
-53.507	70.030
-53.569	70.955
-53.167	71.817
-53.128	72.727
POLYLINE BLACK
-53.315	72.120
-52.867	72.014
POLYLINE BLACK
-53.421	71.623
-52.912	71.529
POLYLINE BLACK
-53.409	71.179
-52.961	71.020
POLYLINE BLACK
-53.393	70.665
-53.246	70.750
POLYLINE BLACK
-53.181	75.030
-53.105	75.089
-53.033	75.152
-52.954	75.206
-52.796	75.315
-52.642	75.062
-52.618	74.941
-52.607	74.885
-52.610	74.830
-52.626	74.776
-52.686	74.564
-52.988	74.318
-52.932	74.113
-52.899	73.992
-52.711	73.912
-52.639	73.864
POLYLINE BLACK
-52.162	73.791
-52.038	74.190
-51.923	74.592
-51.788	74.988
-51.759	75.043
-51.730	75.097
-51.701	75.152
-51.692	75.141
-51.676	75.134
-51.674	75.120
-51.668	75.067
-51.677	75.014
-51.678	74.961
-51.680	74.888
-51.690	74.815
-51.685	74.742
-51.684	74.721
-51.678	74.696
-51.661	74.684
-51.612	74.651
-51.537	74.778
-51.494	74.794
-51.379	74.834
-51.337	74.609
-51.314	74.553
-51.244	74.390
-51.170	74.230
-51.099	74.068
POLYLINE BROWN
-59.810	73.046
-59.921	73.184
-60.025	73.328
-60.144	73.458
-60.237	73.559
-60.430	73.701
-60.579	73.707
-60.754	73.713
-60.979	73.514
-61.045	73.362
-61.177	73.058
-61.221	72.714
-61.188	72.385
-61.166	72.167
-61.115	71.934
-60.974	71.758
-60.923	71.695
-60.871	71.633
-60.808	71.582
-60.530	71.355
-60.364	71.237
-60.060	71.102
-59.923	71.041
-59.743	71.017
-59.623	71.125
-59.571	71.172
-59.535	71.232
-59.517	71.299
-59.436	71.600
-59.646	71.942
-59.730	72.198
-59.764	72.300
-59.773	72.410
-59.803	72.513
-59.823	72.582
-59.932	72.770
-59.953	72.808
POLYLINE BLACK
-62.475	73.006
-62.455	73.103
-62.429	73.167
-62.440	73.260
-62.492	73.698
-62.956	74.232
-63.151	74.547
-63.187	74.605
-63.211	74.670
-63.229	74.736
-63.319	75.067
-63.315	75.146
-63.344	75.459
POLYLINE BLACK
-61.427	74.704
-61.685	74.896
-61.968	75.083
-62.125	75.375
-62.149	75.419
-62.259	75.722
-62.265	75.737
POLYLINE BLACK
-62.284	75.768
-62.423	76.133
-62.585	76.490
-62.701	76.862
-62.748	77.010
-62.741	77.170
-62.769	77.322
-62.806	77.526
-63.015	77.616
-63.152	77.738
-63.308	77.877
-63.451	78.031
-63.604	78.174
-63.620	78.188
-63.640	78.198
-63.659	78.208
-63.832	78.296
-64.022	78.255
-64.199	78.219
POLYLINE BLACK
-63.394	75.285
-63.491	75.542
-63.554	75.812
-63.713	76.038
-63.765	76.111
-64.003	76.350
-64.017	76.365
-64.223	76.595
-64.092	76.524
-64.251	76.595
POLYLINE BLACK
-64.056	76.538
-64.095	76.639
-64.183	76.884
-64.319	76.933
-64.430	76.974
-64.545	77.004
-64.658	77.040
POLYLINE BLACK
-63.250	60.730
-63.289	60.768
POLYLINE BLACK
-60.152	71.163
-60.461	71.371
-60.771	71.578
-61.081	71.786
-61.276	71.901
-61.483	71.998
-61.665	72.132
-61.863	72.278
-62.041	72.452
-62.218	72.623
-62.389	72.787
-62.448	73.001
-62.620	73.149
-62.761	73.272
-62.798	73.286
-62.953	73.359
-62.998	73.380
-63.046	73.395
-63.089	73.420
-63.213	73.493
-63.353	73.620
-63.432	73.733
-63.664	74.061
-63.866	74.410
-64.095	74.740
-64.163	74.839
-64.258	74.918
-64.324	75.020
-64.411	75.156
-64.482	75.302
-64.551	75.448
-64.606	75.566
-64.596	75.661
-64.629	75.786
-64.652	75.871
-64.700	75.959
-64.754	76.027
-64.886	76.194
-65.079	76.277
-65.264	76.380
-65.352	76.429
-65.478	76.459
-65.579	76.444
-65.682	76.430
-65.751	76.365
-65.843	76.324
-65.885	76.305
-65.929	76.295
-65.973	76.280
-65.998	76.272
-66.028	76.273
-66.048	76.255
-66.129	76.185
-66.196	76.100
-66.271	76.022
POLYLINE BLACK
-58.299	76.082
-58.495	76.110
-58.549	76.101
-58.721	76.182
-59.099	76.358
-59.477	76.535
-59.847	76.727
-59.978	76.795
-60.219	77.026
-60.312	77.098
-60.576	77.303
-60.831	77.524
-61.115	77.702
-61.645	78.034
-61.678	77.907
-61.968	78.151
-62.117	78.276
-62.271	78.398
-62.411	78.534
-62.522	78.640
-62.612	78.766
-62.720	78.875
-62.829	78.986
-63.016	79.064
-63.166	79.097
-63.313	79.129
-63.446	79.060
-63.590	79.039
-63.822	79.004
-63.936	79.059
-64.195	79.065
-64.343	79.068
-64.457	79.048
-64.593	79.005
-64.634	78.991
-64.673	78.970
-64.715	78.958
-64.799	78.933
-64.866	78.960
-64.949	78.963
-65.004	78.965
-65.060	78.961
-65.116	78.959
POLYLINE BLACK
-64.809	76.076
-64.217	78.911
POLYLINE BLACK
-64.057	76.565
-63.812	77.352
-63.995	76.856
-63.385	78.000
POLYLINE BLACK
-63.591	79.893
-63.583	80.990
POLYLINE BLACK
-63.629	80.634
-63.510	80.518
-63.435	80.435
-63.312	80.584
-63.245	80.665
-63.153	80.782
-63.174	80.898
-63.210	81.095
-63.480	81.078
-63.587	80.955
-63.682	80.846
-63.762	80.725
-63.850	80.611
POLYLINE BLACK
-63.095	79.686
-63.089	79.737
POLYLINE BLACK
-62.331	81.153
-61.975	80.616
-62.584	80.599
-62.432	80.370
-62.382	80.293
-62.273	80.380
-62.203	80.333
-62.165	80.308
-62.131	80.251
-62.123	80.208
-62.039	79.771
-62.049	79.837
-62.038	79.537
POLYLINE BLACK
-74.424	74.709
-72.517	74.495
-72.696	74.410
-70.756	74.624
-70.481	74.654
-70.207	74.713
-69.945	74.802
-69.514	74.948
-69.104	75.151
-68.683	75.325
-68.017	75.504
-67.346	75.665
-66.686	75.863
-65.169	76.319
-66.876	75.914
-66.000	76.114
POLYLINE BLACK
-74.989	76.520
-74.814	76.393
-74.687	76.270
-74.483	76.206
-74.054	76.070
-73.624	76.117
-73.192	76.246
-72.438	76.472
-71.709	76.813
-71.037	77.219
-70.144	77.758
-70.495	77.768
-69.461	78.121
-68.712	78.376
-68.338	78.284
-67.537	78.438
-67.191	78.505
-66.864	78.654
-66.516	78.712
-65.480	78.884
-65.816	78.736
-65.077	78.752
-64.817	78.757
-64.241	78.986
-64.151	79.015
POLYLINE BLACK
-68.392	76.520
-68.358	76.645
-68.333	76.772
-68.291	76.893
-68.268	76.961
-68.231	77.025
-68.197	77.088
-68.080	77.299
-67.949	76.864
-67.936	76.838
-67.912	76.789
-67.858	76.749
-67.806	76.736
-67.576	76.681
-67.189	77.042
-67.113	77.093
POLYLINE BLACK
-71.065	75.139
-70.997	75.274
-70.944	75.417
-70.861	75.543
-70.851	75.558
-70.819	75.538
-70.811	75.522
-70.775	75.447
-70.811	75.363
-70.749	75.298
-70.576	75.117
-69.895	75.572
-69.883	75.578
POLYLINE BLACK
-66.085	76.870
-65.742	76.870
-65.853	77.440
-65.602	77.441
-65.522	77.441
-65.522	77.246
-65.445	77.182
-65.279	77.046
-64.899	77.198
-64.769	77.227
POLYLINE BLACK
-69.509	77.418
-69.376	77.507
-69.246	77.601
-69.109	77.684
-69.012	77.742
-68.890	77.738
-68.820	77.646
-68.772	77.585
-68.746	77.503
-68.654	77.515
-68.546	77.529
-68.459	77.651
-68.387	77.708
-68.214	77.845
-68.036	77.975
-67.860	78.109
POLYLINE BLACK
-74.306	74.664
-74.476	74.708
-74.640	74.785
-74.815	74.798
-75.144	74.821
-75.475	74.772
-75.806	74.772
-75.859	74.772
-75.913	74.782
-75.963	74.800
-76.102	74.848
-76.237	74.909
-76.372	74.970
-76.961	75.239
-77.447	75.478
-78.003	75.820
-78.500	76.126
-78.122	75.995
-78.598	76.214
-78.785	76.299
-79.276	76.340
-79.350	76.350
POLYLINE BLACK
-74.862	76.311
-74.965	76.294
-75.067	76.272
-75.170	76.261
-75.223	76.255
-75.334	76.265
-75.388	76.287
-75.519	76.343
-75.879	76.467
-76.055	76.615
-76.206	76.741
-76.292	76.904
-76.471	77.013
-76.557	77.066
-76.700	77.128
-76.801	77.140
-76.882	77.149
-76.963	77.138
-77.044	77.137
POLYLINE BLACK
-76.758	76.893
-76.780	76.961
-76.799	77.031
-76.825	77.098
-76.921	77.355
-77.307	77.390
-77.512	77.438
-77.605	77.459
-77.700	77.475
-77.793	77.497
-77.843	77.509
-77.889	77.532
-77.939	77.540
-78.030	77.555
-78.122	77.556
-78.214	77.565
POLYLINE BLACK
-77.952	77.544
-78.064	77.629
-78.127	77.656
-78.197	77.756
-78.264	77.852
-78.286	78.000
-78.261	78.112
-78.157	78.589
-78.008	79.056
-77.928	79.538
-77.862	79.935
-77.898	80.248
-77.960	80.625
-77.972	80.697
-77.996	80.767
-78.006	80.839
-78.012	80.879
-78.009	80.920
-78.009	80.961
-78.008	81.049
-78.004	81.138
-78.002	81.227
POLYLINE BLACK
-78.878	76.265
-78.972	76.271
-79.071	76.263
-79.160	76.299
-79.280	76.348
-79.348	76.463
-79.411	76.570
-79.596	76.884
-79.557	77.051
-79.449	77.422
-79.004	78.959
-79.291	77.842
-78.852	79.096
-78.824	79.176
-78.811	79.261
-78.798	79.345
-78.691	80.052
-78.594	80.760
-78.493	81.468
POLYLINE BLACK
-79.681	83.674
-79.740	83.616
-79.803	83.562
-79.859	83.501
-79.932	83.423
-79.973	83.311
-79.988	83.207
-79.996	83.148
-79.992	83.086
-79.975	83.029
-79.946	82.934
-79.876	82.823
-79.766	82.816
-79.755	82.815
-79.742	82.813
-79.731	82.817
-79.720	82.821
-79.712	82.831
-79.703	82.839
-79.634	82.900
-79.566	82.962
-79.497	83.023
POLYLINE BLACK
-79.337	82.806
-79.421	83.128
POLYLINE BLACK
-79.311	84.348
-79.350	84.337
POLYLINE BLACK
-79.104	82.955
-79.029	83.266
-78.959	83.577
-78.881	83.887
-78.859	83.972
-78.804	84.005
-78.789	83.881
-78.774	83.762
-78.764	83.643
-78.764	83.523
-78.765	83.329
-78.782	83.134
-78.792	82.939
POLYLINE BLACK
-78.902	83.267
-78.663	83.432
POLYLINE BLACK
-78.301	83.737
-78.307	83.623
-78.322	83.509
-78.318	83.395
-78.313	83.271
-78.286	83.148
-78.276	83.024
-78.275	83.009
-78.279	82.993
-78.284	82.979
-78.299	82.934
-78.395	82.903
-78.402	82.944
-78.416	83.013
-78.408	83.084
-78.411	83.154
POLYLINE BLACK
-78.000	82.808
-77.895	83.607
-77.940	83.452
-77.828	82.907
-77.824	82.887
-77.803	82.835
-77.770	82.833
-77.689	82.828
-77.591	83.074
-77.590	83.076
-77.558	83.154
-77.534	83.236
-77.511	83.317
-77.488	83.404
-77.473	83.492
-77.454	83.579
POLYLINE BLACK
-77.412	83.632
-77.408	83.564
-77.407	83.496
-77.399	83.428
-77.393	83.385
-77.348	83.381
-77.316	83.392
-77.299	83.398
-77.282	83.406
-77.267	83.417
-77.206	83.457
-77.149	83.505
-77.087	83.545
-77.036	83.577
-76.979	83.555
-76.980	83.491
-76.983	83.240
-76.994	82.990
-77.000	82.740
POLYLINE BLACK
-76.145	82.722
-76.098	82.974
-76.064	83.230
-76.002	83.479
-75.991	83.521
-75.992	83.393
-75.989	83.349
-75.982	83.224
-75.984	83.099
-75.972	82.974
-75.967	82.924
-75.955	82.874
-75.939	82.826
-75.916	82.758
-75.856	82.815
-75.836	82.844
-75.786	82.919
-75.744	82.998
-75.694	83.073
-75.686	83.084
-75.661	83.106
-75.642	83.101
-75.623	83.095
-75.616	83.068
-75.611	83.054
-75.576	82.942
-75.547	82.827
-75.507	82.717
-75.497	82.689
-75.469	82.708
-75.460	82.719
-75.448	82.733
-75.438	82.749
-75.432	82.766
-75.328	83.046
-75.231	83.329
-75.130	83.611
POLYLINE BLACK
-75.162	82.530
-75.157	82.710
-75.154	82.889
-75.147	83.069
-75.142	83.174
-75.055	83.259
-74.950	83.273
-74.852	83.287
-74.752	83.287
-74.653	83.293
POLYLINE BLACK
-75.178	83.000
-74.842	82.916
POLYLINE BLACK
-75.044	82.771
-74.821	82.755
POLYLINE BLACK
-74.789	82.564
-74.731	82.698
-74.680	82.835
-74.614	82.964
-74.570	83.051
-74.514	83.131
-74.459	83.211
-74.451	83.223
-74.425	83.244
-74.406	83.239
-74.386	83.233
-74.374	83.200
-74.371	83.185
-74.363	83.140
-74.353	83.094
-74.355	83.049
-74.364	82.783
-74.387	82.518
-74.404	82.252
POLYLINE BLACK
-74.590	82.947
-74.249	82.855
POLYLINE BLACK
-74.076	82.538
-74.022	81.601
-73.954	83.328
-73.929	82.910
-73.927	82.874
-73.915	82.812
-73.875	82.884
-73.762	83.089
-73.654	83.297
-73.544	83.503
POLYLINE BLACK
-73.570	82.260
-73.543	82.332
-73.521	82.406
-73.490	82.476
-73.485	82.489
-73.474	82.498
-73.463	82.507
-73.355	82.585
-73.245	82.328
-73.150	82.450
-73.024	82.612
-73.221	82.984
-73.384	83.030
-73.513	83.066
-73.612	82.875
-73.607	82.769
-73.605	82.714
-73.565	82.604
-73.557	82.575
POLYLINE BLACK
-73.082	82.021
-73.056	82.267
-73.030	82.513
-73.004	82.758
-72.982	82.959
-72.913	83.004
-72.707	83.022
-72.660	83.026
-72.483	83.042
-72.474	82.955
-72.464	82.861
-72.619	82.702
-72.639	82.678
-72.672	82.639
-72.711	82.605
-72.749	82.572
-72.778	82.547
-72.812	82.529
-72.840	82.503
-72.878	82.467
-72.856	82.395
-72.830	82.361
-72.815	82.341
-72.801	82.316
-72.778	82.307
-72.676	82.269
-72.567	82.251
-72.461	82.223
POLYLINE BLACK
-72.508	82.063
-72.477	82.308
-72.451	82.554
-72.414	82.799
-72.396	82.918
-72.256	82.945
-72.196	82.843
-72.144	82.755
-72.190	82.626
-72.195	82.539
-72.206	82.351
-71.940	82.322
-71.823	82.284
POLYLINE BLACK
-79.945	81.258
-79.855	81.903
-79.873	81.653
-79.854	82.008
POLYLINE BLACK
-79.951	82.543
-79.929	82.446
POLYLINE BLACK
-79.410	81.350
-79.389	81.513
-79.368	81.676
-79.347	81.839
-79.342	81.853
-79.340	81.868
-79.332	81.880
-79.329	81.884
-79.321	81.889
-79.317	81.885
-79.308	81.878
-79.305	81.866
-79.301	81.855
-79.289	81.829
-79.284	81.800
-79.268	81.776
-79.250	81.748
-79.219	81.758
-79.198	81.773
-79.127	81.826
-79.083	81.923
-79.078	82.009
-79.065	82.241
-79.146	82.208
-79.358	82.257
POLYLINE BLACK
-78.944	81.599
-78.884	81.777
-78.830	81.956
-78.766	82.132
-78.726	82.242
-78.656	82.184
-78.632	82.107
-78.590	81.975
-78.556	81.842
-78.519	81.709
POLYLINE BLACK
-78.700	81.948
-78.500	82.039
POLYLINE BLACK
-78.275	81.783
-78.350	81.711
-78.525	81.498
-78.518	81.381
-78.513	81.296
-78.473	81.217
-78.451	81.135
POLYLINE BLACK
-77.850	82.286
-77.920	82.121
-77.993	81.956
-78.060	81.789
-78.068	81.769
-78.081	81.703
-78.048	81.690
-78.027	81.681
-77.996	81.696
-77.979	81.704
-77.924	81.729
-77.870	81.756
-77.816	81.783
POLYLINE BLACK
-77.748	82.528
-77.722	82.455
-77.722	82.219
-77.600	82.170
-77.474	82.120
-77.339	82.240
-77.242	82.298
-77.208	82.318
-77.207	82.256
-77.210	82.243
-77.257	82.003
-77.310	81.763
-77.360	81.523
POLYLINE BLACK
-76.051	81.355
-75.888	82.134
POLYLINE BLACK
-76.038	81.489
-76.031	81.455
-76.030	81.312
-75.980	81.256
-75.954	81.227
-75.912	81.217
-75.875	81.222
-75.721	81.240
-75.600	81.357
-75.553	81.501
-75.538	81.545
-75.533	81.591
-75.538	81.637
-75.549	81.749
-75.657	82.003
-75.804	81.977
-75.875	81.964
-75.973	81.868
-76.009	81.840
POLYLINE BLACK
-75.235	81.686
-75.206	81.579
-75.176	81.473
-75.147	81.366
-75.135	81.370
-75.118	81.366
-75.111	81.376
-75.092	81.404
-75.061	81.441
-75.077	81.471
-75.117	81.549
-75.198	81.598
-75.259	81.662
POLYLINE BLACK
-73.740	81.733
-73.866	81.675
-73.995	81.635
-74.075	81.519
-74.116	81.459
-74.147	81.377
-74.160	81.309
-74.185	81.179
-74.195	81.091
-74.178	80.969
-74.173	80.936
-74.159	80.904
-74.141	80.875
-74.120	80.842
-74.083	80.823
-74.045	80.818
-73.833	80.786
-73.717	81.155
-73.873	81.150
-73.922	81.149
-73.972	81.142
-74.021	81.138
POLYLINE BLACK
-73.497	80.686
-73.507	80.799
POLYLINE BLACK
-73.531	81.497
-73.568	81.361
-73.610	81.263
-73.610	81.130
-73.610	81.063
-73.606	80.911
-73.522	80.883
-73.419	80.848
-73.240	81.019
-73.265	81.129
-73.288	81.226
-73.402	81.304
-73.490	81.334
-73.542	81.351
-73.597	81.351
-73.647	81.329
-73.664	81.321
-73.680	81.312
-73.695	81.301
-73.733	81.273
-73.825	81.172
-73.805	81.214
-73.760	81.305
-73.670	81.367
-73.619	81.455
-73.441	81.764
-73.286	82.086
-73.119	82.402
POLYLINE BLACK
-73.085	80.422
-73.052	80.638
-73.027	80.855
-72.986	81.070
-72.976	81.127
-72.954	81.181
-72.932	81.235
-72.921	81.264
-72.906	81.292
-72.887	81.317
-72.868	81.345
-72.802	81.422
-72.820	81.393
-72.917	81.233
-73.055	81.116
-73.047	80.915
-73.045	80.878
-73.041	80.809
-73.014	80.773
-72.957	80.693
-72.846	80.821
-72.819	80.864
-72.721	81.021
-72.698	81.273
-72.490	81.331
-72.456	81.341
-72.417	81.337
-72.386	81.319
-72.314	81.276
-72.297	81.179
-72.244	81.122
-72.237	81.114
-72.218	81.128
-72.214	81.138
-72.201	81.171
-72.178	81.212
-72.195	81.243
-72.207	81.263
-72.234	81.214
-72.244	81.193
-72.267	81.150
-72.286	81.103
-72.294	81.055
-72.346	80.745
-72.381	80.432
-72.424	80.120
POLYLINE BLACK
-83.326	80.025
-83.426	79.964
-83.531	79.909
-83.627	79.842
-83.837	79.697
-84.039	79.385
-83.879	79.137
-83.846	79.087
-83.796	79.030
-83.729	79.034
-83.621	79.041
-83.475	79.244
-83.433	79.289
POLYLINE BLACK
-83.124	79.010
-83.093	79.921
POLYLINE BLACK
-83.016	79.039
-82.940	79.038
-83.017	79.802
-82.810	79.880
-82.701	79.921
-82.460	79.853
-82.382	79.839
POLYLINE BLACK
-82.812	79.456
-82.863	79.394
-82.918	79.336
-82.965	79.270
-82.997	79.223
-82.940	79.187
-82.903	79.180
-82.837	79.167
-82.769	79.162
-82.702	79.152
POLYLINE BLACK
-82.322	78.966
-82.263	79.198
-82.205	79.429
-82.147	79.661
-82.118	79.698
-82.171	79.551
-82.088	79.541
-82.008	79.530
-81.851	79.630
-81.807	79.650
POLYLINE BLACK
-81.886	79.664
-82.034	79.086
-81.972	79.405
-82.049	78.701
POLYLINE BLACK
-81.231	79.677
-81.278	79.399
-81.331	79.122
-81.372	78.844
-81.373	78.837
-81.364	78.825
-81.358	78.828
-81.343	78.835
-81.333	78.851
-81.325	78.865
-81.269	78.960
-81.222	79.059
-81.165	79.153
-81.156	79.167
-81.144	79.181
-81.128	79.189
-81.095	79.206
-81.091	79.140
-81.091	79.135
-81.085	79.091
-81.089	79.046
-81.081	79.001
-81.075	78.968
-81.061	78.940
-81.026	78.966
-81.010	78.979
-80.998	78.996
-80.988	79.013
-80.947	79.085
-80.907	79.157
-80.866	79.229
-80.854	79.255
-80.843	79.283
-80.829	79.308
-80.796	79.367
-80.759	79.424
-80.724	79.483
POLYLINE BLACK
-80.431	79.330
-80.474	79.241
-80.523	79.153
-80.562	79.061
-80.581	79.016
-80.589	78.956
-80.587	78.907
-80.585	78.854
-80.555	78.779
-80.500	78.847
-80.474	78.880
-80.448	78.914
-80.428	78.950
-80.361	79.068
-80.321	79.142
-80.296	79.264
-80.281	79.337
-80.320	79.542
-80.429	79.437
-80.476	79.393
-80.518	79.343
-80.562	79.296
POLYLINE BLACK
-80.407	78.593
-80.372	78.730
-80.355	78.875
-80.250	78.975
-80.182	79.039
-80.059	79.042
-80.016	79.099
-79.985	79.140
-80.018	79.236
-80.071	79.244
-80.133	79.254
-80.195	79.248
-80.258	79.249
POLYLINE BLACK
-79.867	78.559
-79.824	78.792
-79.798	79.029
-79.739	79.258
-79.722	79.326
-79.748	79.118
-79.742	79.048
-79.733	78.955
-79.615	79.080
-79.611	79.081
-79.519	79.117
-79.421	79.135
-79.327	79.163
POLYLINE BLACK
-79.235	79.448
-79.247	79.335
-79.267	79.222
-79.272	79.108
-79.274	79.052
-79.233	79.063
-79.205	79.084
-79.174	79.107
-79.107	79.218
-79.054	79.216
-79.026	79.215
-79.020	79.161
-79.022	79.149
-79.118	78.487
-79.089	78.640
-79.256	78.119
POLYLINE BLACK
-52.421	44.056
-53.300	45.927
-52.470	44.295
-53.304	45.661
-53.503	45.987
-53.672	46.331
-53.870	46.657
-53.925	46.748
-54.062	46.925
-54.169	46.997
-54.264	47.060
-54.366	47.114
-54.467	47.169
-54.478	47.175
-54.491	47.177
-54.504	47.179
-54.531	47.183
-54.590	47.184
-54.615	47.172
-54.905	47.040
-55.195	46.905
-55.479	46.759
-55.518	46.739
-55.555	46.710
-55.584	46.676
-55.754	46.485
-55.888	46.260
-56.075	46.085
-56.524	45.664
-57.010	45.283
-57.486	44.893
-57.542	44.846
-57.606	44.810
-57.670	44.776
-57.862	44.673
-58.058	44.705
-58.269	44.691
-58.435	44.680
-58.303	44.645
-58.518	44.616
-58.667	44.597
-58.819	44.592
-58.969	44.590
-59.123	44.588
-59.259	44.679
-59.400	44.722
-59.653	44.797
-59.674	44.794
-59.887	44.823
POLYLINE BLACK
-53.675	52.493
-54.001	52.761
-54.180	52.891
-54.477	53.237
-54.606	53.387
-54.705	53.560
-54.823	53.718
-55.074	54.055
-54.812	53.601
-55.156	54.241
-55.175	54.278
-55.172	54.339
-55.163	54.377
-55.106	54.605
-54.894	54.748
-54.730	54.893
POLYLINE BLACK
-55.702	56.113
-55.883	56.067
-55.934	55.830
-56.076	55.737
-56.092	55.727
-56.109	55.719
-56.126	55.712
-56.247	55.661
-56.371	55.616
-56.492	55.564
-56.633	55.502
-56.624	55.478
-56.757	55.454
-56.852	55.437
-56.885	55.445
-56.979	55.458
-56.993	55.459
-57.007	55.464
-57.021	55.465
-57.058	55.465
-57.095	55.463
-57.132	55.462
POLYLINE BLACK
-59.645	44.808
-59.839	45.028
-60.040	45.241
-60.226	45.466
-60.304	45.559
-60.358	45.671
-60.437	45.763
-60.582	45.933
-60.748	46.071
-60.942	46.180
-61.125	46.283
-61.329	46.334
-61.536	46.360
-62.386	46.469
-62.615	46.469
-63.457	46.189
-63.541	46.161
-63.603	46.089
-63.675	46.039
POLYLINE BLACK
-64.794	47.698
-64.751	47.667
-64.710	47.633
-64.664	47.606
-64.582	47.558
-64.439	47.536
-64.361	47.528
-64.079	47.499
-63.892	47.569
-63.593	47.659
-63.508	47.685
-63.428	47.723
-63.351	47.765
-63.143	47.879
-62.845	48.025
-62.766	48.280
-62.731	48.395
-62.694	48.510
-62.678	48.629
-62.620	49.063
-62.674	49.487
-62.904	49.862
-62.934	49.912
-62.969	49.959
-63.010	50.001
-64.183	51.187
-61.966	48.802
-63.882	50.934
-63.992	51.055
-64.112	51.123
-64.164	51.285
-64.280	51.643
-64.202	52.146
-64.020	52.465
-63.838	52.783
-63.611	53.072
-63.393	53.366
-63.219	53.601
-62.825	53.835
-62.631	53.950
-62.436	54.066
-62.228	54.158
-62.024	54.258
-61.399	54.563
-60.781	54.886
-60.143	55.165
-59.829	55.303
-59.499	55.404
-59.172	55.508
-59.104	55.529
-59.031	55.539
-58.960	55.538
-57.006	55.518
-57.598	55.646
-56.646	55.396
POLYLINE BLACK
-53.624	52.359
-53.544	52.152
-53.454	52.067
-53.300	51.917
POLYLINE GREEN
-53.356	51.768
-53.316	51.688
-53.276	51.608
-53.236	51.528
-53.135	51.381
-53.018	51.245
-52.934	51.088
-52.820	50.876
-52.756	50.641
-52.646	50.427
-52.599	50.336
-52.527	50.259
-52.467	50.177
-52.331	49.992
-52.178	49.820
-52.058	49.626
-51.741	49.116
-51.452	48.589
-51.157	48.066
-51.100	47.965
-51.063	47.855
-51.002	47.757
-50.831	47.478
-50.741	47.439
-50.637	47.193
-50.569	47.033
-50.584	46.848
-50.601	46.679
POLYLINE GREEN
-52.684	44.590
-52.495	44.800
-52.319	45.023
-52.117	45.222
-51.970	45.366
-51.809	45.496
-51.641	45.614
-50.724	46.257
-50.834	46.192
-50.273	46.477
POLYLINE GREEN
-50.697	46.470
-50.560	45.944
POLYLINE GREEN
-51.095	46.109
-51.058	45.431
-51.113	45.676
-51.032	45.360
POLYLINE GREEN
-51.590	45.700
-51.519	45.419
-51.522	45.343
-51.406	45.119
-51.372	45.053
-51.330	44.993
-51.292	44.929
POLYLINE GREEN
-52.407	44.964
-52.091	44.275
POLYLINE GREEN
-52.593	44.629
-52.500	44.477
-52.448	44.355
-52.322	44.240
-52.269	44.191
-52.210	44.150
-52.153	44.106
POLYLINE BROWN
-57.838	51.319
-57.969	51.353
-58.098	51.393
-58.231	51.420
-58.286	51.431
-58.342	51.434
-58.398	51.430
-58.844	51.396
-58.864	51.391
-59.246	51.248
-59.485	51.159
-59.711	50.811
-59.625	50.554
-59.571	50.396
-59.489	50.293
-59.381	50.152
-59.344	50.104
-59.248	50.008
-59.184	49.981
-58.977	49.897
-58.769	49.810
-58.554	49.750
-58.091	49.621
-57.523	49.634
-57.067	49.643
-56.977	49.644
-56.887	49.662
-56.799	49.683
-56.584	49.735
-56.255	49.788
-56.100	49.994
-55.939	50.209
-56.031	50.502
-56.189	50.691
-56.279	50.799
-56.385	50.886
-56.509	50.954
-56.589	50.998
-56.670	51.047
-56.760	51.066
-57.298	51.179
-57.843	51.253
-58.384	51.347
POLYLINE BROWN
-53.915	51.940
-54.376	51.810
-54.678	51.767
-55.074	51.531
-55.468	51.295
-55.857	51.066
-56.102	50.672
-56.374	50.234
-56.135	49.795
-55.653	49.671
-55.383	49.601
-55.035	49.652
-54.795	49.674
-54.408	49.710
-54.194	49.722
-53.875	49.860
-53.611	49.974
-53.386	50.251
-53.309	50.525
-53.276	50.644
-53.269	50.773
-53.286	50.895
-53.311	51.076
-53.351	51.329
-53.476	51.485
-53.570	51.602
-53.687	51.659
-53.817	51.731
POLYLINE BROWN
-57.800	49.530
-58.980	49.525
-58.734	49.646
-59.671	49.187
-59.819	49.115
-59.980	48.898
-60.010	48.739
-60.053	48.515
-60.123	48.160
-60.096	47.894
-60.067	47.613
-59.832	47.248
-59.733	47.076
-59.677	46.977
-59.604	46.888
-59.529	46.802
-59.301	46.541
-59.140	46.428
-58.823	46.248
-58.602	46.123
-58.238	46.020
-58.008	45.992
-57.650	45.949
-57.159	45.925
-56.787	46.024
-56.137	46.196
-55.482	46.645
-54.949	46.963
-54.818	47.041
-54.674	47.204
-54.608	47.342
-54.596	47.368
-54.583	47.394
-54.580	47.423
-54.555	47.703
-54.534	47.985
-54.525	48.266
-54.517	48.490
-54.608	48.682
-54.751	48.847
-54.773	48.872
-54.796	48.898
-54.825	48.915
-55.021	49.029
-55.215	49.150
-55.423	49.240
-55.921	49.456
-56.594	49.705
-57.160	49.726
-57.521	49.740
-57.881	49.683
-58.242	49.662
POLYLINE BROWN
-53.642	49.304
-53.968	49.450
-54.077	49.493
-54.414	49.486
-54.478	49.485
-54.547	49.456
-54.595	49.415
-54.821	49.225
-54.740	48.705
-54.719	48.496
-54.712	48.426
-54.698	48.355
-54.674	48.288
-54.605	48.092
-54.523	47.901
-54.439	47.710
-54.427	47.683
-54.407	47.658
-54.388	47.635
-54.244	47.467
-53.980	47.349
-53.763	47.328
-53.585	47.311
-53.328	47.294
-53.166	47.409
-53.039	47.499
-52.999	47.701
-52.974	47.837
-52.894	48.267
-53.134	48.870
-53.368	49.233
-53.494	49.428
-53.685	49.543
-53.868	49.678
POLYLINE BROWN
-58.775	48.145
-58.887	48.952
POLYLINE BROWN
-58.838	48.459
-58.686	48.502
-58.593	48.553
-58.547	48.708
-58.535	48.746
-58.535	48.791
-58.556	48.826
-58.596	48.894
-58.725	48.942
-58.787	48.878
-58.818	48.846
-58.852	48.751
-58.859	48.736
POLYLINE BROWN
-58.338	48.729
-58.329	48.623
-58.324	48.516
-58.313	48.411
-58.296	48.256
-58.136	48.331
-58.081	48.413
-58.043	48.472
-58.054	48.556
-58.076	48.618
-58.107	48.710
-58.153	48.804
-58.229	48.868
-58.296	48.923
-58.357	48.945
-58.391	49.024
-58.413	49.076
-58.398	49.160
-58.396	49.208
POLYLINE BROWN
-58.175	48.994
-58.147	49.546
POLYLINE BROWN
-57.933	49.332
-57.926	49.131
-58.049	48.579
-57.832	48.366
-57.760	48.296
-57.649	48.297
-57.582	48.375
-57.526	48.441
-57.475	48.510
-57.421	48.578
POLYLINE BROWN
-57.910	48.664
-57.551	48.820
POLYLINE BROWN
-57.398	48.401
-57.417	48.594
-57.435	48.787
-57.455	48.980
-57.460	49.032
-57.449	48.875
-57.440	48.823
-57.434	48.788
-57.424	48.753
-57.411	48.720
-57.340	48.532
-57.237	48.575
-57.167	48.741
-57.113	48.871
-57.060	49.001
-57.007	49.132
POLYLINE BROWN
-56.960	48.408
-56.886	48.651
-56.825	48.899
-56.737	49.137
-56.727	49.165
-56.728	49.078
-56.724	49.049
-56.710	48.758
-56.697	48.468
-56.683	48.178
POLYLINE BROWN
-56.867	48.515
-56.516	48.613
POLYLINE BROWN
-56.186	48.957
-56.096	48.921
-56.005	48.889
-55.918	48.850
-55.729	48.764
-55.897	48.537
-55.976	48.442
-56.000	48.412
-56.032	48.389
-56.051	48.357
-56.084	48.303
-55.943	48.297
-55.936	48.297
-55.728	48.319
-55.522	48.351
-55.315	48.378
POLYLINE BROWN
-58.589	47.475
-58.582	47.315
-58.579	47.154
-58.568	46.994
-58.560	46.862
-58.492	46.853
-58.406	46.940
-58.284	47.064
-58.192	47.222
-58.145	47.390
-58.130	47.446
-58.122	47.504
-58.110	47.561
POLYLINE BROWN
-58.128	47.477
-58.016	47.116
-58.101	47.296
-57.854	46.949
POLYLINE BROWN
-57.856	46.861
-57.735	47.736
POLYLINE BROWN
-57.675	47.017
-57.607	47.222
-57.542	47.429
-57.471	47.633
-57.467	47.644
-57.459	47.653
-57.450	47.660
-57.396	47.703
-57.336	47.569
-57.329	47.549
-57.158	47.097
-57.193	47.185
-57.112	46.742
POLYLINE BROWN
-57.447	47.158
-56.970	47.149
POLYLINE BROWN
-56.828	46.649
-56.841	46.861
-56.860	47.072
-56.868	47.284
-56.869	47.318
-56.871	47.356
-56.855	47.386
-56.846	47.402
-56.844	47.352
-56.841	47.334
-56.833	47.292
-56.831	47.248
-56.822	47.205
-56.817	47.185
-56.802	47.152
-56.776	47.148
-56.749	47.144
-56.717	47.171
-56.701	47.186
-56.679	47.208
-56.659	47.230
-56.641	47.255
-56.623	47.280
-56.607	47.307
-56.594	47.335
-56.578	47.370
-56.564	47.406
-56.554	47.443
-56.535	47.510
-56.522	47.578
-56.507	47.645
POLYLINE BROWN
-56.223	46.940
-55.978	47.605
POLYLINE BROWN
-56.232	47.628
-55.757	47.638
-56.061	47.618
-55.327	47.759
POLYLINE BLACK
-59.087	52.547
-59.099	53.783
POLYLINE BLACK
-59.445	53.192
-59.384	53.186
-59.323	53.173
-59.261	53.173
-59.016	53.173
-58.759	53.305
-58.540	53.390
POLYLINE BLACK
-61.960	59.037
-61.909	58.724
-61.865	58.411
-61.806	58.099
-61.803	58.083
-61.773	57.943
-61.729	57.906
-61.688	57.871
-61.648	57.931
-61.632	57.959
-61.594	58.030
-61.563	58.104
-61.525	58.174
-61.519	58.187
-61.508	58.197
-61.498	58.207
-61.379	58.324
-61.336	58.029
-61.224	58.178
-61.207	58.201
-61.188	58.224
-61.176	58.250
-61.049	58.533
-60.930	58.821
-60.806	59.107
POLYLINE BLACK
-60.429	58.030
-60.553	58.865
POLYLINE BLACK
-60.662	59.679
-60.611	59.598
POLYLINE BLACK
-59.925	58.071
-59.949	58.472
-59.989	58.872
-59.998	59.273
-59.999	59.324
-59.969	59.174
-59.949	59.126
-59.930	59.079
-59.877	59.040
-59.828	59.029
-59.659	58.991
-59.510	59.071
-59.359	59.135
POLYLINE BLACK
-59.838	58.288
-59.508	58.486
POLYLINE BLACK
-59.908	58.192
-59.584	58.059
-59.748	58.115
-59.417	58.025
POLYLINE BLACK
-58.954	59.377
-58.961	59.268
-58.955	59.157
-58.975	59.050
-58.994	58.947
-59.187	58.482
-59.129	58.245
-59.086	58.068
-58.805	58.091
-58.684	58.118
-58.534	58.151
-58.389	58.205
-58.242	58.248
POLYLINE BLACK
-58.193	57.797
-58.182	58.156
-58.169	58.515
-58.160	58.874
-58.160	58.882
-58.171	58.989
-58.192	58.919
-58.209	58.861
-58.221	58.802
-58.206	58.743
-58.184	58.654
-58.081	58.558
-57.984	58.595
-57.923	58.619
-57.874	58.692
-57.842	58.740
-57.779	58.835
-57.762	58.908
-57.721	59.018
POLYLINE BLACK
-57.828	58.669
-57.788	58.225
-57.824	58.459
-57.710	57.969
POLYLINE BLACK
-57.200	57.890
-57.242	58.367
POLYLINE BLACK
-57.293	59.328
-57.383	59.484
POLYLINE BLACK
-55.916	57.867
-55.874	58.247
-55.820	58.626
-55.789	59.007
-55.802	58.958
-55.848	58.852
-55.838	58.778
-55.814	58.604
-55.510	58.731
-55.437	58.761
-55.376	58.786
-55.319	58.823
-55.271	58.869
-55.214	58.923
-55.141	59.055
-55.115	59.095
POLYLINE BLACK
-55.241	58.735
-55.332	58.434
-55.342	58.213
-55.313	57.918
POLYLINE BLACK
-55.143	58.502
-55.148	58.397
-55.165	58.263
-55.045	58.220
-55.001	58.204
-54.961	58.198
-54.916	58.213
-54.787	58.256
-54.679	58.430
-54.642	58.553
-54.585	58.742
-54.703	59.088
-54.937	58.898
-54.947	58.890
-54.956	58.880
-54.964	58.870
-55.025	58.792
-55.085	58.713
-55.145	58.635
POLYLINE BLACK
-54.443	57.909
-54.342	58.228
-54.241	58.547
-54.140	58.867
-54.127	58.909
-54.206	58.728
-54.177	58.699
-54.169	58.690
-54.153	58.694
-54.143	58.698
-54.119	58.708
-54.099	58.724
-54.078	58.739
-53.989	58.801
-53.858	58.932
-53.758	58.804
-53.725	58.762
-53.700	58.709
-53.684	58.659
-53.671	58.620
-53.661	58.579
-53.657	58.538
-53.651	58.489
-53.652	58.440
-53.653	58.391
-53.654	58.296
-53.660	58.201
-53.663	58.106
POLYLINE BLACK
-53.284	57.904
-53.240	58.344
POLYLINE BLACK
-53.279	59.649
-53.300	59.600
POLYLINE BLACK
-53.075	57.881
-53.006	58.146
-52.945	58.413
-52.867	58.676
-52.858	58.709
-52.870	58.605
-52.872	58.570
-52.881	58.422
-52.897	58.382
-52.872	58.257
-52.864	58.214
-52.838	58.136
-52.781	58.179
-52.770	58.188
-52.757	58.196
-52.749	58.208
-52.038	59.257
-52.433	58.752
-51.970	59.323
POLYLINE BLUE
-66.083	52.841
-65.909	53.150
-65.837	53.353
-65.617	53.585
-65.391	53.822
-65.096	53.914
-64.940	53.567
-64.794	53.243
-64.799	52.983
-64.709	52.601
-64.688	52.514
-64.646	52.394
-64.568	52.334
-64.448	52.240
-64.185	52.436
-64.123	52.462
-64.048	52.492
-63.932	52.532
-63.840	52.530
-63.629	52.527
-63.469	52.404
-63.278	52.326
-62.941	52.188
-62.483	52.412
-62.198	52.496
POLYLINE BLUE
-62.105	52.431
-62.283	52.505
-62.461	52.578
-62.639	52.652
-62.648	52.651
-62.661	52.659
-62.666	52.651
-62.670	52.644
-62.658	52.635
-62.654	52.628
-62.564	52.553
-62.471	52.482
-62.386	52.403
-62.199	52.227
-62.091	51.861
-62.230	51.629
-62.301	51.512
-62.451	51.448
-62.554	51.379
POLYLINE BLUE
-66.209	46.272
-66.118	46.467
-66.035	46.665
-65.937	46.856
-65.899	46.930
-65.829	47.017
-65.762	47.074
-65.493	47.302
-65.359	47.014
-65.279	46.780
-65.231	46.641
-65.196	46.497
-65.146	46.359
-65.111	46.263
-65.043	46.126
-64.921	46.132
-64.882	46.133
-64.819	46.146
-64.787	46.166
-64.664	46.244
-64.542	46.325
-64.427	46.415
-64.244	46.560
-64.188	46.672
-64.014	46.759
-63.920	46.806
-63.850	46.768
-63.751	46.769
-63.674	46.770
-63.596	46.770
-63.521	46.787
-63.195	46.858
-62.873	46.949
-62.549	47.030
POLYLINE BLUE
-62.347	47.105
-62.561	47.207
-62.754	47.375
-62.988	47.411
-63.135	47.435
-62.743	47.244
-62.629	47.149
-62.572	47.102
-62.335	46.870
-62.354	46.756
-62.377	46.617
-62.570	46.513
-62.652	46.439
-62.748	46.351
-62.839	46.256
-62.933	46.165
POLYLINE BLACK
-59.410	52.043
-59.110	52.002
-58.854	52.045
-58.563	52.098
POLYLINE BLACK
-56.693	55.375
-56.126	54.905
-55.931	54.692
-55.351	54.358
-55.246	54.298
-55.132	54.259
-55.022	54.209
POLYLINE BLACK
-56.667	54.735
-56.453	55.265
POLYLINE BLACK
-56.611	54.677
-56.404	55.002
POLYLINE BLACK
-56.486	54.360
-56.272	54.737
POLYLINE BLACK
-56.234	54.488
-56.011	54.709
POLYLINE BLACK
-56.032	54.151
-55.688	54.521
POLYLINE BLACK
-55.732	53.971
-55.390	54.321

ELEVATION
STATIONS
0.000	0.000	0
-3.344	1.595	1
-1.787	7.226	2
-5.055	6.676	3
-9.420	3.628	4
-21.643	2.869	5
-24.353	4.311	6
-29.317	5.078	7
-28.955	5.087	8
-34.860	5.793	9
-33.197	5.533	10
-35.416	2.856	11
-41.679	4.087	12
-48.099	5.735	13
-51.580	4.818	14
-51.200	4.440	15
-52.318	2.602	16
-49.525	4.194	17
-48.836	4.303	18
-48.602	4.632	19
-45.407	5.838	20
-47.399	7.920	21
-50.998	6.181	22
-50.671	9.628	23
-57.244	11.072	24
-59.933	10.327	25
-62.508	8.771	26
-63.830	8.290	27
-74.274	2.021	28
-78.785	1.958	29
-78.059	2.378	30
-51.120	8.006	14.1
-54.724	9.368	14.2
-58.369	13.353	14.3
SHOTS
0.000	0.000	-3.344	1.595
-3.344	1.595	-1.787	7.226
-1.787	7.226	-1.284	6.732
-1.787	7.226	-2.571	6.670
-1.787	7.226	-2.078	5.639
-1.787	7.226	-0.963	5.265
-1.787	7.226	-5.055	6.676
-5.055	6.676	-4.952	7.578
-5.055	6.676	-6.583	7.532
-5.055	6.676	-6.124	7.629
-5.055	6.676	-4.021	6.666
-5.055	6.676	-0.813	3.431
-5.055	6.676	-9.420	3.628
-9.420	3.628	-8.868	3.491
-9.420	3.628	-10.122	3.263
-9.420	3.628	-11.534	8.915
-9.420	3.628	-10.067	1.853
-9.420	3.628	-11.763	3.970
-9.420	3.628	-12.683	3.774
-9.420	3.628	-13.081	3.099
-9.420	3.628	-21.643	2.869
-21.643	2.869	-21.488	6.977
-21.643	2.869	-21.735	-2.102
-21.643	2.869	-20.614	2.835
-21.643	2.869	-16.891	3.661
-21.643	2.869	-16.292	3.568
-21.643	2.869	-17.353	3.225
-21.643	2.869	-18.000	3.207
-21.643	2.869	-17.890	3.554
-21.643	2.869	-20.809	1.497
-21.643	2.869	-24.353	4.311
-24.353	4.311	-24.433	4.404
-24.353	4.311	-24.360	7.296
-24.353	4.311	-26.084	-0.752
-24.353	4.311	-29.317	5.078
-29.317	5.078	-28.588	4.436
-29.317	5.078	-27.115	4.862
-29.317	5.078	-26.292	5.376
-29.317	5.078	-28.045	5.307
-29.317	5.078	-29.125	3.687
-29.317	5.078	-28.693	6.297
-29.317	5.078	-28.955	5.087
-28.955	5.087	-29.100	3.604
-28.955	5.087	-30.944	4.828
-28.955	5.087	-27.709	3.683
-28.955	5.087	-30.737	3.884
-28.955	5.087	-30.769	4.238
-28.955	5.087	-34.860	5.793
-34.860	5.793	-34.536	5.543
-34.860	5.793	-32.590	5.872
-34.860	5.793	-34.079	5.647
-34.860	5.793	-32.330	5.823
-34.860	5.793	-34.977	3.989
-34.860	5.793	-35.084	0.792
-34.860	5.793	-34.679	5.513
-34.860	5.793	-34.159	5.601
-34.860	5.793	-33.197	5.533
-33.197	5.533	-32.204	6.201
-33.197	5.533	-34.889	4.911
-33.197	5.533	-37.271	3.495
-33.197	5.533	-36.182	3.841
-33.197	5.533	-33.324	3.865
-33.197	5.533	-33.708	7.059
-33.197	5.533	-34.157	3.467
-33.197	5.533	-35.416	2.856
-35.416	2.856	-36.696	2.950
-35.416	2.856	-36.044	5.979
-35.416	2.856	-35.787	1.010
-35.416	2.856	-39.580	3.787
-35.416	2.856	-41.679	4.087
-41.679	4.087	-41.390	3.778
-41.679	4.087	-38.534	2.838
-41.679	4.087	-41.461	6.615
-41.679	4.087	-41.590	2.452
-41.679	4.087	-42.761	4.270
-41.679	4.087	-45.564	4.016
-41.679	4.087	-46.703	4.127
-41.679	4.087	-45.106	3.915
-41.679	4.087	-46.929	3.616
-41.679	4.087	-48.099	5.735
-48.099	5.735	-48.602	5.864
-48.099	5.735	-47.724	6.005
-48.099	5.735	-48.052	7.721
-48.099	5.735	-50.716	5.233
-48.099	5.735	-51.580	4.818
-51.580	4.818	-51.296	10.270
-51.580	4.818	-49.352	5.325
-51.580	4.818	-49.290	5.431
-51.580	4.818	-51.297	4.968
-51.580	4.818	-49.767	5.609
-51.580	4.818	-51.200	4.440
-51.200	4.440	-47.975	0.082
-51.200	4.440	-52.104	4.759
-51.200	4.440	-51.029	4.323
-51.200	4.440	-52.639	4.066
-51.200	4.440	-52.318	2.602
-52.318	2.602	-51.697	2.660
-52.318	2.602	-52.294	3.012
-52.318	2.602	-52.824	-0.926
-52.318	2.602	-52.679	-1.081
-52.318	2.602	-52.468	2.562
-52.318	2.602	-49.525	4.194
-49.525	4.194	-51.191	7.384
-49.525	4.194	-51.384	4.915
-49.525	4.194	-50.693	2.946
-49.525	4.194	-48.591	0.204
-49.525	4.194	-43.347	-5.199
-49.525	4.194	-48.849	4.288
-49.525	4.194	-48.841	4.300
-49.525	4.194	-48.839	4.301
-49.525	4.194	-48.280	4.224
-49.525	4.194	-49.336	2.448
-49.525	4.194	-48.911	4.438
-49.525	4.194	-49.054	1.547
-49.525	4.194	-48.898	9.409
-49.525	4.194	-48.836	4.303
-48.836	4.303	-48.610	4.632
-48.836	4.303	-48.612	4.630
-48.836	4.303	-48.613	4.640
-48.836	4.303	-48.602	4.632
-48.602	4.632	-48.440	4.693
-48.602	4.632	-48.439	4.692
-48.602	4.632	-48.412	4.703
-48.602	4.632	-45.542	5.705
-48.602	4.632	-45.407	5.838
-45.407	5.838	-48.130	9.314
-45.407	5.838	-46.090	5.913
-45.407	5.838	-45.755	4.493
-45.407	5.838	-45.853	2.546
-45.407	5.838	-47.399	7.920
-47.399	7.920	-47.842	7.950
-47.399	7.920	-47.586	11.930
-47.399	7.920	-47.662	6.081
-47.399	7.920	-48.027	4.646
-47.399	7.920	-50.998	6.181
-50.998	6.181	-50.175	6.415
-50.998	6.181	-51.043	3.398
-50.998	6.181	-50.667	9.490
-50.998	6.181	-51.081	6.565
-50.998	6.181	-50.671	9.628
-50.671	9.628	-49.372	9.617
-50.671	9.628	-49.331	9.591
-50.671	9.628	-51.222	9.268
-50.671	9.628	-52.086	9.730
-50.671	9.628	-53.184	9.500
-50.671	9.628	-51.107	7.277
-50.671	9.628	-53.165	16.819
-50.671	9.628	-57.244	11.072
-57.244	11.072	-57.267	10.933
-57.244	11.072	-59.862	11.472
-57.244	11.072	-64.229	15.509
-57.244	11.072	-62.999	16.230
-57.244	11.072	-57.879	13.137
-57.244	11.072	-56.244	11.392
-57.244	11.072	-56.625	9.168
-57.244	11.072	-55.953	25.081
-57.244	11.072	-55.511	30.821
-57.244	11.072	-59.933	10.327
-59.933	10.327	-59.421	10.769
-59.933	10.327	-59.752	9.529
-59.933	10.327	-60.654	17.180
-59.933	10.327	-62.508	8.771
-62.508	8.771	-62.304	8.688
-62.508	8.771	-62.374	7.524
-62.508	8.771	-62.250	10.828
-62.508	8.771	-63.015	7.984
-62.508	8.771	-63.830	8.290
-63.830	8.290	-64.157	8.415
-63.830	8.290	-64.132	9.541
-63.830	8.290	-64.724	4.240
-63.830	8.290	-66.761	6.973
-63.830	8.290	-70.760	4.145
-63.830	8.290	-74.274	2.021
-74.274	2.021	-73.301	9.054
-74.274	2.021	-73.820	2.107
-74.274	2.021	-75.372	1.834
-74.274	2.021	-74.434	0.762
-74.274	2.021	-78.785	1.958
-78.785	1.958	-77.879	1.849
-78.785	1.958	-78.226	0.328
-78.785	1.958	-78.074	7.313
-78.785	1.958	-78.059	2.378
-51.580	4.818	-51.120	8.006
-51.120	8.006	-53.068	8.009
-51.120	8.006	-52.422	10.428
-51.120	8.006	-54.724	9.368
-54.724	9.368	-53.468	9.867
-54.724	9.368	-58.243	11.564
-54.724	9.368	-54.318	9.265
-54.724	9.368	-58.369	13.353
-58.369	13.353	-57.931	16.023
-58.369	13.353	-62.915	16.062
-58.369	13.353	-63.150	16.735
-58.369	13.353	-59.897	15.467
-58.369	13.353	-58.252	11.740
-58.369	13.353	-60.196	23.260
-58.369	13.353	-159.214	91.306

