TRIP
DATE 2025-08-16
DECLINATION 0.0
DATA
0		63.69	0.32	0.750	>
0		344.06	-0.08	2.818	>
0		288.20	-9.17	4.051	>
0		343.56	-30.84	1.787	>
0		291.80	-33.24	3.429	>
0		353.02	83.90	2.950	>
0		68.91	-83.62	1.448	>
0		323.65	58.18	10.696	>
0		323.59	58.19	10.753	>
0		323.63	58.32	10.755	>
0		343.74	-69.18	5.301	>
0	1	323.62	58.23	10.735	>
1		140.85	-2.11	4.352	>
1		90.28	-7.81	2.736	>
1		195.06	0.09	1.968	>
1		145.11	-75.92	10.743	>
1		168.72	82.63	7.768	>
1		169.79	82.68	7.769	>
1	2	168.44	82.60	7.763	>
2		243.00	2.37	0.556	>
2		173.69	0.93	3.345	>
2		177.89	-13.03	0.797	>
2		199.12	-9.36	0.625	>
2		223.68	-8.10	0.546	>
2		262.99	15.52	0.729	>
2		335.39	-2.62	1.647	>
2		205.63	67.08	3.000	>
2		195.03	49.50	4.536	>
2		194.83	49.44	4.529	>
2		194.91	49.33	4.526	>
2	3	194.92	49.42	4.530	>
3		82.60	0.52	0.745	>
3		341.14	-14.75	0.723	>
3		59.63	81.34	1.425	>
3		314.02	60.39	5.662	>
3		51.90	-59.14	0.622	>
3		291.47	-4.36	6.257	>
3		291.51	-4.41	6.231	>
3		291.45	-4.50	6.265	>
3	4	291.47	-4.43	6.251	>
4		165.45	-2.86	2.119	>
4		125.98	-4.84	3.124	>
4		108.89	-3.18	4.595	>
4		130.94	-2.63	2.989	>
4		146.99	-6.05	2.270	>
4		133.57	-67.21	2.732	>
4		235.32	75.05	14.106	>
4		235.27	75.06	14.102	>
4		235.50	75.09	14.096	>
4		235.33	7.65	3.996	>
4		198.03	10.26	2.457	>
4	5	235.36	75.06	14.101	>
5		322.20	-7.01	3.495	>
5		350.44	-4.92	5.098	>
5		15.19	1.64	1.297	>
5		87.57	0.32	1.674	>
5		117.68	3.75	1.119	>
5		271.48	-4.07	2.557	>
5		294.98	-3.68	3.441	>
5		320.83	-4.11	3.458	>
5		307.97	81.64	10.376	>
5		307.66	81.57	10.357	>
5		308.80	81.27	16.496	>
5		310.02	81.12	16.494	>
5		311.44	80.95	16.495	>
5	6	310.09	81.11	16.495	>
6		57.42	-2.54	1.156	>
6		349.98	34.23	2.495	>
6		349.22	33.96	2.509	>
6		349.32	34.11	2.504	>
6	7	349.50	34.10	2.503	>
7		249.49	-2.12	0.758	>
7		339.47	-10.76	8.660	>
7		343.10	-14.06	3.147	>
7		343.05	-14.01	3.144	>
7		343.02	-14.06	3.139	>
7	8	343.06	-14.04	3.143	>
8		239.11	6.99	1.026	>
8		283.16	74.42	5.736	>
8		282.70	74.26	5.779	>
8		283.48	74.33	5.739	>
8	9	283.11	74.34	5.751	>
9		54.53	-5.02	0.449	>
9		346.07	-18.45	4.770	>
9		163.97	29.95	4.779	>
9		162.90	29.81	4.339	>
9		163.30	29.73	4.333	>
9		163.47	29.82	4.368	>
9	10	163.22	29.79	4.347	>
10		315.12	43.36	3.113	>
10		314.90	43.72	3.129	>
10		314.76	43.64	3.116	>
10	11	314.93	43.57	3.119	>
11		157.46	-3.10	0.406	>
11		162.94	-35.73	0.513	>
11		132.60	-84.25	0.604	>
11		172.02	48.99	0.447	>
11		210.11	76.68	0.590	>
11		171.46	46.97	0.533	>
11		233.27	-40.85	4.416	>
11		233.11	-40.93	4.418	>
11		233.25	-40.80	4.423	>
11	12	233.21	-40.86	4.419	>
12		52.78	48.91	3.247	>
12		57.22	26.80	3.723	>
12		50.17	38.76	3.721	>
12		59.44	38.57	3.793	>
12		55.55	-0.56	3.363	>
12		56.19	65.24	3.652	>
12		18.34	9.54	2.245	>
12		26.23	8.17	2.932	>
12		32.69	7.65	3.002	>
12		42.37	7.22	3.109	>
12		50.81	6.81	3.366	>
12		61.09	7.54	3.513	>
12		66.58	7.72	3.126	>
12		73.21	6.24	1.271	>
12		13.92	8.50	0.770	>
12		74.06	2.34	1.261	>
12		102.16	5.60	1.883	>
12		123.48	4.51	1.858	>
12		140.08	5.28	1.979	>
12		150.62	4.10	2.276	>
12		159.71	4.95	3.311	>
12		152.94	-15.03	3.969	>
12		148.96	-29.73	3.696	>
12		161.20	-27.23	4.236	>
12		151.27	-24.79	4.061	>
12		161.07	-23.79	3.924	>
12		215.14	-1.47	1.707	>
12		202.73	-1.54	1.864	>
12		192.57	-2.19	2.056	>
12		185.24	-3.64	2.463	>
12		174.38	-3.07	2.847	>
12		169.62	-2.59	3.154	>
12		164.35	-2.25	3.599	>
12		153.06	-26.54	7.552	>
12		254.83	-3.94	1.898	>
12		270.26	-3.19	2.132	>
12		282.66	-1.87	2.466	>
12		291.21	-3.10	3.155	>
12		302.63	-2.57	4.351	>
12		314.93	-2.12	4.396	>
12		324.15	-1.76	3.960	>
12		331.65	-1.48	3.647	>
12		343.54	0.07	2.578	>
12		348.56	4.88	0.821	>
12		310.13	-28.34	3.256	>
12		289.91	-26.93	2.001	>
12		329.22	47.50	4.385	>
12		329.14	47.52	4.389	>
12		329.25	47.46	4.388	>
12	13	329.21	47.49	4.387	>
13		250.25	75.07	12.726	>
13		250.44	75.29	12.598	>
13		249.59	75.10	12.573	>
13	14	250.09	75.15	12.632	>
14		341.55	53.50	1.151	>
14		341.97	53.36	1.156	>
14		342.10	53.54	1.159	>
14	15	341.87	53.46	1.155	>
15		198.08	60.21	4.150	>
15		198.33	60.41	4.921	>
15		198.07	60.39	4.159	>
15		197.82	60.40	4.938	>
15		198.16	60.50	4.938	>
15		198.29	60.42	4.936	>
15	16	198.09	60.44	4.937	>
16		228.93	31.49	2.404	>
16		228.98	31.35	2.385	>
16		229.01	31.54	2.393	>
16	17	228.97	31.46	2.394	>
17		283.12	38.94	3.651	>
17		283.02	38.70	3.655	>
17		283.14	38.83	3.651	>
17	18	283.10	38.82	3.652	>
18		283.07	38.87	3.644	>

PLAN
STATIONS
0.000	0.000	0
-3.352	4.551	1
-3.152	3.572	2
-3.911	0.724	3
-9.711	3.006	4
-12.701	0.940	5
-14.651	2.581	6
-15.028	4.619	7
-15.917	7.536	8
-17.429	7.888	9
-16.340	4.276	10
-17.940	5.872	11
-20.617	3.871	12
-22.134	6.417	13
-25.178	5.315	14
-25.392	5.969	15
-26.149	3.653	16
-27.689	2.313	17
-30.461	2.958	18
SHOTS
0.000	0.000	0.672	0.332
0.000	0.000	-0.774	2.710
0.000	0.000	-3.799	1.249
0.000	0.000	-0.434	1.472
0.000	0.000	-2.663	1.065
0.000	0.000	-0.038	0.311
0.000	0.000	0.150	0.058
0.000	0.000	-0.528	1.809
0.000	0.000	-3.352	4.551
-3.352	4.551	-0.606	1.178
-3.352	4.551	-0.642	4.537
-3.352	4.551	-3.863	2.650
-3.352	4.551	-1.857	2.406
-3.352	4.551	-3.152	3.572
-3.152	3.572	-3.647	3.319
-3.152	3.572	-2.785	0.247
-3.152	3.572	-3.123	2.796
-3.152	3.572	-3.354	2.989
-3.152	3.572	-3.525	3.181
-3.152	3.572	-3.849	3.486
-3.152	3.572	-3.837	5.067
-3.152	3.572	-3.657	2.518
-3.152	3.572	-3.911	0.724
-3.911	0.724	-3.172	0.820
-3.911	0.724	-4.137	1.386
-3.911	0.724	-3.726	0.833
-3.911	0.724	-5.923	2.668
-3.911	0.724	-3.660	0.921
-3.911	0.724	-9.711	3.006
-9.711	3.006	-9.179	0.957
-9.711	3.006	-7.192	1.177
-9.711	3.006	-5.370	1.521
-9.711	3.006	-7.455	1.049
-9.711	3.006	-8.481	1.113
-9.711	3.006	-8.944	2.276
-9.711	3.006	-12.968	0.753
-9.711	3.006	-10.459	0.707
-9.711	3.006	-12.701	0.940
-12.701	0.940	-14.827	3.681
-12.701	0.940	-13.545	5.949
-12.701	0.940	-12.361	2.191
-12.701	0.940	-11.028	1.011
-12.701	0.940	-11.712	0.421
-12.701	0.940	-15.251	1.006
-12.701	0.940	-15.814	2.390
-12.701	0.940	-14.880	3.614
-12.701	0.940	-13.890	1.868
-12.701	0.940	-13.902	1.867
-12.701	0.940	-14.651	2.581
-14.651	2.581	-13.678	3.203
-14.651	2.581	-15.028	4.619
-15.028	4.619	-15.738	4.353
-15.028	4.619	-18.012	12.586
-15.028	4.619	-15.917	7.536
-15.917	7.536	-16.791	7.013
-15.917	7.536	-17.429	7.888
-17.429	7.888	-17.065	8.148
-17.429	7.888	-18.518	12.280
-17.429	7.888	-16.285	3.908
-17.429	7.888	-16.340	4.276
-16.340	4.276	-17.940	5.872
-17.940	5.872	-17.785	5.498
-17.940	5.872	-17.818	5.474
-17.940	5.872	-17.896	5.831
-17.940	5.872	-17.900	5.582
-17.940	5.872	-18.008	5.755
-17.940	5.872	-17.886	5.513
-17.940	5.872	-20.617	3.871
-20.617	3.871	-18.917	5.162
-20.617	3.871	-17.823	5.670
-20.617	3.871	-18.389	5.729
-20.617	3.871	-18.063	5.379
-20.617	3.871	-17.844	5.773
-20.617	3.871	-19.346	4.722
-20.617	3.871	-19.920	5.972
-20.617	3.871	-19.334	6.474
-20.617	3.871	-19.010	6.375
-20.617	3.871	-18.538	6.150
-20.617	3.871	-18.027	5.983
-20.617	3.871	-17.568	5.554
-20.617	3.871	-17.774	5.102
-20.617	3.871	-19.407	4.236
-20.617	3.871	-20.434	4.610
-20.617	3.871	-19.405	4.217
-20.617	3.871	-18.785	3.476
-20.617	3.871	-19.072	2.849
-20.617	3.871	-19.352	2.359
-20.617	3.871	-19.503	1.893
-20.617	3.871	-19.473	0.777
-20.617	3.871	-18.873	0.457
-20.617	3.871	-18.962	1.121
-20.617	3.871	-19.403	0.305
-20.617	3.871	-18.844	0.638
-20.617	3.871	-19.452	0.474
-20.617	3.871	-21.599	2.475
-20.617	3.871	-21.337	2.152
-20.617	3.871	-21.064	1.866
-20.617	3.871	-20.841	1.423
-20.617	3.871	-20.338	1.042
-20.617	3.871	-20.049	0.772
-20.617	3.871	-19.647	0.408
-20.617	3.871	-17.556	-2.152
-20.617	3.871	-22.444	3.375
-20.617	3.871	-22.745	3.880
-20.617	3.871	-23.022	4.411
-20.617	3.871	-23.554	5.011
-20.617	3.871	-24.277	6.214
-20.617	3.871	-23.727	6.973
-20.617	3.871	-22.935	7.079
-20.617	3.871	-22.348	7.079
-20.617	3.871	-21.347	6.343
-20.617	3.871	-20.779	4.673
-20.617	3.871	-22.808	5.718
-20.617	3.871	-22.294	4.478
-20.617	3.871	-22.134	6.417
-22.134	6.417	-25.178	5.315
-25.178	5.315	-25.392	5.969
-25.392	5.969	-26.032	4.008
-25.392	5.969	-26.156	3.662
-25.392	5.969	-26.030	4.015
-25.392	5.969	-26.149	3.653
-26.149	3.653	-27.689	2.313
-27.689	2.313	-30.461	2.958
-30.461	2.958	-33.224	3.599
POLYLINE BLACK
0.584	0.408
0.487	0.560
0.390	0.711
0.293	0.863
0.259	0.931
0.231	1.003
0.190	1.067
0.103	1.208
0.035	1.232
-0.056	1.372
-0.171	1.547
-0.444	2.059
-0.516	2.214
-0.592	2.379
-0.653	2.551
-0.721	2.720
POLYLINE BLACK
-0.043	0.038
-0.268	0.039
-0.634	0.036
-0.810	0.079
-1.112	0.152
-1.394	0.292
-1.691	0.384
-1.879	0.442
-2.079	0.457
-2.263	0.526
-2.963	0.790
-3.344	0.879
-3.821	1.218
-3.826	1.222
-3.831	1.227
-3.835	1.232
-3.872	1.269
-3.908	1.307
-3.945	1.345
POLYLINE BLACK
-0.060	0.186
0.047	0.236
0.217	0.295
0.323	0.383
0.412	0.456
0.346	0.419
0.426	0.491
0.443	0.507
0.463	0.520
0.482	0.533
0.488	0.536
0.494	0.539
0.501	0.541
0.525	0.550
0.550	0.557
0.575	0.565
POLYLINE BLACK
0.342	0.474
0.119	0.691
-0.107	0.905
-0.326	1.125
-0.410	1.209
-0.415	1.341
-0.497	1.426
-0.721	1.658
-1.269	1.720
-1.514	1.756
-1.750	1.791
-2.077	1.818
-2.316	1.729
-2.391	1.701
-2.453	1.650
-2.511	1.594
-2.580	1.528
-2.669	1.435
-2.696	1.336
-2.727	1.218
-2.662	1.108
-2.560	1.047
-2.293	0.887
-1.967	0.666
-1.639	0.593
-1.356	0.530
-1.068	0.493
-0.786	0.431
-0.723	0.418
-0.660	0.397
-0.603	0.367
-0.377	0.247
-0.318	0.169
-0.132	-0.005
POLYLINE BLACK
-2.426	1.672
-2.290	1.390
-2.386	1.494
-2.160	1.340
POLYLINE BLACK
-1.793	1.659
-1.795	1.485
-1.794	1.471
-1.705	1.336
POLYLINE BLACK
-1.238	1.581
-1.281	1.451
-1.268	1.526
-1.259	1.355
POLYLINE BLACK
-0.543	1.480
-0.727	1.259
POLYLINE BLACK
-0.326	1.034
-0.437	0.947
-0.376	0.990
-0.510	0.908
POLYLINE BLACK
0.021	0.680
-0.170	0.582
POLYLINE BLACK
-2.218	1.027
-1.976	1.239
-2.098	1.169
-1.871	1.266
POLYLINE BLACK
-1.706	0.762
-1.580	0.944
-1.658	0.850
-1.461	1.036
POLYLINE BLACK
-1.152	0.557
-0.960	0.762
-1.059	0.683
-0.865	0.808
POLYLINE BLACK
-0.720	0.356
-0.644	0.473
-0.695	0.405
-0.547	0.547
POLYLINE BLACK
-0.373	0.296
-0.293	0.398
POLYLINE BLACK
-0.147	-0.063
-0.053	-0.082
POLYLINE BLACK
0.296	-0.381
0.385	-0.467
0.329	-0.424
0.471	-0.498
POLYLINE BLACK
0.685	-0.619
0.721	-0.690
POLYLINE BLACK
0.395	0.361
0.485	0.233
0.424	0.307
0.597	0.159
POLYLINE BLACK
0.823	0.067
0.897	-0.080
0.850	0.005
0.973	-0.183
POLYLINE BLACK
1.434	-0.391
1.488	-0.430
POLYLINE BLACK
0.300	-0.189
0.360	-0.147
0.423	-0.109
0.480	-0.063
0.515	-0.034
0.712	0.172
0.689	0.199
0.664	0.229
0.447	-0.064
0.439	-0.073
0.431	-0.083
0.419	-0.091
0.408	-0.098
0.355	-0.133
0.285	-0.144
0.224	-0.129
0.217	-0.127
0.212	-0.122
0.207	-0.118
0.173	-0.085
0.141	-0.050
0.108	-0.017
POLYLINE BLACK
-3.767	1.401
-3.654	1.515
POLYLINE BLACK
-0.664	2.254
-0.825	2.187
-0.740	2.228
-0.918	2.126
POLYLINE BLACK
-0.420	1.698
-0.476	1.613
POLYLINE BLACK
-0.011	1.280
-0.097	1.139
POLYLINE BLACK
-3.277	1.350
-3.303	1.216
-3.315	1.108
-3.324	0.976
POLYLINE BLACK
-2.541	0.928
-2.594	0.574
POLYLINE BLACK
-3.981	2.786
-3.902	2.711
-3.818	2.640
-3.743	2.560
-3.708	2.522
-3.681	2.478
-3.652	2.435
-3.632	2.404
-3.599	2.352
-3.641	2.323
-3.737	2.256
-3.930	2.308
-4.018	2.314
-4.111	2.319
-4.194	2.252
-4.202	2.159
-4.208	2.096
-4.215	2.033
-4.214	1.970
-4.214	1.930
-4.208	1.890
-4.200	1.851
-4.169	1.695
-4.068	1.592
-3.966	1.461
-3.921	1.402
-3.800	1.318
-3.746	1.277
POLYLINE BLACK
-0.742	2.740
-0.755	2.879
-0.791	3.018
-0.781	3.158
-0.757	3.467
-0.679	3.769
-0.640	4.077
-0.614	4.281
-0.629	4.453
-0.744	4.623
-0.779	4.675
-0.829	4.722
-0.888	4.744
-0.932	4.761
-0.976	4.783
-1.022	4.787
-1.467	4.828
-1.914	4.865
-2.361	4.880
-2.559	4.887
-2.981	4.747
-3.114	4.699
-3.166	4.679
-3.431	4.575
-3.521	4.488
-3.645	4.366
-3.764	4.241
-3.881	4.113
-3.899	4.093
-3.912	4.069
-3.924	4.045
-4.022	3.846
-4.021	3.591
-4.026	3.386
-4.028	3.330
-4.014	3.022
-3.945	2.911
-3.896	2.834
-3.841	2.796
-3.770	2.730
POLYLINE BLACK
-4.057	1.710
-3.911	1.678
-3.992	1.692
-3.813	1.673
POLYLINE BLACK
-4.139	2.033
-4.029	1.967
-3.921	1.947
-3.798	1.931
POLYLINE BLACK
-3.583	2.530
-3.375	2.630
POLYLINE BLACK
-3.865	4.127
-3.782	3.941
-3.833	4.046
-3.705	3.815
POLYLINE BLACK
-2.782	4.784
-2.779	4.727
-2.782	4.567
-2.756	4.485
-2.747	4.456
-2.731	4.428
-2.719	4.399
POLYLINE BLACK
-2.302	4.625
-2.267	4.439
POLYLINE BLACK
-1.110	4.714
-1.152	4.542
-1.134	4.644
-1.145	4.405
POLYLINE BLACK
-1.651	4.767
-1.693	4.663
-1.696	4.564
-1.694	4.455
POLYLINE BLACK
-0.861	4.116
-0.723	4.073
POLYLINE BLACK
-1.026	3.871
-0.966	3.743
-0.940	3.737
-0.808	3.702
POLYLINE BLACK
-1.037	3.299
-0.838	3.289
POLYLINE GREEN
-3.803	3.599
-3.248	3.486
-3.726	3.600
-3.293	3.460
-3.234	3.441
-3.172	3.428
-3.112	3.412
POLYLINE GREEN
-3.699	3.703
-3.641	3.952
-3.684	3.860
-3.608	3.995
POLYLINE GREEN
-3.550	3.699
-3.509	3.828
-3.536	3.758
-3.462	3.908
POLYLINE GREEN
-3.479	3.575
-3.395	3.822
-3.436	3.730
-3.376	3.858
POLYLINE GREEN
-3.288	3.577
-3.236	3.708
POLYLINE GREEN
-3.162	3.516
-3.166	3.389
-3.170	3.261
-3.173	3.133
-3.167	3.088
-3.152	3.042
-3.155	2.996
-3.176	2.656
-3.240	2.319
-3.246	1.978
-3.258	1.235
-3.248	1.194
-3.179	0.775
POLYLINE GREEN
-3.761	3.703
-3.755	3.718
POLYLINE GREEN
-3.767	3.595
-3.782	3.565
-3.807	3.527
-3.811	3.491
-3.927	2.431
-3.860	2.691
-4.074	1.605
-4.144	1.249
-4.146	1.489
-4.137	1.290
POLYLINE GREEN
-3.199	0.813
-3.224	0.785
-3.239	0.762
-3.271	0.744
-3.302	0.728
-3.349	0.715
-3.382	0.713
-3.564	0.705
-3.746	0.703
-3.929	0.700
-4.006	0.699
-4.026	0.736
-4.067	0.794
POLYLINE BLACK
-8.600	2.054
-8.718	2.080
-8.836	2.111
-8.956	2.134
-9.033	2.148
-9.155	2.119
-9.217	2.073
-9.285	2.022
-9.333	1.989
-9.378	1.925
-9.429	1.853
-9.430	1.769
-9.353	1.716
-9.339	1.707
-9.326	1.698
-9.311	1.692
-9.178	1.646
-9.046	1.595
-8.910	1.560
-8.800	1.532
-8.688	1.512
-8.574	1.503
-6.922	1.368
-8.360	1.625
-5.918	1.278
-5.453	1.212
-4.999	1.078
-4.534	1.012
-4.350	0.985
-3.760	0.970
-3.469	0.962
POLYLINE BLACK
-8.807	2.138
-8.791	2.122
-8.777	2.105
-8.759	2.091
-8.674	2.019
-8.417	1.995
-8.364	1.987
-7.943	1.929
-7.519	1.897
-7.101	1.825
-6.817	1.776
-6.543	1.677
-6.259	1.627
-5.036	1.411
-5.614	1.547
-4.730	1.477
-4.571	1.464
-4.347	1.314
-4.247	1.271
-4.110	1.212
-3.819	1.222
-3.734	1.217
POLYLINE BLACK
-9.169	1.859
-9.196	1.694
POLYLINE BLACK
-8.750	1.842
-8.778	1.624
-8.760	1.711
-8.790	1.580
POLYLINE BLACK
-9.051	2.133
-9.021	1.983
POLYLINE BLACK
-8.376	1.942
-8.372	1.942
POLYLINE BLACK
-8.360	1.924
-8.376	1.780
POLYLINE BLACK
-7.959	1.975
-7.950	1.882
-7.951	1.938
-7.964	1.808
POLYLINE BLACK
-8.318	1.726
-8.326	1.544
POLYLINE BLACK
-7.773	1.616
-7.806	1.476
POLYLINE BLACK
-7.389	1.644
-7.385	1.541
-7.385	1.598
-7.394	1.475
POLYLINE BLACK
-6.320	1.462
-6.316	1.425
POLYLINE BLACK
-7.562	1.837
-7.567	1.760
-7.567	1.803
-7.555	1.709
POLYLINE BLACK
-7.067	1.748
-7.037	1.666
POLYLINE BLACK
-6.769	1.615
-6.791	1.536
-6.785	1.583
-6.767	1.472
POLYLINE BLACK
-6.534	1.659
-6.545	1.575
-6.543	1.618
-6.538	1.533
POLYLINE BLACK
-5.964	1.467
-5.984	1.331
POLYLINE BLACK
-5.830	1.566
-5.870	1.418
POLYLINE BLACK
-5.573	1.374
-5.584	1.176
POLYLINE BLACK
-5.137	1.520
-5.162	1.432
-5.149	1.484
-5.171	1.362
POLYLINE BLACK
-4.737	1.504
-4.779	1.336
-4.767	1.407
-4.782	1.295
POLYLINE BLACK
-4.395	1.352
-4.455	1.173
POLYLINE BLACK
-4.920	1.273
-4.967	1.184
-4.942	1.241
-4.974	1.096
POLYLINE BLACK
-4.657	1.206
-4.698	1.063
POLYLINE BLACK
-4.214	1.088
-4.220	0.992
-4.219	1.051
-4.208	0.913
POLYLINE BLACK
-3.955	1.278
-3.950	1.181
-3.955	1.232
-3.938	1.127
POLYLINE BLACK
-3.874	1.092
-3.831	1.030
-3.855	1.059
-3.802	1.004
POLYLINE GREEN
-4.121	1.386
-4.290	1.496
-4.239	1.472
-4.549	1.563
-4.613	1.582
-4.679	1.596
-4.746	1.601
-4.880	1.611
-5.015	1.615
-5.150	1.607
-5.328	1.596
-5.596	1.490
-5.797	1.573
-5.829	1.586
-5.860	1.603
-5.890	1.621
-6.119	1.764
-6.447	2.019
-6.737	2.115
-6.972	2.193
-7.215	2.242
-7.451	2.315
-7.837	2.435
-8.214	2.582
-8.601	2.694
-10.234	3.167
-9.292	2.817
-9.728	2.980
POLYLINE GREEN
-3.940	0.659
-4.459	0.774
-4.890	0.874
-5.458	0.956
-6.047	1.041
-6.641	1.097
-7.234	1.158
-7.273	1.162
-7.314	1.156
-7.353	1.151
-7.522	1.133
-7.689	1.100
-7.858	1.089
-8.237	1.065
-8.617	1.068
-8.996	1.045
-9.082	1.039
-9.166	1.012
-9.252	1.003
-9.400	0.989
-9.466	1.012
-9.615	1.037
POLYLINE GREEN
-9.471	0.997
-9.540	1.000
-9.609	1.008
-9.678	1.006
-9.878	0.999
-10.100	0.904
-10.271	0.842
-10.300	0.831
-10.328	0.816
-10.353	0.797
-10.420	0.750
-10.478	0.692
-10.546	0.645
-10.645	0.577
-10.771	0.557
-10.881	0.520
-10.901	0.514
-10.919	0.505
-10.938	0.497
POLYLINE GREEN
-9.643	3.031
-9.733	3.018
-9.825	3.010
-9.914	2.992
-10.087	2.956
-10.262	2.928
-10.427	2.869
-11.035	2.650
-11.225	2.477
-11.763	2.345
-12.200	2.238
-12.113	2.240
-12.362	2.259
POLYLINE GREEN
-15.030	5.025
-15.032	4.973
-15.040	4.921
-15.035	4.869
-15.002	4.507
-14.842	4.265
-14.638	3.946
-14.599	3.884
-14.394	3.582
-14.259	3.491
-14.158	3.422
-14.044	3.374
-13.946	3.302
-12.919	2.549
-13.458	2.833
-12.612	2.359
-12.589	2.346
-12.564	2.339
-12.539	2.332
-12.392	2.291
-12.244	2.254
-12.097	2.215
POLYLINE GREEN
-15.030	4.926
-15.048	5.007
-15.057	5.089
-15.082	5.168
-15.117	5.271
-15.178	5.364
-15.210	5.468
-15.252	5.607
-15.277	5.751
-15.305	5.893
-15.328	6.017
-15.324	6.146
-15.363	6.265
-15.472	6.595
-15.613	6.913
-15.747	7.234
-15.911	7.627
-15.902	7.434
-15.903	7.614
POLYLINE GREEN
-11.238	2.591
-11.322	2.363
-11.294	2.474
-11.328	2.259
POLYLINE GREEN
-11.671	2.418
-11.777	1.960
POLYLINE GREEN
-12.142	2.214
-12.311	1.783
POLYLINE GREEN
-12.706	2.402
-12.927	1.967
POLYLINE GREEN
-13.064	2.607
-13.190	2.536
-13.263	2.431
-13.350	2.320
POLYLINE GREEN
-13.535	2.945
-13.691	2.788
-13.616	2.875
-13.756	2.683
POLYLINE GREEN
-13.948	3.439
-14.114	3.293
-14.033	3.379
-14.182	3.174
POLYLINE GREEN
-14.490	3.666
-14.592	3.652
-14.673	3.613
-14.759	3.563
POLYLINE GREEN
-14.737	4.136
-14.866	4.129
-14.934	4.065
-15.028	3.984
POLYLINE GREEN
-15.118	5.102
-15.342	4.992
-15.237	5.057
-15.433	4.906
POLYLINE GREEN
-15.483	1.346
-15.401	1.594
POLYLINE GREEN
-15.094	1.093
-15.031	1.465
POLYLINE GREEN
-14.352	0.947
-14.284	1.358
POLYLINE GREEN
-13.762	0.948
-13.754	1.077
POLYLINE GREEN
-15.914	7.553
-16.008	7.851
-16.103	8.150
-16.198	8.449
-16.332	8.774
-16.496	9.088
-16.599	9.425
-17.162	11.261
-16.887	11.110
-17.445	12.248
-17.475	12.310
-17.576	12.477
-17.651	12.544
-17.699	12.586
-17.750	12.624
-17.801	12.661
-17.840	12.688
-17.890	12.709
-17.938	12.699
-17.998	12.687
-18.039	12.629
-18.055	12.573
-18.115	12.350
-18.117	12.306
-18.118	12.073
-18.118	12.050
-18.114	12.027
-18.109	12.004
-18.102	11.967
-18.068	11.902
-18.057	11.877
POLYLINE GREEN
-16.060	7.963
-16.078	7.956
-16.097	7.950
-16.115	7.942
-16.158	7.922
-16.208	7.861
-16.229	7.837
-16.253	7.810
-16.273	7.780
-16.292	7.750
-16.349	7.662
-16.356	7.534
-16.316	7.438
-16.269	7.326
-16.121	7.192
-16.063	7.118
-16.052	7.105
-16.014	7.022
-15.978	6.994
-15.935	6.961
-15.784	6.942
-15.741	6.931
-15.565	6.886
-15.718	6.909
-15.584	6.892
POLYLINE GREEN
-16.214	7.901
-16.105	7.782
-16.158	7.825
-16.066	7.759
POLYLINE GREEN
-16.286	7.665
-16.147	7.651
POLYLINE GREEN
-16.246	7.371
-16.133	7.422
POLYLINE GREEN
-16.069	7.107
-15.966	7.286
POLYLINE GREEN
-15.884	6.956
-15.852	7.058
-15.873	7.008
-15.820	7.107
POLYLINE GREEN
-15.928	5.009
-15.672	5.145
-15.392	5.258
-15.171	5.448
POLYLINE GREEN
-15.717	5.084
-15.667	4.959
-15.690	5.005
-15.657	4.942
POLYLINE GREEN
-15.533	5.244
-15.512	5.098
-15.528	5.160
-15.494	5.056
POLYLINE GREEN
-15.404	5.283
-15.384	5.148
-15.398	5.202
-15.372	5.119
POLYLINE GREEN
-15.281	5.361
-15.275	5.289
-15.281	5.330
-15.258	5.236
POLYLINE BLUE
-18.080	12.148
-17.896	12.103
POLYLINE BLUE
-18.019	11.707
-18.012	11.707
POLYLINE BLUE
-17.940	11.693
-17.889	11.693
POLYLINE BLUE
-18.017	11.010
-17.864	10.999
POLYLINE BLUE
-17.965	10.394
-17.791	10.436
POLYLINE BLUE
-17.783	9.650
-17.633	9.688
POLYLINE BLUE
-17.730	9.081
-17.653	9.077
-17.587	9.099
-17.516	9.124
POLYLINE BLUE
-17.608	8.552
-17.463	8.587
-17.536	8.561
-17.390	8.633
POLYLINE BLUE
-17.494	8.115
-17.395	8.134
-17.370	8.158
-17.288	8.219
POLYLINE BLUE
-17.313	7.459
-17.221	7.497
-17.273	7.473
-17.158	7.538
POLYLINE BLUE
-15.532	5.703
-15.395	5.670
-15.410	5.663
-15.309	5.661
-15.305	5.661
-15.301	5.663
-15.297	5.663
-15.277	5.667
-15.258	5.671
-15.238	5.675
POLYLINE BLUE
-15.561	6.059
-15.469	6.044
-15.524	6.052
-15.394	6.043
POLYLINE BLUE
-15.731	6.459
-15.626	6.452
-15.689	6.452
-15.544	6.469
POLYLINE BLUE
-15.775	6.753
-15.700	6.705
-15.748	6.731
-15.623	6.688
POLYLINE BLUE
-16.328	8.108
-16.162	8.141
POLYLINE BLUE
-16.493	8.595
-16.403	8.596
-16.460	8.594
-16.325	8.608
POLYLINE BLUE
-16.653	9.014
-16.491	9.031
POLYLINE BLUE
-16.742	9.578
-16.649	9.587
-16.704	9.580
-16.577	9.606
POLYLINE BLUE
-17.054	10.142
-16.904	10.130
POLYLINE BLUE
-17.104	10.632
-16.950	10.662
POLYLINE BLUE
-17.303	11.287
-17.169	11.274
POLYLINE BLUE
-17.444	11.783
-17.331	11.849
POLYLINE BLUE
-17.645	12.141
-17.581	12.187
-17.616	12.158
-17.543	12.232
POLYLINE BLUE
-17.938	12.590
-17.927	12.494
-17.912	12.449
-17.873	12.374
POLYLINE GREEN
-10.909	0.524
-10.959	0.497
-11.009	0.468
-11.061	0.443
-11.074	0.437
-11.088	0.433
-11.102	0.430
-11.229	0.407
-11.218	0.409
-11.325	0.414
-11.407	0.418
-11.785	0.405
-11.962	0.466
-12.066	0.502
-12.162	0.559
-12.268	0.585
-12.752	0.706
-13.237	0.820
-13.728	0.907
-14.321	1.011
-14.435	0.920
-14.936	1.064
-15.008	1.085
-15.319	1.203
-15.439	1.281
-15.520	1.334
-15.597	1.394
-15.675	1.450
POLYLINE GREEN
-15.616	1.359
-15.719	1.435
-15.735	1.460
-15.786	1.588
-15.838	1.723
-15.859	1.787
-15.861	1.930
-15.862	2.010
-15.846	2.089
-15.849	2.168
-15.922	3.900
-15.949	0.292
-15.793	4.232
-15.788	4.360
-15.826	4.512
-15.870	4.634
-15.884	4.674
-15.908	4.710
-15.921	4.750
-15.950	4.845
-15.944	4.924
-15.963	5.022
-15.968	5.050
-15.978	5.077
-15.989	5.103
-16.071	5.288
-16.164	5.468
-16.244	5.654
-16.287	5.754
-16.312	5.861
-16.359	5.959
-16.434	6.118
-16.528	6.268
-16.608	6.425
-16.700	6.604
-16.737	6.734
-16.854	6.893
-16.931	6.997
-17.012	7.098
-17.101	7.192
-17.175	7.272
-17.262	7.338
-17.341	7.413
-17.353	7.424
-17.368	7.434
-17.372	7.450
-17.378	7.474
-17.370	7.500
-17.370	7.525
POLYLINE GREEN
-17.383	7.415
-17.464	7.739
-17.544	8.063
-17.625	8.387
-17.679	8.576
-17.746	8.762
-17.787	8.954
-17.859	9.289
-17.925	9.626
-17.965	9.966
-18.045	10.650
-18.087	11.339
-18.144	12.026
-18.149	12.083
-18.107	12.136
-18.077	12.180
POLYLINE GREEN
-15.824	1.720
-15.647	1.816
-15.721	1.778
-15.604	1.837
POLYLINE GREEN
-15.888	2.082
-15.791	2.076
-15.752	2.094
-15.666	2.131
POLYLINE GREEN
-15.846	2.752
-15.645	2.743
-15.745	2.741
-15.545	2.759
POLYLINE GREEN
-15.822	3.194
-15.537	3.238
POLYLINE GREEN
-15.818	3.805
-15.624	3.836
-15.703	3.831
-15.583	3.835
POLYLINE GREEN
-15.727	4.101
-15.542	4.179
POLYLINE GREEN
-15.893	4.656
-15.748	4.695
-15.827	4.667
-15.658	4.752
POLYLINE BLUE
-17.056	7.124
-16.828	7.294
POLYLINE BLUE
-16.782	6.774
-16.659	6.871
POLYLINE BLUE
-16.600	6.540
-16.514	6.597
-16.562	6.568
-16.452	6.623
POLYLINE BLUE
-16.506	6.255
-16.360	6.294
POLYLINE BLUE
-16.371	5.968
-16.199	6.060
POLYLINE BLUE
-16.200	5.658
-16.123	5.704
-16.169	5.679
-16.061	5.727
POLYLINE BLUE
-16.115	5.325
-16.051	5.384
-16.085	5.355
-16.014	5.411
POLYLINE BLUE
-16.017	5.156
-15.936	5.202
POLYLINE BLUE
-16.435	4.250
-16.377	4.257
-16.323	4.272
-16.282	4.315
-16.256	4.343
-16.234	4.384
-16.215	4.414
POLYLINE BLUE
-16.220	4.403
-16.146	4.601
-16.154	4.562
-16.099	4.826
-16.087	4.883
-16.086	4.942
-16.073	4.998
-16.008	5.191
-16.028	5.112
-16.001	5.231
POLYLINE BLUE
-16.377	4.242
-16.537	4.290
-16.488	4.271
-16.742	4.425
-16.797	4.458
-16.904	4.533
-16.953	4.596
-17.008	4.666
-17.053	4.743
-17.110	4.811
-17.189	4.906
-17.275	4.995
-17.362	5.082
-17.392	5.113
-17.429	5.136
-17.463	5.163
-17.529	5.247
-17.593	5.333
-17.661	5.415
-17.714	5.480
-17.801	5.481
-17.874	5.512
-17.878	5.513
-17.867	5.518
-17.863	5.521
POLYLINE BLUE
-18.015	5.876
-17.955	5.875
-17.878	5.859
-17.824	5.900
-17.786	5.929
-17.752	5.999
-17.738	6.024
-17.704	6.086
-17.675	6.146
-17.665	6.215
-17.655	6.290
-17.659	6.368
-17.642	6.441
-17.620	6.534
-17.580	6.620
-17.550	6.710
-17.506	6.839
-17.457	6.967
-17.420	7.098
-17.372	7.264
-17.375	7.319
-17.364	7.476
POLYLINE BLUE
-17.854	5.880
-17.789	5.561
-17.805	5.689
-17.786	5.496
POLYLINE BLUE
-17.670	5.985
-17.592	5.869
-17.628	5.917
-17.566	5.840
POLYLINE BLUE
-17.798	5.805
-17.669	5.817
POLYLINE BLUE
-17.794	5.647
-17.618	5.700
POLYLINE BLUE
-17.735	5.533
-17.655	5.568
POLYLINE BLUE
-17.635	5.323
-17.553	5.405
-17.595	5.369
-17.511	5.433
POLYLINE BLUE
-17.401	5.125
-17.311	5.233
POLYLINE BLUE
-17.199	4.899
-17.131	4.967
POLYLINE BLUE
-16.966	4.666
-16.911	4.741
POLYLINE BLUE
-16.800	4.486
-16.776	4.541
-16.790	4.511
-16.756	4.575
POLYLINE BLUE
-16.577	4.320
-16.525	4.429
POLYLINE BLUE
-17.696	6.140
-17.637	6.115
-17.614	6.116
-17.555	6.124
POLYLINE BLUE
-17.654	6.395
-17.542	6.363
-17.603	6.375
-17.470	6.363
POLYLINE BLUE
-17.527	6.710
-17.472	6.695
-17.432	6.695
-17.379	6.702
POLYLINE BLUE
-17.396	6.964
-17.330	6.957
-17.367	6.959
-17.287	6.958
POLYLINE BLUE
-17.386	7.208
-17.286	7.177
POLYLINE BLUE
-17.863	5.543
-17.916	5.525
-17.966	5.506
-17.977	5.446
-17.981	5.425
-17.979	5.403
-17.969	5.383
-17.935	5.312
-17.862	5.268
-17.830	5.195
-17.792	5.109
-17.822	5.013
-17.854	4.931
-17.899	4.818
-17.959	4.734
-18.061	4.663
-18.126	4.617
-18.195	4.576
-18.266	4.540
-18.364	4.492
-18.415	4.505
-18.517	4.470
-18.660	4.421
-18.800	4.364
-18.941	4.311
-18.979	4.296
-19.015	4.277
-19.054	4.267
-19.249	4.219
-19.251	4.234
-19.403	4.234
POLYLINE BLUE
-17.964	5.947
-18.122	5.995
-18.163	5.999
-18.326	6.104
-18.422	6.167
-18.504	6.250
-18.601	6.313
-18.749	6.408
-18.966	6.509
-19.148	6.508
-19.346	6.506
-19.628	6.296
-19.746	6.181
-19.907	6.022
-20.231	5.713
-20.369	5.442
-20.494	5.197
-20.494	4.934
-20.423	4.674
-20.414	4.642
-20.396	4.614
-20.383	4.584
POLYLINE BLUE
-19.382	4.263
-19.400	4.187
-19.402	4.118
-19.362	4.049
-19.354	4.035
-19.345	4.020
-19.333	4.009
-19.294	3.971
-19.254	3.934
-19.210	3.903
-18.998	3.756
-19.060	3.836
-18.923	3.713
-18.907	3.698
-18.889	3.666
-18.882	3.647
-18.822	3.486
-18.908	3.297
-18.970	3.156
-19.020	3.044
-19.076	2.935
-19.139	2.830
-19.207	2.719
-19.246	2.713
-19.313	2.625
-19.364	2.558
-19.388	2.470
-19.395	2.388
-19.405	2.266
-19.360	2.104
-19.324	2.008
-19.280	1.886
-19.200	1.779
-19.159	1.657
-19.045	1.317
-18.961	0.968
-18.859	0.625
-18.855	0.612
-18.852	0.597
-18.840	0.590
-18.813	0.574
-18.780	0.569
-18.750	0.559
POLYLINE BLUE
-19.374	0.188
-19.411	0.240
-19.447	0.291
-19.483	0.343
-19.494	0.353
-19.502	0.365
-19.515	0.372
-19.714	0.484
-19.963	0.577
-20.136	0.745
-20.527	1.127
-20.544	1.222
-20.956	1.700
-21.111	1.880
-21.324	2.030
-21.491	2.191
-21.525	2.223
-21.551	2.263
-21.576	2.302
-21.593	2.330
-21.665	2.451
-21.674	2.513
-21.694	2.656
-21.689	2.804
-21.641	2.941
-21.572	3.134
-21.198	3.409
-21.138	3.467
-20.989	3.608
-21.035	3.604
-20.844	3.718
-20.270	4.060
-21.008	3.575
-20.575	3.864
POLYLINE BLUE
-20.429	4.751
-20.437	4.712
-20.448	4.672
-20.451	4.632
-20.454	4.593
-20.450	4.553
-20.448	4.514
-20.443	4.427
-20.430	4.340
-20.430	4.252
-20.429	4.133
-20.455	4.003
-20.516	3.899
-20.536	3.864
-20.583	3.832
-20.609	3.810
POLYLINE BLUE
-18.721	0.572
-18.688	0.561
POLYLINE BLUE
-18.261	0.157
-18.212	0.093
POLYLINE BLUE
-18.146	-0.239
-18.135	-0.242
POLYLINE BLUE
-18.716	0.525
-18.594	0.419
POLYLINE BLUE
-18.376	0.221
-18.264	0.057
POLYLINE BLUE
-18.223	-0.159
-18.133	-0.277
POLYLINE BLUE
-17.948	-0.616
-17.806	-0.753
POLYLINE BLUE
-17.630	-1.234
-17.515	-1.326
POLYLINE BLUE
-17.406	-1.545
-17.404	-1.547
POLYLINE BLUE
-17.394	-1.559
-17.259	-1.691
POLYLINE BLUE
-17.158	-1.884
-17.115	-1.943
POLYLINE BLUE
-19.502	0.089
-19.408	0.037
POLYLINE BLUE
-19.131	-0.147
-19.039	-0.174
POLYLINE BLUE
-18.977	-0.457
-18.896	-0.590
POLYLINE BLUE
-18.859	-1.001
-18.842	-1.138
POLYLINE BLUE
-18.758	-1.424
-18.720	-1.535
-18.749	-1.472
-18.653	-1.604
POLYLINE BLUE
-18.563	-1.882
-18.559	-2.005
-18.506	-2.066
-18.437	-2.162
POLYLINE BLUE
-18.233	-2.435
-18.122	-2.496
POLYLINE BLUE
-18.032	-2.760
-17.950	-2.787
POLYLINE BLUE
-17.733	-3.005
-17.657	-3.031
POLYLINE BLUE
-17.475	-3.289
-17.345	-3.304
POLYLINE BLUE
-17.219	-3.362
-17.135	-3.368
POLYLINE BLUE
-16.951	-3.298
-16.895	-3.251
POLYLINE BLUE
-16.880	-3.186
-16.904	-3.095
-16.897	-3.150
-16.878	-3.020
POLYLINE BLUE
-16.860	-2.767
-16.903	-2.664
POLYLINE BLUE
-17.049	-2.453
-17.069	-2.345
-17.063	-2.408
-17.060	-2.265
POLYLINE BLUE
-17.121	-1.906
-17.153	-1.861
POLYLINE BLUE
-19.366	0.238
-19.290	0.264
-19.212	0.285
-19.138	0.314
-19.105	0.327
-19.073	0.346
-19.044	0.366
-18.924	0.451
-18.809	0.541
-18.691	0.629
POLYLINE BLUE
-19.268	0.263
-19.183	0.072
-19.243	0.131
-19.132	0.052
POLYLINE BLUE
-19.135	0.309
-19.037	0.122
-19.089	0.193
-18.995	0.083
POLYLINE BLUE
-19.009	0.400
-18.899	0.236
POLYLINE BLUE
-18.896	0.475
-18.863	0.389
-18.886	0.438
-18.818	0.332
POLYLINE BLUE
-18.802	0.541
-18.767	0.460
-18.789	0.500
-18.733	0.421
POLYLINE BLUE
-19.980	6.012
-20.533	6.232
-19.704	5.917
-20.740	6.207
-20.839	6.235
-21.138	6.424
-21.319	6.369
-21.478	6.321
-21.634	6.070
-21.678	5.990
-21.858	5.662
-22.003	5.316
-22.145	4.970
-22.202	4.831
-22.224	4.529
-22.216	4.391
-22.205	4.212
-22.172	3.875
-22.085	3.677
-21.967	3.407
-21.836	3.099
-21.622	2.881
-21.597	2.856
-21.556	2.853
-21.524	2.839
POLYLINE BLUE
-21.718	2.606
-21.959	2.902
-22.194	3.204
-22.443	3.493
-22.504	3.564
-22.575	3.626
-22.647	3.687
-22.657	3.695
-23.039	3.956
-23.147	4.109
-23.240	4.242
-23.226	4.324
-23.268	4.484
-23.301	4.614
-23.416	4.769
-23.479	4.857
-23.683	5.145
-23.901	5.422
-24.106	5.709
-24.171	5.800
-24.180	5.992
-24.173	6.085
-24.173	6.088
-24.149	6.518
-24.084	6.679
-24.046	6.773
-23.936	6.866
-23.845	6.903
-23.663	6.976
-23.523	7.021
-23.327	7.030
-23.087	7.041
-22.847	7.031
-22.607	7.037
-22.478	7.040
-22.436	7.064
-22.326	7.043
-22.197	7.018
-22.074	6.941
-21.964	6.883
-21.906	6.852
-21.853	6.808
-21.792	6.783
-21.627	6.714
-21.455	6.664
-21.289	6.600
-21.267	6.591
-21.247	6.579
-21.228	6.565
-21.143	6.505
-21.107	6.426
-21.030	6.345
-21.003	6.316
-20.969	6.295
-20.939	6.270
POLYLINE BLUE
-21.758	3.018
-21.867	2.931
POLYLINE BLUE
-21.886	3.238
-21.959	3.205
POLYLINE BLUE
-22.061	3.529
-22.263	3.581
POLYLINE BLUE
-22.133	3.876
-22.342	3.969
POLYLINE BLUE
-22.313	4.513
-22.476	4.635
POLYLINE BLUE
-22.171	4.916
-22.321	5.084
POLYLINE BLUE
-21.993	5.354
-22.123	5.535
-22.076	5.457
-22.146	5.580
POLYLINE BLUE
-21.850	5.816
-21.908	5.917
-21.878	5.859
-21.935	5.990
POLYLINE BLUE
-21.575	6.140
-21.586	6.303
POLYLINE BLUE
-21.292	6.377
-21.345	6.504
POLYLINE BLUE
-21.603	6.709
-21.650	6.617
-21.622	6.676
-21.676	6.527
POLYLINE BLUE
-21.907	6.897
-22.013	6.672
-21.976	6.782
-22.026	6.568
POLYLINE BLUE
-22.296	7.002
-22.339	6.724
POLYLINE BLUE
-22.588	7.143
-22.632	6.992
-22.594	6.908
-22.545	6.763
POLYLINE BLUE
-22.996	7.023
-23.016	6.914
-23.018	6.806
-22.960	6.706
-22.950	6.689
-22.938	6.674
-22.927	6.658
POLYLINE BLUE
-23.318	7.037
-23.274	6.919
-23.276	6.900
-23.212	6.805
-23.192	6.776
-23.168	6.749
-23.147	6.722
POLYLINE BLUE
-23.794	6.860
-23.728	6.761
-23.647	6.700
-23.558	6.627
POLYLINE BLUE
-24.066	6.448
-23.805	6.386
POLYLINE BLUE
-23.952	5.697
-23.847	5.786
-23.907	5.740
-23.766	5.829
POLYLINE BLUE
-23.756	5.297
-23.637	5.396
-23.612	5.399
-23.468	5.444
POLYLINE BLUE
-23.400	4.831
-23.270	4.970
-23.336	4.914
-23.205	5.005
POLYLINE BLUE
-23.168	4.350
-23.100	4.447
-23.138	4.398
-23.052	4.494
POLYLINE BLUE
-22.944	3.933
-22.908	4.046
-22.890	4.074
-22.827	4.160
POLYLINE BLUE
-22.720	3.786
-22.652	3.898
-22.694	3.837
-22.588	3.964
POLYLINE BLUE
-22.496	3.465
-22.493	3.466
POLYLINE BLUE
-22.492	3.470
-22.420	3.555
-22.463	3.508
-22.362	3.609
POLYLINE BLUE
-22.164	3.053
-22.106	3.081

ELEVATION
STATIONS
0.000	0.000	0
-3.352	9.126	1
-3.152	16.825	2
-3.911	20.266	3
-9.711	19.783	4
-12.701	33.408	5
-14.651	49.705	6
-15.028	51.108	7
-15.917	50.346	8
-17.429	55.883	9
-16.340	58.043	10
-17.940	60.193	11
-20.617	57.302	12
-22.134	60.536	13
-25.178	72.747	14
-25.392	73.675	15
-26.149	77.970	16
-27.689	79.219	17
-30.461	81.509	18
SHOTS
0.000	0.000	0.672	0.004
0.000	0.000	-0.774	-0.004
0.000	0.000	-3.799	-0.645
0.000	0.000	-0.434	-0.916
0.000	0.000	-2.663	-1.880
0.000	0.000	-0.038	2.933
0.000	0.000	0.150	-1.439
0.000	0.000	-0.528	-4.955
0.000	0.000	-3.352	9.126
-3.352	9.126	-0.606	8.966
-3.352	9.126	-0.642	8.754
-3.352	9.126	-3.863	9.129
-3.352	9.126	-1.857	-1.294
-3.352	9.126	-3.152	16.825
-3.152	16.825	-3.647	16.848
-3.152	16.825	-2.785	16.879
-3.152	16.825	-3.123	16.645
-3.152	16.825	-3.354	16.723
-3.152	16.825	-3.525	16.748
-3.152	16.825	-3.849	17.020
-3.152	16.825	-3.837	16.749
-3.152	16.825	-3.657	19.588
-3.152	16.825	-3.911	20.266
-3.911	20.266	-3.172	20.272
-3.911	20.266	-4.137	20.082
-3.911	20.266	-3.726	21.674
-3.911	20.266	-5.923	25.188
-3.911	20.266	-3.660	19.732
-3.911	20.266	-9.711	19.783
-9.711	19.783	-9.179	19.678
-9.711	19.783	-7.192	19.520
-9.711	19.783	-5.370	19.529
-9.711	19.783	-7.455	19.646
-9.711	19.783	-8.481	19.544
-9.711	19.783	-8.944	17.265
-9.711	19.783	-12.968	20.315
-9.711	19.783	-10.459	20.221
-9.711	19.783	-12.701	33.408
-12.701	33.408	-14.827	32.982
-12.701	33.408	-13.545	32.971
-12.701	33.408	-12.361	33.445
-12.701	33.408	-11.028	33.417
-12.701	33.408	-11.712	33.481
-12.701	33.408	-15.251	33.227
-12.701	33.408	-15.814	33.187
-12.701	33.408	-14.880	33.160
-12.701	33.408	-13.890	43.674
-12.701	33.408	-13.902	43.653
-12.701	33.408	-14.651	49.705
-14.651	49.705	-13.678	49.654
-14.651	49.705	-15.028	51.108
-15.028	51.108	-15.738	51.080
-15.028	51.108	-18.012	49.492
-15.028	51.108	-15.917	50.346
-15.917	50.346	-16.791	50.471
-15.917	50.346	-17.429	55.883
-17.429	55.883	-17.065	55.844
-17.429	55.883	-18.518	54.374
-17.429	55.883	-16.285	58.269
-17.429	55.883	-16.340	58.043
-16.340	58.043	-17.940	60.193
-17.940	60.193	-17.785	60.171
-17.940	60.193	-17.818	59.893
-17.940	60.193	-17.896	59.592
-17.940	60.193	-17.900	60.530
-17.940	60.193	-18.008	60.767
-17.940	60.193	-17.886	60.583
-17.940	60.193	-20.617	57.302
-20.617	57.302	-18.917	59.749
-20.617	57.302	-17.823	58.981
-20.617	57.302	-18.389	59.632
-20.617	57.302	-18.063	59.667
-20.617	57.302	-17.844	57.269
-20.617	57.302	-19.346	60.618
-20.617	57.302	-19.920	57.674
-20.617	57.302	-19.334	57.719
-20.617	57.302	-19.010	57.702
-20.617	57.302	-18.538	57.693
-20.617	57.302	-18.027	57.701
-20.617	57.302	-17.568	57.763
-20.617	57.302	-17.774	57.722
-20.617	57.302	-19.407	57.440
-20.617	57.302	-20.434	57.416
-20.617	57.302	-19.405	57.354
-20.617	57.302	-18.785	57.486
-20.617	57.302	-19.072	57.448
-20.617	57.302	-19.352	57.484
-20.617	57.302	-19.503	57.465
-20.617	57.302	-19.473	57.588
-20.617	57.302	-18.873	56.272
-20.617	57.302	-18.962	55.469
-20.617	57.302	-19.403	55.364
-20.617	57.302	-18.844	55.599
-20.617	57.302	-19.452	55.719
-20.617	57.302	-21.599	57.258
-20.617	57.302	-21.337	57.252
-20.617	57.302	-21.064	57.224
-20.617	57.302	-20.841	57.146
-20.617	57.302	-20.338	57.150
-20.617	57.302	-20.049	57.159
-20.617	57.302	-19.647	57.161
-20.617	57.302	-17.556	53.927
-20.617	57.302	-22.444	57.172
-20.617	57.302	-22.745	57.184
-20.617	57.302	-23.022	57.222
-20.617	57.302	-23.554	57.131
-20.617	57.302	-24.277	57.107
-20.617	57.302	-23.727	57.139
-20.617	57.302	-22.935	57.180
-20.617	57.302	-22.348	57.208
-20.617	57.302	-21.347	57.305
-20.617	57.302	-20.779	57.372
-20.617	57.302	-22.808	55.756
-20.617	57.302	-22.294	56.396
-20.617	57.302	-22.134	60.536
-22.134	60.536	-25.178	72.747
-25.178	72.747	-25.392	73.675
-25.392	73.675	-26.032	77.277
-25.392	73.675	-26.156	77.954
-25.392	73.675	-26.030	77.291
-25.392	73.675	-26.149	77.970
-26.149	77.970	-27.689	79.219
-27.689	79.219	-30.461	81.509
-30.461	81.509	-33.224	83.796

