TRIP
DATE 2025-08-19
DECLINATION 0.0
DATA
0		345.56	-82.92	7.953	>
0		345.13	-82.83	7.928	>
0		345.47	-82.83	7.944	>
0	1	345.39	-82.86	7.942	>
1		144.31	-57.50	10.672	>
1		144.23	-57.50	10.702	>
1		144.27	-57.58	10.714	>
1	2	144.27	-57.53	10.696	>
2		150.77	-52.16	4.854	>
2		150.81	-52.17	4.846	>
2		150.86	-52.21	4.863	>
2		105.90	-12.05	0.834	>
2		154.15	2.03	2.717	>
2		141.27	0.23	1.541	>
2		160.49	-1.44	0.679	>
2		66.38	-2.11	0.616	>
2		159.53	-5.33	0.681	>
2		82.87	-84.15	1.582	>
2		150.69	-51.25	4.699	>
2		151.11	-51.16	4.719	>
2		151.08	-51.17	4.717	>
2	3	150.96	-51.19	4.712	>
3		340.09	-39.97	1.330	>
3		340.44	0.42	2.357	>
3		309.29	-85.85	3.458	>
3		340.77	-24.71	2.151	>
3		134.16	79.04	5.471	>
3		143.34	51.49	4.345	>
3		59.01	87.99	3.217	>
3		125.35	-61.57	3.334	>
3		126.06	-61.22	3.352	>
3		125.78	-61.40	3.336	>
3		143.07	-5.10	6.499	>
3		154.42	-58.02	3.578	>
3		134.48	-55.57	4.422	>
3		143.70	-79.78	9.285	>
3		140.55	-79.38	3.672	>
3		142.26	-74.60	31.732	>
3		175.15	-82.03	3.409	>
3		140.66	-16.71	7.347	>
3		125.57	-61.62	3.339	>
3		126.18	-61.12	3.335	>
3		126.46	-61.36	3.324	>
3	4	126.07	-61.37	3.333	>
4		239.61	-0.26	0.858	>
4		137.16	-83.56	11.867	>
4		137.27	-83.53	11.809	>
4		137.47	-83.57	11.893	>
4	5	137.30	-83.55	11.856	>
5		136.99	-83.58	11.909	>
5		137.37	-83.53	11.943	>
5		98.11	-2.57	2.375	>
5		125.03	0.38	4.745	>
5		138.93	1.63	5.161	>
5		199.77	1.05	1.772	>
5		175.74	-6.08	3.504	>
5		330.17	-87.23	26.929	>
5		329.54	-87.30	28.361	>
5		330.36	-87.30	27.342	>
5		330.22	-87.29	26.902	>
5		329.75	-87.35	27.331	>
5		333.62	-87.48	28.907	>
5		332.69	-87.40	27.250	>
5		334.79	-87.40	27.256	>
5		330.58	-87.39	27.270	>
5	6	332.69	-87.40	27.259	>
6		73.58	6.29	2.268	>
6		20.84	14.57	2.778	>
6		126.64	7.34	2.627	>
6		354.48	9.56	1.227	>
6		346.22	82.45	7.658	>
6		349.99	-76.23	1.559	>
6		105.86	-51.51	2.540	>
6		127.02	-9.78	2.762	>
6		126.85	-9.64	2.753	>
6		126.86	-9.91	2.757	>
6	7	126.91	-9.78	2.757	>
7		183.67	-20.56	1.738	>
7		286.91	-1.78	0.638	>
7		225.29	-83.08	1.636	>
7		224.97	60.34	0.776	>
7		183.30	-12.39	1.780	>
7		183.39	-12.16	1.777	>
7		183.36	-12.18	1.777	>
7	8	183.35	-12.24	1.778	>
8		82.34	0.79	0.372	>
8		162.55	25.97	2.286	>
8		147.10	-21.56	0.568	>
8		334.96	-7.73	0.769	>
8		280.55	-10.80	1.798	>
8		280.38	-10.59	1.786	>
8		280.15	-10.65	1.786	>
8	9	280.36	-10.68	1.790	>
9		211.93	-16.92	0.456	>

PLAN
STATIONS
0.000	0.000	0
-0.249	0.955	1
3.104	-3.706	2
4.538	-6.288	3
5.829	-7.228	4
6.731	-8.206	5
6.163	-7.107	6
8.336	-8.739	7
8.235	-10.473	8
6.504	-10.157	9
SHOTS
0.000	0.000	-0.249	0.955
-0.249	0.955	3.104	-3.706
3.104	-3.706	3.889	-3.930
3.104	-3.706	4.288	-6.150
3.104	-3.706	4.069	-4.908
3.104	-3.706	3.331	-4.346
3.104	-3.706	3.668	-3.460
3.104	-3.706	3.342	-4.341
3.104	-3.706	3.264	-3.686
3.104	-3.706	4.538	-6.288
4.538	-6.288	4.191	-5.330
4.538	-6.288	3.749	-4.067
4.538	-6.288	4.344	-6.130
4.538	-6.288	3.894	-4.443
4.538	-6.288	5.284	-7.013
4.538	-6.288	6.153	-8.458
4.538	-6.288	4.635	-6.230
4.538	-6.288	8.427	-11.462
4.538	-6.288	5.356	-7.997
4.538	-6.288	6.322	-8.040
4.538	-6.288	5.513	-7.615
4.538	-6.288	4.968	-6.811
4.538	-6.288	9.695	-12.950
4.538	-6.288	4.578	-6.759
4.538	-6.288	8.998	-11.730
4.538	-6.288	5.829	-7.228
5.829	-7.228	5.089	-7.662
5.829	-7.228	6.731	-8.206
6.731	-8.206	7.640	-9.180
6.731	-8.206	7.642	-9.196
6.731	-8.206	9.080	-8.541
6.731	-8.206	10.617	-10.930
6.731	-8.206	10.120	-12.096
6.731	-8.206	6.132	-9.874
6.731	-8.206	6.990	-11.681
6.731	-8.206	6.083	-7.076
6.731	-8.206	6.053	-7.054
6.731	-8.206	6.094	-7.086
6.731	-8.206	6.099	-7.101
6.731	-8.206	6.095	-7.116
6.731	-8.206	6.166	-7.067
6.731	-8.206	6.163	-7.107
6.163	-7.107	8.326	-6.469
6.163	-7.107	7.120	-4.594
6.163	-7.107	8.254	-8.662
6.163	-7.107	6.047	-5.903
6.163	-7.107	5.924	-6.130
6.163	-7.107	6.099	-6.741
6.163	-7.107	7.684	-7.539
6.163	-7.107	8.336	-8.739
8.336	-8.739	8.232	-10.363
8.336	-8.739	7.726	-8.553
8.336	-8.739	8.196	-8.878
8.336	-8.739	8.065	-9.011
8.336	-8.739	8.235	-10.473
8.235	-10.473	8.603	-10.424
8.235	-10.473	8.851	-12.434
8.235	-10.473	8.522	-10.917
8.235	-10.473	7.912	-9.783
8.235	-10.473	6.504	-10.157
6.504	-10.157	6.273	-10.527
POLYLINE BLACK
4.019	-3.998
4.141	-4.297
POLYLINE BLACK
3.119	-4.286
3.391	-4.631
POLYLINE BLACK
3.191	-4.343
3.655	-4.979
3.493	-4.717
3.718	-5.099
POLYLINE BLACK
3.666	-5.083
3.869	-5.401
3.795	-5.255
3.908	-5.511
POLYLINE BLACK
3.634	-4.852
4.216	-6.231
4.064	-5.715
4.241	-6.349
POLYLINE BLACK
4.162	-4.359
4.576	-5.127
4.362	-4.756
4.801	-5.471
POLYLINE BLACK
4.314	-4.528
4.338	-4.849
4.519	-5.116
4.667	-5.390
4.770	-5.581
4.871	-5.773
4.974	-5.964
POLYLINE BLACK
4.721	-5.471
4.953	-5.932
POLYLINE BLACK
4.783	-5.557
4.125	-5.795
POLYLINE BLACK
4.039	-4.036
4.039	-4.037
POLYLINE BLACK
4.034	-4.039
3.821	-4.203
3.775	-4.168
3.472	-4.261
3.412	-4.279
3.354	-4.330
3.306	-4.365
POLYLINE BLACK
3.258	-4.344
2.832	-3.971
POLYLINE BLACK
4.282	-6.358
4.334	-6.414
4.392	-6.466
4.437	-6.527
4.648	-6.814
5.082	-7.500
5.258	-7.759
5.455	-8.048
5.285	-7.725
5.439	-8.045
POLYLINE BLACK
5.015	-5.991
5.447	-6.533
5.659	-6.761
6.008	-7.328
6.095	-7.468
6.157	-7.623
6.240	-7.765
6.501	-8.215
6.248	-7.678
6.445	-8.119
POLYLINE BLACK
5.733	-6.923
5.447	-7.132
5.657	-6.989
5.055	-7.275
POLYLINE BLACK
6.531	-8.062
6.531	-8.062
POLYLINE GREEN
6.564	-8.053
7.137	-8.423
6.912	-8.322
7.583	-8.527
7.612	-8.536
7.643	-8.538
7.673	-8.546
7.701	-8.553
7.715	-8.565
7.739	-8.580
POLYLINE GREEN
8.253	-8.387
8.268	-8.424
8.280	-8.463
8.297	-8.499
8.307	-8.520
8.322	-8.538
8.334	-8.558
8.341	-8.569
8.349	-8.580
8.355	-8.592
8.367	-8.617
8.384	-8.667
8.385	-8.698
8.386	-8.717
8.381	-8.736
8.379	-8.756
POLYLINE GREEN
8.386	-8.733
8.391	-8.753
8.399	-8.772
8.401	-8.792
8.410	-8.906
8.411	-9.021
8.421	-9.135
8.424	-9.178
8.435	-9.220
8.440	-9.263
8.443	-9.293
8.443	-9.324
8.445	-9.354
8.459	-9.451
8.474	-9.548
8.487	-9.645
8.513	-9.840
8.533	-10.035
8.562	-10.229
8.574	-10.311
8.617	-10.381
8.644	-10.457
POLYLINE GREEN
8.628	-10.418
8.639	-10.433
8.653	-10.447
8.663	-10.463
8.671	-10.474
8.677	-10.486
8.681	-10.499
8.740	-10.707
8.800	-10.914
8.851	-11.123
8.859	-11.156
8.858	-11.190
8.857	-11.223
8.847	-11.464
8.812	-11.340
8.859	-11.646
9.011	-12.634
8.941	-11.909
8.983	-12.385
POLYLINE GREEN
8.856	-12.430
8.844	-12.395
8.835	-12.359
8.821	-12.325
8.692	-12.017
8.666	-12.038
8.615	-11.790
8.611	-11.769
8.612	-11.747
8.611	-11.726
8.607	-11.680
8.605	-11.633
8.601	-11.587
8.598	-11.559
8.591	-11.531
8.591	-11.502
8.591	-11.385
8.614	-11.327
8.596	-11.232
8.583	-11.165
8.567	-11.099
8.554	-11.032
8.551	-11.015
8.551	-10.998
8.548	-10.981
8.543	-10.950
8.508	-10.932
8.485	-10.917
POLYLINE GREEN
7.694	-8.572
7.752	-8.609
7.809	-8.646
7.867	-8.683
7.875	-8.691
7.884	-8.698
7.891	-8.707
7.944	-8.776
7.970	-8.864
7.980	-8.949
7.993	-9.065
8.007	-9.181
8.010	-9.298
8.011	-9.356
8.000	-9.414
7.992	-9.471
7.984	-9.526
7.971	-9.580
7.961	-9.634
7.952	-9.688
7.941	-9.742
7.933	-9.796
7.930	-9.817
7.930	-9.838
7.929	-9.859
POLYLINE GREEN
7.913	-9.858
7.915	-9.903
7.921	-9.954
7.898	-9.996
7.867	-10.054
7.772	-10.089
7.711	-10.090
7.620	-10.091
7.528	-10.079
7.437	-10.084
7.337	-10.089
7.165	-10.144
7.075	-10.159
7.045	-10.164
7.015	-10.164
6.984	-10.162
6.847	-10.153
6.709	-10.136
6.571	-10.127
6.558	-10.126
6.545	-10.129
6.532	-10.132
6.497	-10.140
6.464	-10.152
6.430	-10.159
6.400	-10.165
6.366	-10.156
6.337	-10.152
POLYLINE GREEN
8.248	-10.478
8.212	-10.473
8.176	-10.469
8.140	-10.463
7.969	-10.432
8.016	-10.419
7.798	-10.424
7.599	-10.428
7.529	-10.465
7.322	-10.486
7.213	-10.498
7.083	-10.475
6.978	-10.472
6.933	-10.470
6.888	-10.481
6.843	-10.478
6.733	-10.470
6.493	-10.422
6.336	-10.436
6.306	-10.438
6.277	-10.445
6.247	-10.449
POLYLINE BLACK
3.658	-3.391
3.656	-3.360
3.648	-3.307
3.659	-3.272
3.721	-3.066
3.666	-3.300
3.743	-3.064
3.756	-3.024
3.766	-2.983
3.772	-2.941
3.792	-2.804
3.813	-2.667
3.822	-2.529
3.830	-2.395
3.817	-2.298
3.803	-2.175
POLYLINE BLACK
2.721	-4.036
2.241	-4.038
2.073	-4.066
1.648	-3.994
1.506	-3.970
1.366	-3.935
1.227	-3.901
1.205	-3.895
1.183	-3.886
1.164	-3.875
1.082	-3.826
1.048	-3.787
0.978	-3.721
POLYLINE BLACK
2.964	-3.984
2.978	-3.954
2.990	-3.923
3.007	-3.894
3.058	-3.809
3.145	-3.715
3.233	-3.668
3.332	-3.615
3.444	-3.596
3.554	-3.582
POLYLINE BLACK
3.009	-3.868
3.079	-3.912
3.035	-3.886
3.145	-3.940
POLYLINE BLACK
3.146	-3.721
3.222	-3.830
POLYLINE BLACK
3.270	-3.646
3.290	-3.765
POLYLINE BLACK
3.387	-3.642
3.420	-3.728
POLYLINE BLACK
3.526	-3.589
3.552	-3.692
POLYLINE BLACK
3.652	-3.520
3.664	-3.610
POLYLINE BLACK
2.677	-3.733
2.918	-3.653
2.949	-3.654
3.216	-3.480
3.335	-3.404
3.438	-3.319
3.522	-3.210
POLYLINE BLACK
2.681	-3.560
2.757	-3.682
POLYLINE BLACK
2.873	-3.501
2.918	-3.571
2.891	-3.532
2.958	-3.616
POLYLINE BLACK
2.998	-3.470
3.049	-3.517
3.023	-3.496
3.077	-3.534
POLYLINE BLACK
3.165	-3.340
3.210	-3.404
3.183	-3.370
3.249	-3.439
POLYLINE BLACK
3.295	-3.275
3.352	-3.326
3.323	-3.303
3.382	-3.346
POLYLINE BLACK
3.372	-3.192
3.464	-3.250
POLYLINE BLACK
2.553	-3.723
2.232	-3.691
2.270	-3.705
1.890	-3.603
1.847	-3.592
1.806	-3.574
1.767	-3.554
1.629	-3.484
1.568	-3.423
1.521	-3.275
1.489	-3.176
1.454	-3.073
1.473	-2.967
1.481	-2.925
1.502	-2.884
1.526	-2.850
1.590	-2.754
1.671	-2.697
1.781	-2.655
1.920	-2.601
2.144	-2.520
2.313	-2.517
2.352	-2.516
2.485	-2.526
2.543	-2.552
2.743	-2.641
2.909	-2.828
3.073	-2.947
3.209	-3.047
3.242	-3.053
3.369	-3.100
POLYLINE BLACK
2.301	-3.622
2.363	-3.497
POLYLINE BLACK
2.023	-3.607
2.064	-3.477
POLYLINE BLACK
1.709	-3.455
1.767	-3.408
1.739	-3.435
1.793	-3.374
POLYLINE BLACK
1.479	-3.237
1.632	-3.207
1.573	-3.223
1.658	-3.198
POLYLINE BLACK
1.505	-2.948
1.572	-2.989
1.530	-2.967
1.633	-3.003
POLYLINE BLACK
1.626	-2.809
1.675	-2.871
1.648	-2.842
1.708	-2.898
POLYLINE BLACK
1.858	-2.672
1.889	-2.738
1.871	-2.705
1.911	-2.769
POLYLINE BLACK
2.106	-2.549
2.139	-2.702
POLYLINE BLACK
2.318	-2.541
2.350	-2.656
POLYLINE BLACK
2.528	-2.532
2.555	-2.761
POLYLINE BLACK
2.675	-2.685
2.696	-2.837
POLYLINE BLACK
2.910	-2.769
2.913	-2.912
POLYLINE BLACK
5.199	-1.880
4.777	-2.075
4.344	-2.250
3.933	-2.467
3.443	-2.725
3.235	-2.881
2.872	-3.141
POLYLINE BLACK
2.868	-3.005
2.842	-3.037
2.818	-3.061
2.804	-3.098
2.788	-3.137
2.777	-3.190
2.836	-3.193
2.888	-3.196
2.893	-3.195
2.940	-3.186
2.944	-3.185
2.947	-3.183
2.950	-3.182
2.979	-3.170
3.007	-3.158
3.035	-3.146
POLYLINE BLACK
5.317	-1.551
5.318	-1.575
5.319	-1.600
5.320	-1.624
5.324	-1.625
5.329	-1.629
5.332	-1.626
5.339	-1.622
5.342	-1.613
5.348	-1.606
5.391	-1.558
5.404	-1.655
5.438	-1.627
5.466	-1.603
5.486	-1.521
5.523	-1.511
5.538	-1.507
5.551	-1.526
5.556	-1.537
5.587	-1.610
5.584	-1.625
5.567	-1.698
POLYLINE BLACK
5.692	-1.589
5.732	-1.575
5.773	-1.563
5.812	-1.546
5.820	-1.543
5.880	-1.519
5.881	-1.493
5.882	-1.483
5.874	-1.475
5.868	-1.469
5.844	-1.451
5.816	-1.445
5.788	-1.457
5.754	-1.471
5.701	-1.517
5.695	-1.557
5.687	-1.613
5.734	-1.684
5.783	-1.709
5.788	-1.711
5.793	-1.713
5.799	-1.714
5.833	-1.718
5.868	-1.720
5.902	-1.724
POLYLINE BLACK
6.168	-1.513
6.141	-1.517
6.114	-1.519
6.087	-1.525
6.066	-1.531
6.022	-1.541
6.005	-1.565
5.973	-1.611
6.023	-1.695
6.074	-1.705
6.123	-1.714
6.082	-1.607
6.144	-1.637
6.177	-1.653
6.209	-1.671
6.242	-1.688
POLYLINE BLACK
6.302	-1.507
6.333	-1.496
6.282	-1.612
6.325	-1.597
6.345	-1.590
6.358	-1.569
6.378	-1.561
6.417	-1.545
6.471	-1.585
6.468	-1.628
6.466	-1.645
6.463	-1.662
6.461	-1.679
POLYLINE BLACK
6.637	-1.531
6.627	-1.554
6.616	-1.578
6.607	-1.602
6.596	-1.636
6.595	-1.681
6.612	-1.713
6.639	-1.762
6.715	-1.741
6.734	-1.696
6.747	-1.666
6.745	-1.632
6.740	-1.600
6.732	-1.559
6.690	-1.487
6.638	-1.508
6.603	-1.522
6.582	-1.571
6.564	-1.598
POLYLINE BLACK
6.822	-1.067
6.732	-1.690
6.749	-1.447
6.731	-1.793
POLYLINE BLACK
6.856	-1.643
6.883	-1.637
6.910	-1.633
6.937	-1.624
6.959	-1.618
6.997	-1.601
7.011	-1.579
7.025	-1.555
7.010	-1.509
6.977	-1.516
6.900	-1.533
6.873	-1.653
6.906	-1.714
6.907	-1.717
6.910	-1.720
6.913	-1.722
6.932	-1.737
6.952	-1.751
6.972	-1.765
POLYLINE BLACK
7.140	-1.490
7.143	-1.562
7.144	-1.635
7.149	-1.707
7.150	-1.732
7.175	-1.721
7.185	-1.712
7.239	-1.661
7.291	-1.609
7.344	-1.558
POLYLINE BLACK
3.887	-3.545
4.118	-3.637
POLYLINE BLACK
4.334	-3.643
4.484	-3.689
POLYLINE BLACK
4.923	-3.784
5.135	-3.835
POLYLINE BLACK
5.365	-3.928
5.524	-3.960
POLYLINE BLACK
5.653	-3.978
5.889	-4.069
POLYLINE BLACK
6.070	-4.159
6.321	-4.282
POLYLINE BLACK
6.392	-4.276
6.513	-4.283
6.448	-4.271
6.583	-4.321
POLYLINE BLACK
6.788	-4.354
6.946	-4.422
POLYLINE BLACK
3.923	-4.098
3.927	-4.090
POLYLINE BLACK
3.910	-4.059
4.101	-4.009
POLYLINE BLACK
4.185	-4.066
4.387	-4.104
POLYLINE BLACK
4.579	-4.162
4.689	-4.177
POLYLINE BLACK
5.009	-4.267
5.198	-4.313
5.118	-4.288
5.251	-4.335
POLYLINE BLACK
5.412	-4.404
5.590	-4.473
POLYLINE BLACK
5.739	-4.583
5.819	-4.637
5.773	-4.603
5.873	-4.691
POLYLINE BLACK
5.956	-4.769
6.082	-4.894
6.034	-4.838
6.107	-4.930
POLYLINE BLACK
6.220	-5.009
6.286	-5.144
6.255	-5.084
6.311	-5.190
POLYLINE BLACK
4.340	-3.684
4.332	-3.665
4.324	-3.646
4.317	-3.627
4.302	-3.582
4.364	-3.544
4.389	-3.526
4.408	-3.513
4.421	-3.506
4.442	-3.502
4.492	-3.494
4.530	-3.547
4.533	-3.591
4.535	-3.622
4.528	-3.656
4.511	-3.683
4.495	-3.709
4.478	-3.733
4.460	-3.757
4.452	-3.768
4.441	-3.778
4.434	-3.789
4.414	-3.817
4.393	-3.868
4.418	-3.898
4.421	-3.903
4.433	-3.913
4.438	-3.914
4.442	-3.915
4.446	-3.913
4.450	-3.912
4.471	-3.906
4.492	-3.900
4.513	-3.894
POLYLINE BLACK
4.409	-4.029
4.410	-4.063
POLYLINE BLACK
4.324	-3.666
4.330	-3.643
4.334	-3.619
4.341	-3.596
4.350	-3.568
4.376	-3.533
4.406	-3.525
4.450	-3.512
4.488	-3.573
4.486	-3.611
4.482	-3.676
4.450	-3.716
4.422	-3.776
4.415	-3.791
4.410	-3.808
4.410	-3.825
4.410	-3.835
4.413	-3.851
4.418	-3.860
4.422	-3.867
4.432	-3.889
4.434	-3.881
4.436	-3.866
4.424	-3.852
4.421	-3.837
4.419	-3.831
4.419	-3.825
4.419	-3.819
4.419	-3.765
4.484	-3.683
4.501	-3.653
4.533	-3.592
4.500	-3.512
4.430	-3.501
4.428	-3.500
4.426	-3.506
4.428	-3.509
4.473	-3.566
4.437	-3.497
4.472	-3.554
4.490	-3.584
4.502	-3.619
4.491	-3.653
4.471	-3.715
4.416	-3.799
4.458	-3.867
4.460	-3.870
4.463	-3.873
4.466	-3.876
4.488	-3.899
4.512	-3.920
4.535	-3.942
POLYLINE BLACK
4.366	-4.124
4.367	-4.054
POLYLINE BLACK
3.648	-3.648
3.661	-3.758
3.653	-3.742
3.708	-3.868
3.723	-3.902
3.750	-3.944
3.779	-3.970
3.824	-4.011
3.849	-4.021
3.904	-4.053
POLYLINE BLACK
3.830	-3.999
3.907	-3.931
POLYLINE BLACK
3.748	-3.884
3.806	-3.867
3.774	-3.879
3.841	-3.843
POLYLINE BLACK
3.685	-3.740
3.739	-3.720
3.710	-3.733
3.771	-3.698
POLYLINE BLACK
3.634	-3.586
3.746	-3.604
POLYLINE BLACK
6.378	-8.008
6.559	-8.112
6.515	-8.102
6.682	-8.156
6.692	-8.159
6.703	-8.162
6.714	-8.163
6.742	-8.163
6.771	-8.160
6.799	-8.158
POLYLINE BLACK
6.846	-8.122
6.908	-8.120
6.963	-8.127
7.021	-8.109
7.041	-8.102
7.060	-8.093
7.080	-8.085
POLYLINE BLACK
7.346	-8.055
7.541	-8.041
7.737	-8.019
7.933	-8.014
8.014	-8.012
8.095	-8.024
8.176	-8.033
8.349	-8.052
8.521	-8.077
8.694	-8.099
POLYLINE BLACK
7.000	-8.098
7.342	-8.050
7.823	-7.979
8.141	-7.949
8.230	-7.941
8.392	-7.947
8.483	-7.980
8.605	-8.025
8.772	-8.107
8.875	-8.199
9.155	-8.450
9.191	-8.525
9.428	-8.829
POLYLINE BLACK
9.371	-8.755
9.890	-9.348
9.875	-9.271
10.295	-10.058
10.385	-10.227
10.536	-10.542
10.571	-10.779
10.580	-10.845
10.593	-10.913
10.585	-10.979
10.541	-11.321
10.499	-11.377
10.381	-11.659
POLYLINE BLACK
10.344	-11.630
10.337	-11.640
POLYLINE BLACK
10.352	-11.614
10.257	-11.799
10.252	-11.829
10.113	-12.001
10.093	-12.025
10.066	-12.042
10.043	-12.062
POLYLINE BLACK
6.878	-11.637
6.792	-11.555
6.693	-11.502
6.617	-11.405
6.457	-11.204
6.393	-11.088
6.310	-10.848
6.278	-10.756
6.180	-10.296
6.051	-10.086
6.031	-10.053
6.007	-10.022
5.985	-9.990
POLYLINE BLACK
5.993	-10.018
5.850	-9.490
5.712	-8.960
5.564	-8.433
5.489	-8.165
5.501	-8.198
5.420	-8.039
POLYLINE BLACK
10.563	-10.924
10.481	-11.194
10.430	-11.515
10.273	-11.767
10.254	-11.797
10.231	-11.824
10.207	-11.849
10.091	-11.970
10.025	-12.036
9.881	-12.113
9.729	-12.194
9.288	-12.259
9.252	-12.265
8.995	-12.304
8.780	-12.317
8.528	-12.299
8.502	-12.297
8.476	-12.291
8.451	-12.282
8.269	-12.215
8.091	-12.137
7.908	-12.071
7.857	-12.053
7.803	-12.045
7.750	-12.032
7.290	-11.912
7.855	-12.055
7.365	-11.932
POLYLINE BLACK
7.360	-11.945
7.305	-11.941
7.249	-11.946
7.196	-11.933
6.904	-11.864
6.860	-11.790
6.629	-11.575
6.618	-11.564
6.608	-11.551
6.600	-11.537
6.581	-11.504
6.566	-11.469
6.549	-11.435
POLYLINE BLACK
5.549	-8.286
5.635	-8.623
5.711	-8.963
5.808	-9.298
5.951	-9.791
6.106	-10.280
6.268	-10.768
6.302	-10.868
6.338	-10.968
6.393	-11.058
6.518	-11.259
6.662	-11.448
6.805	-11.636
6.837	-11.677
6.981	-11.806
7.030	-11.836
7.212	-11.947
7.496	-11.983
7.670	-12.036
7.810	-12.078
7.943	-12.143
8.084	-12.179
8.255	-12.222
8.524	-12.190
8.684	-12.197
8.899	-12.207
9.113	-12.233
9.328	-12.247
9.344	-12.248
9.361	-12.245
9.377	-12.241
9.481	-12.216
9.587	-12.193
9.689	-12.159
9.749	-12.139
9.804	-12.109
9.860	-12.079
9.992	-12.007
10.110	-11.938
10.217	-11.834
10.252	-11.800
10.285	-11.763
10.312	-11.722
10.402	-11.585
10.480	-11.390
10.516	-11.237
10.569	-11.009
10.587	-10.882
10.567	-10.675
10.564	-10.654
10.560	-10.633
10.552	-10.613
10.520	-10.526
10.492	-10.436
10.447	-10.355
10.320	-10.126
10.170	-9.911
10.037	-9.686
9.967	-9.566
9.909	-9.440
9.839	-9.321
9.816	-9.283
9.786	-9.250
9.758	-9.216
9.479	-8.880
9.201	-8.543
8.916	-8.211
8.831	-8.111
8.607	-8.047
8.511	-8.021
8.371	-7.982
8.244	-7.986
8.099	-7.998
7.946	-8.011
7.793	-8.034
7.640	-8.047
7.515	-8.058
7.389	-8.058
7.264	-8.072
7.070	-8.093
6.878	-8.128
6.685	-8.152
6.674	-8.154
6.662	-8.152
6.651	-8.150
6.629	-8.145
6.608	-8.137
6.587	-8.131
POLYLINE BLACK
6.336	-7.891
6.370	-7.964
6.403	-8.038
6.437	-8.112
6.459	-8.148
6.490	-8.179
6.505	-8.219
6.646	-8.599
6.565	-8.640
6.771	-8.846
POLYLINE BLACK
5.536	-8.244
5.574	-8.349
5.616	-8.452
5.650	-8.558
5.701	-8.720
5.682	-8.809
5.709	-8.993
5.721	-9.074
5.752	-9.154
5.792	-9.226
5.832	-9.296
5.865	-9.320
5.926	-9.379
6.052	-9.500
5.995	-9.436
6.069	-9.525
POLYLINE BLACK
7.974	-12.067
7.980	-12.070
POLYLINE BLACK
7.928	-12.069
7.933	-12.076
POLYLINE BLACK
8.194	-12.140
8.205	-12.129
POLYLINE BLACK
8.070	-12.113
8.071	-12.121
POLYLINE BLACK
7.974	-12.087
8.383	-12.085
7.762	-12.097
8.385	-12.034
8.891	-11.982
8.406	-12.169
9.158	-11.868
9.363	-11.786
9.543	-11.585
9.702	-11.454
9.858	-11.325
10.025	-11.208
10.178	-11.074
10.228	-11.030
10.269	-10.976
10.309	-10.923
10.393	-10.812
10.430	-10.643
10.456	-10.516
10.460	-10.494
10.456	-10.471
10.456	-10.448
POLYLINE GREEN
8.380	-8.701
8.371	-8.688
POLYLINE GREEN
6.349	-7.959
6.349	-7.961
POLYLINE GREEN
8.560	-7.902
8.499	-8.104
8.430	-8.305
8.376	-8.509
8.360	-8.567
8.333	-8.748
8.350	-8.689
8.424	-8.431
8.483	-8.169
8.549	-7.909
POLYLINE GREEN
6.377	-7.910
6.378	-7.877
6.381	-7.843
6.381	-7.809
6.381	-7.793
6.379	-7.777
6.374	-7.762
6.304	-7.541
6.218	-7.326
6.155	-7.103
6.095	-6.891
6.043	-6.675
6.004	-6.458
5.989	-6.374
5.986	-6.287
5.993	-6.202
6.003	-6.073
6.023	-5.943
6.057	-5.818
6.106	-5.634
6.212	-5.424
6.319	-5.265
6.378	-5.176
6.460	-5.135
6.535	-5.059
6.720	-4.873
6.741	-4.802
6.917	-4.680
6.968	-4.644
7.072	-4.563
7.154	-4.557
7.253	-4.549
7.373	-4.619
7.444	-4.656
7.496	-4.683
7.546	-4.714
7.592	-4.750
7.715	-4.847
7.830	-5.003
7.913	-5.126
8.008	-5.266
8.098	-5.409
8.183	-5.555
8.267	-5.700
8.347	-6.102
8.356	-6.161
8.375	-6.270
8.361	-6.382
8.374	-6.492
8.389	-6.623
8.443	-6.752
8.496	-6.870
8.557	-7.006
8.564	-6.963
8.596	-7.108
8.628	-7.257
8.612	-7.453
8.603	-7.588
8.597	-7.692
8.583	-7.797
8.571	-7.901
8.569	-7.915
8.558	-7.930
8.548	-7.939
8.545	-7.941
8.542	-7.942
8.539	-7.944
8.511	-7.954
8.483	-7.963
8.454	-7.973
POLYLINE GREEN
8.235	-10.477
8.269	-10.571
8.234	-10.482
8.340	-10.658
8.366	-10.701
8.389	-10.746
8.415	-10.789
8.495	-10.919
8.423	-10.781
8.512	-10.931
8.522	-10.947
8.529	-10.965
8.537	-10.983
8.565	-11.049
8.561	-11.041
8.575	-11.100
POLYLINE GREEN
8.506	-10.917
8.533	-10.928
8.547	-10.937
8.573	-10.939
8.651	-10.947
8.720	-10.892
8.775	-10.845
POLYLINE RED
8.188	-12.218
8.302	-12.254
8.416	-12.290
8.530	-12.325
8.534	-12.326
8.546	-12.329
8.542	-12.328
8.522	-12.324
8.501	-12.322
8.481	-12.315
8.410	-12.289
8.197	-12.251
8.270	-12.230
8.368	-12.202
8.650	-12.355
8.571	-12.290
8.468	-12.268
8.366	-12.246
8.263	-12.224
8.261	-12.224
8.260	-12.224
8.259	-12.224
8.258	-12.224
8.258	-12.225
8.258	-12.225
8.259	-12.226
8.260	-12.227
8.261	-12.227
8.360	-12.266
8.460	-12.305
8.559	-12.343
POLYLINE RED
8.121	-12.302
7.528	-12.601
8.015	-12.374
6.892	-12.734
6.861	-12.743
6.834	-12.760
6.805	-12.773
POLYLINE RED
7.931	-12.290
7.852	-12.432
8.172	-12.266
8.115	-12.368
8.104	-12.387
8.093	-12.406
8.081	-12.424
8.078	-12.429
8.075	-12.435
8.070	-12.437
8.067	-12.439
8.073	-12.431
8.075	-12.427
8.093	-12.397
8.112	-12.367
8.129	-12.337
8.132	-12.332
8.139	-12.319
8.137	-12.311
8.135	-12.303
8.126	-12.300
8.119	-12.299
8.071	-12.289
8.005	-12.310
7.975	-12.272
7.947	-12.236
8.065	-12.281
8.110	-12.286
8.141	-12.290
8.142	-12.341
8.130	-12.360
8.122	-12.375
8.111	-12.389
8.102	-12.403
POLYLINE RED
5.194	-12.547
5.182	-12.562
5.167	-12.577
5.156	-12.594
5.113	-12.655
5.122	-12.715
5.174	-12.764
5.192	-12.781
5.216	-12.794
5.241	-12.792
5.305	-12.790
5.323	-12.711
5.285	-12.666
5.271	-12.650
5.256	-12.639
5.237	-12.629
5.206	-12.612
5.126	-12.588
5.107	-12.635
5.097	-12.660
5.115	-12.700
5.120	-12.718
POLYLINE RED
5.340	-12.350
5.341	-12.377
5.326	-12.626
5.351	-12.744
5.365	-12.812
5.421	-12.751
5.438	-12.721
5.450	-12.698
5.456	-12.668
5.463	-12.644
POLYLINE RED
5.433	-12.688
5.475	-12.800
POLYLINE RED
5.508	-12.639
5.521	-12.793
POLYLINE RED
5.549	-12.499
5.543	-12.518
POLYLINE RED
5.612	-12.706
5.622	-12.699
5.630	-12.691
5.641	-12.686
5.647	-12.683
5.630	-12.695
5.625	-12.700
5.622	-12.703
5.619	-12.706
5.617	-12.710
5.609	-12.723
5.607	-12.740
5.613	-12.754
5.614	-12.758
5.616	-12.762
5.619	-12.765
5.636	-12.783
5.653	-12.801
5.671	-12.819
POLYLINE RED
5.761	-12.640
5.764	-12.692
5.761	-12.745
5.770	-12.796
5.770	-12.798
5.787	-12.745
5.790	-12.739
5.810	-12.694
5.879	-12.720
5.888	-12.760
5.894	-12.785
5.882	-12.842
5.881	-12.846
POLYLINE RED
5.945	-12.434
5.948	-12.543
5.949	-12.651
5.955	-12.760
5.956	-12.781
5.966	-12.836
5.997	-12.805
6.044	-12.756
6.065	-12.692
6.082	-12.628
POLYLINE RED
6.013	-12.707
6.092	-12.860
POLYLINE RED
6.157	-12.655
6.149	-12.683
6.140	-12.711
6.133	-12.739
6.127	-12.768
6.128	-12.810
6.148	-12.834
6.173	-12.866
6.230	-12.852
6.251	-12.821
6.277	-12.781
6.300	-12.686
6.226	-12.681
6.222	-12.681
6.218	-12.683
6.215	-12.685
6.192	-12.703
6.171	-12.723
6.149	-12.742
POLYLINE RED
5.616	-12.692
5.638	-12.739
5.644	-12.720
5.605	-12.751

ELEVATION
STATIONS
0.000	0.000	0
-0.249	-7.880	1
3.104	-16.904	2
4.538	-20.575	3
5.829	-23.500	4
6.731	-35.282	5
6.163	-62.512	6
8.336	-62.981	7
8.235	-63.358	8
6.504	-63.689	9
SHOTS
0.000	0.000	-0.249	-7.880
-0.249	-7.880	3.104	-16.904
3.104	-16.904	3.889	-17.078
3.104	-16.904	4.288	-16.807
3.104	-16.904	4.069	-16.898
3.104	-16.904	3.331	-16.921
3.104	-16.904	3.668	-16.926
3.104	-16.904	3.342	-16.967
3.104	-16.904	3.264	-18.478
3.104	-16.904	4.538	-20.575
4.538	-20.575	4.191	-21.430
4.538	-20.575	3.749	-20.558
4.538	-20.575	4.344	-24.024
4.538	-20.575	3.894	-21.474
4.538	-20.575	5.284	-15.204
4.538	-20.575	6.153	-17.175
4.538	-20.575	4.635	-17.360
4.538	-20.575	8.427	-21.153
4.538	-20.575	5.356	-23.610
4.538	-20.575	6.322	-24.223
4.538	-20.575	5.513	-29.713
4.538	-20.575	4.968	-24.184
4.538	-20.575	9.695	-51.168
4.538	-20.575	4.578	-23.951
4.538	-20.575	8.998	-22.688
4.538	-20.575	5.829	-23.500
5.829	-23.500	5.089	-23.504
5.829	-23.500	6.731	-35.282
6.731	-35.282	7.640	-47.116
6.731	-35.282	7.642	-47.149
6.731	-35.282	9.080	-35.388
6.731	-35.282	10.617	-35.250
6.731	-35.282	10.120	-35.135
6.731	-35.282	6.132	-35.249
6.731	-35.282	6.990	-35.653
6.731	-35.282	6.083	-62.179
6.731	-35.282	6.053	-63.611
6.731	-35.282	6.094	-62.593
6.731	-35.282	6.099	-62.154
6.731	-35.282	6.095	-62.584
6.731	-35.282	6.166	-64.161
6.731	-35.282	6.163	-62.512
6.163	-62.512	8.326	-62.264
6.163	-62.512	7.120	-61.814
6.163	-62.512	8.254	-62.177
6.163	-62.512	6.047	-62.309
6.163	-62.512	5.924	-54.921
6.163	-62.512	6.099	-64.027
6.163	-62.512	7.684	-64.500
6.163	-62.512	8.336	-62.981
8.336	-62.981	8.232	-63.591
8.336	-62.981	7.726	-63.000
8.336	-62.981	8.196	-64.605
8.336	-62.981	8.065	-62.306
8.336	-62.981	8.235	-63.358
8.235	-63.358	8.603	-63.352
8.235	-63.358	8.851	-62.356
8.235	-63.358	8.522	-63.566
8.235	-63.358	7.912	-63.461
8.235	-63.358	6.504	-63.689
6.504	-63.689	6.273	-63.822
POLYLINE BLACK
3.233	-18.385
3.282	-18.452
3.347	-18.511
3.380	-18.587
3.458	-18.767
3.521	-18.955
3.563	-19.146
3.759	-20.031
3.750	-19.981
3.774	-20.503
POLYLINE BLACK
3.808	-20.485
3.823	-20.533
POLYLINE BLACK
3.768	-20.530
3.788	-20.604
3.813	-20.677
3.828	-20.752
3.871	-20.955
3.902	-21.160
3.942	-21.364
3.946	-21.380
3.962	-21.404
3.974	-21.415
4.077	-21.520
4.195	-21.400
4.280	-21.543
4.290	-21.560
4.301	-21.577
4.305	-21.597
4.449	-22.319
4.472	-22.520
4.478	-23.345
4.432	-23.911
4.434	-23.690
4.437	-24.005
POLYLINE BLACK
5.085	-14.832
5.120	-14.885
5.160	-14.935
5.188	-14.993
5.642	-15.931
5.060	-14.782
5.346	-15.434
5.513	-15.815
5.801	-16.536
6.092	-16.993
6.123	-17.042
6.198	-17.096
6.240	-17.127
6.381	-17.228
6.523	-17.326
6.664	-17.425
POLYLINE BLACK
4.359	-23.992
4.396	-23.952
4.430	-23.908
4.484	-23.893
4.535	-23.879
4.607	-23.889
4.653	-23.910
4.943	-24.041
4.887	-24.008
5.054	-24.141
POLYLINE BLACK
5.074	-24.114
5.077	-24.101
POLYLINE BLACK
5.071	-24.078
5.274	-25.850
4.778	-21.680
5.463	-25.907
5.587	-26.672
5.651	-27.446
5.722	-28.218
5.737	-28.387
5.693	-28.560
5.722	-28.727
5.871	-29.570
6.105	-30.396
6.254	-31.239
6.357	-31.821
6.410	-32.410
6.480	-32.997
6.624	-34.214
6.612	-34.201
6.688	-35.292

