TRIP
DATE 2025-08-15
DECLINATION 0.0
DATA
0		40.62	3.98	0.461	>
0		132.29	84.77	0.840	>
0		124.11	2.76	1.301	>
0		151.63	-70.60	1.355	>
0		289.23	-12.64	0.711	>
0		217.49	-6.43	1.628	>
0		217.40	-6.82	1.610	>
0		217.52	-6.68	1.618	>
0	1	217.47	-6.64	1.619	>
1		220.85	72.31	0.561	>
1		204.11	17.48	0.659	>
1		323.67	-29.32	0.366	>
1		270.56	-40.89	3.811	>
1		270.58	-40.97	3.813	>
1		270.62	-40.90	3.797	>
1	2	270.59	-40.92	3.807	>
2		177.90	-73.24	0.459	>
2		121.25	2.63	0.598	>
2		199.97	-5.61	4.043	>
2		200.06	-5.40	4.049	>
2		199.97	-5.52	4.043	>
2	3	200.00	-5.51	4.045	>
3		26.51	-75.82	1.072	>
3		338.07	73.71	1.034	>
3		284.47	-2.61	1.250	>
3		125.09	49.51	3.089	>
3		291.37	-35.46	2.346	>
3		291.25	-35.56	2.327	>
3		291.36	-35.51	2.350	>
3	4	291.33	-35.51	2.341	>
4		25.94	-4.35	0.679	>
4		49.40	71.76	1.858	>
4		303.06	-83.67	1.051	>
4		319.14	-10.48	2.777	>
4		319.45	-9.66	2.784	>
4		319.41	-9.69	2.782	>
4	5	319.33	-9.94	2.781	>
5		103.02	-74.42	0.780	>
5		348.31	68.53	0.838	>
5		93.91	17.52	0.886	>
5		41.87	3.35	2.781	>
5		41.86	3.24	2.771	>
5		41.84	3.32	2.769	>
5	6	41.86	3.30	2.774	>
6		259.59	3.70	0.506	>
6		312.89	77.04	0.813	>
6		267.91	4.05	0.526	>
6		257.71	-63.23	0.921	>
6		328.52	-8.01	2.621	>
6		328.50	-8.06	2.617	>
6		328.39	-8.23	2.618	>
6	7	328.47	-8.10	2.619	>
7		83.28	8.55	2.002	>
7		54.06	-77.37	1.239	>
7		25.19	-3.21	6.288	>
7		24.94	-3.25	6.290	>
7		24.84	-3.33	6.289	>
7	8	24.99	-3.26	6.289	>
8		199.12	-75.54	0.991	>
8		16.94	-18.52	2.060	>
8		68.73	-4.36	2.924	>
8		110.07	0.27	3.929	>
8		153.96	6.36	1.558	>
8		83.36	10.21	7.716	>
8		83.46	10.24	7.718	>
8		83.47	10.28	7.715	>
8		291.37	-27.29	4.145	>
8		291.45	-27.32	4.145	>
8		291.53	-27.36	4.148	>
8	9	83.43	10.24	7.716	>
9		202.32	-5.81	2.449	>
9		158.87	-0.43	2.674	>
9		187.73	-83.29	1.590	>
9		233.96	66.31	13.799	>
8	8.1	291.45	-27.32	4.146	>
8.1		339.85	-7.38	1.059	>
8.1		32.21	-46.91	0.131	>
8.1		3.44	64.34	0.380	>
8.1		38.72	2.11	7.070	>
8.1		38.85	2.14	7.075	>
8.1		38.84	2.10	7.072	>
8.1	8.2	38.80	2.12	7.072	>
8.2		233.48	-60.89	0.532	>
8.2		234.11	-60.55	0.528	>
8.2		233.84	-60.70	0.530	>
8.2		141.98	23.02	5.766	>
8.2		141.85	22.94	5.762	>
8.2		141.73	22.95	5.730	>
8.2	8.3	233.81	-60.71	0.530	>
8.2	8.2.1	141.85	22.97	5.753	>
8.2.1		268.95	2.97	0.474	>
8.2.1		291.22	65.37	0.714	>
8.2.1		260.41	-69.90	0.201	>
8.2.1		223.01	9.16	1.210	>
8.2.1		223.04	9.25	1.198	>
8.2.1		223.07	9.11	1.214	>
8.2.1	8.2.2	223.04	9.17	1.207	>
8.2.2		246.16	-77.89	0.646	>
8.2.2		310.74	-14.46	0.212	>
8.2.2		119.88	-33.80	0.264	>
8.2.2		240.42	-11.09	3.809	>
8.2.2		240.62	-11.10	3.804	>
8.2.2		240.84	-11.09	3.820	>
8.2.2	8.2.3	240.63	-11.09	3.811	>

PLAN
STATIONS
0.000	0.000	0
-0.978	-1.276	1
-3.855	-1.247	2
-5.232	-5.030	3
-7.007	-4.337	4
-8.792	-2.259	5
-6.944	-0.197	6
-8.300	2.013	7
-5.647	7.704	8
1.896	8.573	9
-9.076	9.051	8.1
-4.647	14.559	8.2
-4.856	14.406	8.3
-1.375	10.393	8.2.1
-2.189	9.522	8.2.2
-5.448	7.688	8.2.3
SHOTS
0.000	0.000	0.299	0.349
0.000	0.000	0.057	-0.052
0.000	0.000	1.076	-0.729
0.000	0.000	0.214	-0.396
0.000	0.000	-0.655	0.228
0.000	0.000	-0.978	-1.276
-0.978	-1.276	-1.090	-1.405
-0.978	-1.276	-1.235	-1.850
-0.978	-1.276	-1.167	-1.019
-0.978	-1.276	-3.855	-1.247
-3.855	-1.247	-3.850	-1.379
-3.855	-1.247	-3.344	-1.557
-3.855	-1.247	-5.232	-5.030
-5.232	-5.030	-5.114	-4.795
-5.232	-5.030	-5.340	-4.761
-5.232	-5.030	-6.441	-4.718
-5.232	-5.030	-3.590	-6.183
-5.232	-5.030	-7.007	-4.337
-7.007	-4.337	-6.711	-3.728
-7.007	-4.337	-6.565	-3.959
-7.007	-4.337	-7.104	-4.274
-7.007	-4.337	-8.792	-2.259
-8.792	-2.259	-8.588	-2.307
-8.792	-2.259	-8.854	-1.959
-8.792	-2.259	-7.949	-2.317
-8.792	-2.259	-6.944	-0.197
-6.944	-0.197	-7.441	-0.288
-6.944	-0.197	-7.078	-0.073
-6.944	-0.197	-7.468	-0.216
-6.944	-0.197	-7.349	-0.285
-6.944	-0.197	-8.300	2.013
-8.300	2.013	-6.334	2.245
-8.300	2.013	-8.080	2.172
-8.300	2.013	-5.647	7.704
-5.647	7.704	-5.728	7.470
-5.647	7.704	-5.078	9.573
-5.647	7.704	-2.930	8.762
-5.647	7.704	-1.957	6.356
-5.647	7.704	-4.968	6.313
-5.647	7.704	1.896	8.573
1.896	8.573	0.971	6.319
1.896	8.573	2.860	6.079
1.896	8.573	1.871	8.389
1.896	8.573	-2.587	5.312
-5.647	7.704	-9.076	9.051
-9.076	9.051	-9.437	10.037
-9.076	9.051	-9.028	9.127
-9.076	9.051	-9.066	9.215
-9.076	9.051	-4.647	14.559
-4.647	14.559	-4.856	14.406
-4.647	14.559	-1.375	10.393
-1.375	10.393	-1.849	10.385
-1.375	10.393	-1.653	10.501
-1.375	10.393	-1.443	10.382
-1.375	10.393	-2.189	9.522
-2.189	9.522	-2.313	9.468
-2.189	9.522	-2.344	9.656
-2.189	9.522	-1.999	9.413
-2.189	9.522	-5.448	7.688
POLYLINE BLACK
-0.772	-1.486
-0.571	-1.213
-0.463	-1.061
-0.137	-0.962
0.052	-0.904
0.297	-0.925
0.473	-0.912
0.622	-0.900
0.780	-0.892
0.906	-0.803
0.953	-0.769
0.998	-0.729
1.031	-0.681
1.126	-0.546
1.151	-0.329
1.068	-0.182
1.044	-0.141
0.995	-0.095
0.962	-0.070
0.804	0.050
0.703	0.052
0.494	0.165
0.416	0.207
0.349	0.271
0.271	0.315
0.219	0.344
0.098	0.388
0.027	0.396
-0.220	0.423
-0.407	0.297
-0.638	0.197
-0.662	0.186
-0.707	0.146
-0.721	0.126
-0.776	0.043
-0.832	-0.040
-0.888	-0.123
-0.912	-0.165
-0.932	-0.208
-0.959	-0.247
-1.006	-0.316
-1.063	-0.378
-1.110	-0.447
-1.148	-0.504
-1.196	-0.641
-1.222	-0.692
-1.277	-0.798
-1.335	-0.833
-1.414	-0.935
-1.425	-0.948
-1.429	-0.966
-1.437	-0.982
POLYLINE BLACK
-1.251	-0.817
-0.951	-0.843
-0.928	-0.850
-0.662	-1.007
-0.642	-1.019
-0.624	-1.035
-0.609	-1.053
-0.575	-1.091
-0.545	-1.134
-0.514	-1.175
POLYLINE BLACK
-1.258	-0.994
-1.144	-0.832
POLYLINE BLACK
-1.115	-0.965
-1.022	-0.830
POLYLINE BLACK
-0.964	-1.022
-0.854	-0.872
POLYLINE BLACK
-0.817	-1.273
-0.726	-1.170
-0.775	-1.230
-0.674	-1.090
POLYLINE BLACK
-0.650	-1.196
-0.552	-1.169
POLYLINE BLACK
-0.545	-0.384
-0.508	-0.351
-0.473	-0.316
-0.435	-0.285
-0.376	-0.238
-0.284	-0.252
-0.244	-0.316
-0.199	-0.389
-0.205	-0.451
-0.111	-0.487
0.083	-0.561
0.320	-0.417
0.481	-0.362
POLYLINE BLACK
-4.136	-1.151
-3.937	-1.165
-3.929	-1.178
-3.702	-1.121
-3.406	-1.048
-3.410	-0.994
-3.178	-0.989
-3.070	-0.987
-3.031	-0.997
-2.933	-1.028
-2.884	-1.043
-2.838	-1.067
-2.788	-1.078
-2.606	-1.117
-2.258	-1.110
-2.125	-1.097
-1.075	-0.993
-1.684	-0.978
-1.364	-0.988
POLYLINE BLACK
-0.925	-1.499
-0.957	-1.523
-0.988	-1.549
-1.022	-1.571
-1.039	-1.582
-1.057	-1.590
-1.076	-1.597
-1.236	-1.656
-1.395	-1.719
-1.558	-1.769
-1.587	-1.777
-1.856	-1.857
-1.967	-1.847
-2.164	-1.828
-2.358	-1.784
-2.555	-1.779
-2.701	-1.775
-2.846	-1.811
-2.992	-1.820
-3.096	-1.827
-3.201	-1.824
-3.305	-1.828
-3.425	-1.832
-3.545	-1.840
-3.664	-1.845
POLYLINE BLACK
-3.568	-1.825
-3.644	-1.992
-3.747	-2.153
-3.744	-2.341
-3.741	-2.549
-3.603	-2.794
-3.519	-2.979
POLYLINE BLACK
-3.612	-2.907
-3.499	-2.999
-3.365	-3.079
-3.212	-3.064
-3.150	-3.057
-3.088	-3.041
-3.027	-3.029
POLYLINE BLACK
-2.724	-3.322
-2.915	-3.398
-3.103	-3.484
-3.299	-3.550
-3.369	-3.573
-3.444	-3.576
-3.517	-3.589
-3.530	-3.591
-3.544	-3.588
-3.555	-3.594
-3.595	-3.614
-3.631	-3.642
-3.669	-3.667
POLYLINE BLACK
-3.563	-3.680
-3.656	-3.767
-3.750	-3.857
-3.790	-3.981
-3.820	-4.073
-3.825	-4.174
-3.800	-4.268
-3.752	-4.446
-3.731	-4.569
-3.580	-4.671
-3.444	-4.765
-3.285	-4.761
-3.126	-4.759
POLYLINE BLACK
-2.998	-5.540
-3.234	-5.629
-3.479	-5.529
-3.718	-5.576
-3.727	-5.577
-3.735	-5.581
-3.743	-5.585
-3.784	-5.607
-3.823	-5.631
-3.864	-5.654
POLYLINE BLACK
-3.774	-5.626
-3.652	-5.759
-3.537	-5.912
-3.485	-6.088
-3.455	-6.187
-3.504	-6.336
-3.525	-6.416
-3.533	-6.445
-3.548	-6.472
-3.560	-6.499
-3.595	-6.572
-3.628	-6.671
-3.691	-6.735
-3.717	-6.762
-3.777	-6.797
-3.801	-6.812
POLYLINE BLACK
-4.916	-2.832
-4.875	-2.743
-4.843	-2.568
-4.720	-2.544
-4.709	-2.542
-4.698	-2.542
-4.688	-2.541
-4.637	-2.541
-4.586	-2.548
-4.535	-2.544
-4.083	-2.506
-4.532	-2.506
-4.141	-2.515
POLYLINE BLACK
-5.577	-5.266
-5.500	-5.154
-5.425	-5.041
-5.346	-4.931
-5.295	-4.858
-5.244	-4.927
-5.224	-4.981
-5.203	-5.037
-5.185	-5.094
-5.168	-5.151
-5.162	-5.171
-5.160	-5.192
-5.154	-5.212
-5.140	-5.264
-5.083	-5.289
-5.034	-5.291
-4.980	-5.294
-4.930	-5.273
-4.885	-5.246
-4.366	-4.935
-4.621	-5.065
-4.367	-4.939
POLYLINE BLACK
-3.797	-6.805
-4.141	-6.852
-4.408	-6.757
-4.715	-6.620
-4.795	-6.585
-4.867	-6.534
-4.947	-6.501
-5.030	-6.468
-5.201	-6.445
-5.291	-6.375
-5.416	-6.272
-5.541	-6.170
-5.665	-6.067
-5.713	-6.022
-5.758	-5.974
-5.809	-5.932
-5.957	-5.812
-6.114	-5.703
-6.263	-5.584
-6.312	-5.545
-6.355	-5.499
-6.402	-5.457
-6.430	-5.433
-6.460	-5.412
-6.486	-5.387
-6.525	-5.350
-6.557	-5.307
-6.596	-5.272
-6.676	-5.201
-6.765	-5.141
-6.845	-5.070
-6.991	-4.940
-6.994	-4.806
-7.066	-4.638
-7.087	-4.590
-7.104	-4.537
-7.138	-4.496
-7.165	-4.463
-7.209	-4.449
-7.245	-4.425
POLYLINE BLACK
-6.985	-2.881
-6.943	-2.924
-6.899	-2.965
-6.859	-3.011
-6.808	-3.069
-6.778	-3.143
-6.766	-3.219
-6.754	-3.299
-6.771	-3.307
-6.768	-3.397
-6.766	-3.488
-6.732	-3.574
-6.652	-3.622
-6.477	-3.726
-6.308	-3.574
-6.170	-3.477
-6.136	-3.453
-6.105	-3.424
-6.077	-3.393
-5.907	-3.201
-5.732	-3.012
-5.577	-2.808
-5.499	-2.705
-5.461	-2.574
-5.380	-2.474
-4.902	-1.879
-4.940	-1.994
-4.515	-1.596
-4.458	-1.544
-4.413	-1.481
-4.354	-1.432
-4.231	-1.329
-4.098	-1.237
-3.971	-1.140
POLYLINE BLACK
-7.163	-4.410
-7.216	-4.365
-7.268	-4.320
-7.321	-4.275
-7.487	-4.147
-7.662	-4.032
-7.817	-3.891
-7.943	-3.777
-8.038	-3.633
-8.160	-3.515
-8.236	-3.442
-8.334	-3.393
-8.410	-3.321
-8.527	-3.211
-8.624	-3.102
-8.696	-2.964
-8.750	-2.862
-8.688	-2.665
-8.678	-2.578
-8.667	-2.481
-8.733	-2.352
-8.797	-2.284
-8.832	-2.246
-8.872	-2.214
-8.909	-2.179
POLYLINE BLACK
-6.900	-3.031
-6.962	-2.980
-7.023	-2.930
-7.084	-2.879
-7.227	-2.759
-7.367	-2.636
-7.513	-2.519
-7.534	-2.502
-7.559	-2.491
-7.583	-2.480
-7.725	-2.417
-7.857	-2.412
-7.874	-2.240
-7.883	-2.146
-7.853	-2.046
-7.796	-1.972
-7.742	-1.903
-7.769	-1.968
-7.688	-1.877
-6.515	-0.564
-7.862	-2.009
-7.158	-1.299
-7.095	-1.235
-7.070	-1.134
-7.038	-1.059
-7.020	-1.016
-7.004	-0.972
-6.984	-0.930
-6.953	-0.863
-6.880	-0.753
-6.871	-0.664
-6.836	-0.328
-6.841	-0.358
-6.855	-0.107
POLYLINE BLACK
-8.736	-2.206
-8.870	-2.149
-8.890	-2.138
-8.864	-1.984
-8.845	-1.876
-8.831	-1.767
-8.797	-1.663
-8.674	-1.287
-8.629	-1.207
-8.375	-0.958
-8.356	-0.939
-8.334	-0.924
-8.310	-0.912
-8.219	-0.861
-8.124	-0.819
-8.033	-0.768
-7.977	-0.737
-7.928	-0.696
-7.872	-0.667
-7.763	-0.609
-7.648	-0.563
-7.538	-0.507
-7.518	-0.497
-7.447	-0.446
-7.459	-0.414
-7.475	-0.375
-7.499	-0.341
-7.518	-0.305
POLYLINE BLACK
-7.480	-0.401
-8.130	0.708
-7.555	-0.184
-8.284	0.739
-8.338	0.807
-8.388	0.880
-8.422	0.959
-8.466	1.059
-8.489	1.168
-8.516	1.274
-8.559	1.439
-8.529	1.545
-8.494	1.734
-8.486	1.780
-8.451	1.905
-8.416	1.966
-8.389	2.012
-8.348	2.026
-8.307	2.056
-8.241	2.102
-8.237	2.234
-8.231	2.291
-8.225	2.355
-8.230	2.436
-8.262	2.495
-8.321	2.605
-8.423	2.661
-8.477	2.786
-8.510	2.862
-8.538	2.941
-8.559	3.021
-8.572	3.067
-8.573	3.115
-8.577	3.162
-8.588	3.268
-8.596	3.375
-8.605	3.481
-8.607	3.508
-8.606	3.535
-8.610	3.562
-8.614	3.585
-8.622	3.607
-8.628	3.629
-8.634	3.654
-8.640	3.678
-8.646	3.703
POLYLINE BLACK
-6.796	-0.269
-6.780	-0.150
-6.894	-0.059
-6.902	0.054
-6.909	0.154
-6.905	0.255
-6.914	0.355
-6.924	0.458
-6.952	0.560
-6.960	0.664
-6.964	0.726
-6.957	0.788
-6.949	0.850
-6.913	1.110
-6.900	1.184
-6.797	1.410
-6.727	1.564
-6.479	1.798
-6.427	1.862
-6.393	1.902
-6.351	1.965
-6.334	2.020
-6.310	2.099
-6.328	2.175
-6.332	2.258
-6.345	2.478
-6.366	2.697
-6.371	2.917
-6.373	3.023
-6.303	3.257
-6.289	3.331
-6.278	3.392
-6.281	3.455
-6.271	3.516
-6.231	3.753
-5.934	4.251
-5.921	4.279
-5.782	4.584
-5.660	4.901
-5.555	5.220
POLYLINE BLACK
-8.160	5.004
-8.160	5.004
POLYLINE BLACK
-8.055	4.903
-7.941	4.866
-7.791	4.777
-7.683	4.877
-7.658	4.901
-7.640	4.927
-7.625	4.958
-7.618	4.974
-7.614	4.991
-7.608	5.007
-7.568	5.131
-7.549	5.263
-7.488	5.377
-7.368	5.601
-7.201	5.796
-7.071	6.013
-6.962	6.193
-6.871	6.383
-6.771	6.568
-6.754	6.600
-6.736	6.632
-6.719	6.665
-6.705	6.695
-6.695	6.727
-6.679	6.757
-6.664	6.779
-6.649	6.801
-6.634	6.823
-6.624	6.836
-6.613	6.849
-6.605	6.863
-6.577	6.916
-6.571	6.962
-6.566	7.020
POLYLINE BLACK
-8.591	3.499
-8.579	3.544
-8.564	3.589
-8.555	3.635
-8.550	3.661
-8.549	3.688
-8.550	3.714
-8.565	4.067
-8.558	3.997
-8.643	4.325
-8.701	4.544
-8.762	4.762
-8.818	4.981
-8.866	5.170
-8.832	5.100
-8.899	5.239
POLYLINE BLACK
-8.319	5.248
-8.251	5.211
-8.167	5.179
-8.124	5.108
-8.063	5.008
-8.076	4.892
-8.076	4.780
POLYLINE BLACK
-8.166	5.077
-8.320	5.261
-8.303	5.272
-8.330	5.510
POLYLINE BLACK
-8.627	5.169
-8.660	5.243
-8.708	5.311
-8.725	5.390
-9.077	7.038
-8.612	5.702
-8.890	5.750
-8.909	5.754
-8.928	5.760
-8.945	5.771
-8.982	5.796
-8.991	5.842
-8.989	5.885
-8.985	5.958
-8.960	6.030
-8.920	6.091
-8.889	6.137
-8.842	6.174
-8.797	6.205
-8.721	6.258
-8.655	6.272
-8.615	6.173
-8.587	6.104
-8.560	6.035
-8.533	5.966
POLYLINE BLACK
-3.324	-5.143
-3.168	-5.162
-3.012	-5.180
-2.856	-5.200
-2.736	-5.216
-2.729	-5.227
-2.604	-5.178
-2.594	-5.174
-2.487	-5.142
-2.494	-5.095
-2.497	-5.078
-2.511	-5.064
-2.523	-5.054
-2.568	-5.015
-2.622	-4.984
-2.661	-4.938
-2.674	-4.923
-2.622	-4.950
-2.604	-4.959
-2.562	-4.979
-2.531	-4.998
-2.499	-5.031
-2.451	-5.079
-2.398	-5.229
-2.477	-5.274
-2.527	-5.302
-2.611	-5.281
-2.654	-5.278
POLYLINE BLACK
-2.997	-3.055
-2.904	-3.051
-2.812	-3.041
-2.719	-3.042
-2.548	-3.044
-2.313	-3.135
-2.378	-2.875
-2.411	-2.747
-2.421	-2.800
-2.488	-2.644
-2.492	-2.637
-2.473	-2.648
-2.467	-2.654
-2.405	-2.711
-2.344	-2.771
-2.285	-2.833
-2.271	-2.848
-2.242	-2.899
-2.239	-2.920
-2.224	-3.028
-2.183	-3.181
-2.284	-3.263
-2.324	-3.296
-2.372	-3.318
-2.424	-3.323
-2.511	-3.332
-2.539	-3.298
-2.627	-3.252
POLYLINE BLACK
-5.595	5.163
-5.609	5.370
-5.574	5.416
-5.454	5.657
-5.429	5.707
-5.284	5.977
-5.177	6.036
-4.989	6.140
-4.850	6.170
-4.632	6.179
-4.352	6.191
-4.073	6.196
-3.793	6.197
-3.650	6.198
-3.507	6.177
-3.364	6.185
-3.209	6.194
-3.057	6.238
-2.902	6.250
-2.532	6.280
-2.194	6.212
-1.823	6.168
POLYLINE BLACK
1.457	6.265
1.624	6.260
POLYLINE BLACK
-1.815	6.350
-1.445	6.347
-1.075	6.329
-0.705	6.342
0.051	6.369
0.265	6.503
1.019	6.400
1.179	6.378
1.323	6.292
1.476	6.243
1.950	6.093
1.228	6.392
2.012	6.014
2.032	6.005
2.054	5.998
2.076	5.996
2.623	5.952
2.468	5.957
2.975	6.029
POLYLINE BLACK
2.866	5.988
3.081	6.323
2.997	6.167
3.212	6.814
3.234	6.881
3.246	6.989
3.240	7.064
3.231	7.162
3.173	7.309
3.131	7.375
2.990	7.596
2.716	8.039
2.455	8.273
2.418	8.306
2.376	8.335
2.334	8.361
2.249	8.412
2.174	8.427
2.108	8.494
2.077	8.525
2.049	8.558
2.024	8.593
1.904	8.761
1.790	8.934
1.673	9.104
POLYLINE BLACK
-6.603	6.961
-6.651	7.053
-6.707	7.147
-6.809	7.186
-6.825	7.191
-6.841	7.196
-6.857	7.198
-6.998	7.215
-7.143	7.207
-7.280	7.241
-7.724	7.351
-8.110	7.508
-8.498	7.744
-8.619	7.817
-8.723	7.915
-8.839	7.995
-8.873	8.018
-8.910	8.033
-8.947	8.050
-8.995	8.072
-9.040	8.073
-9.064	8.122
-9.096	8.186
-9.090	8.391
-9.100	8.462
-9.111	8.540
-9.187	8.710
-9.203	8.756
-9.238	8.861
-9.173	9.021
-9.135	9.119
POLYLINE BLACK
1.831	8.578
1.652	8.588
1.445	8.627
1.273	8.550
1.092	8.469
0.898	8.307
0.819	8.122
0.768	8.004
0.723	7.882
0.685	7.759
0.668	7.701
0.655	7.642
0.652	7.582
0.647	7.500
0.653	7.417
0.661	7.336
0.678	7.147
0.808	6.952
0.914	6.809
0.986	6.712
1.061	6.615
1.149	6.532
1.228	6.457
1.319	6.397
1.409	6.336
1.510	6.268
1.621	6.229
1.741	6.250
1.836	6.266
1.892	6.282
1.976	6.327
2.002	6.342
2.324	6.491
2.427	6.601
2.534	6.717
2.593	6.866
2.650	7.012
2.724	7.203
2.807	7.400
2.774	7.608
2.740	7.826
2.580	8.133
2.403	8.279
2.349	8.323
2.290	8.362
2.230	8.399
1.951	8.566
2.021	8.537
1.813	8.596
POLYLINE BLACK
1.819	7.980
1.695	7.316
POLYLINE BLACK
1.368	7.681
1.842	7.480
1.656	7.544
1.917	7.460
POLYLINE BLACK
-1.763	8.612
-1.809	8.629
-1.854	8.650
-1.901	8.663
-2.043	8.703
-2.216	8.688
-2.346	8.618
-2.598	8.483
-2.775	8.184
-2.872	7.927
-2.937	7.756
-2.982	7.546
-2.950	7.361
-2.924	7.206
-2.839	7.066
-2.737	6.950
-2.708	6.916
-2.679	6.881
-2.641	6.857
-2.527	6.782
-2.407	6.714
-2.284	6.653
-2.223	6.623
-2.158	6.600
-2.092	6.585
-1.789	6.516
-1.708	6.506
-1.425	6.533
-1.391	6.537
-1.357	6.545
-1.325	6.557
-1.246	6.587
-1.157	6.636
-1.093	6.693
-0.848	6.912
-0.691	7.308
-0.746	7.636
-0.774	7.803
-0.996	8.178
-0.998	8.182
-1.053	8.275
-1.209	8.468
-1.317	8.542
-1.394	8.595
-1.478	8.640
-1.563	8.681
-1.640	8.717
-1.718	8.757
-1.803	8.772
-1.876	8.785
-1.952	8.766
-2.026	8.764
POLYLINE BLACK
-2.116	7.181
-2.027	7.471
-2.079	7.776
-2.035	8.071
POLYLINE BLACK
-2.457	7.701
-1.808	7.566
-2.046	7.661
-1.714	7.510
POLYLINE BLACK
-0.103	8.854
-0.199	8.814
-0.303	8.781
-0.368	8.696
-0.463	8.570
-0.493	8.373
-0.389	8.243
-0.288	8.116
-0.117	8.152
-0.001	8.240
0.060	8.286
0.119	8.346
0.135	8.424
0.163	8.570
0.035	8.644
-0.096	8.646
-0.167	8.646
-0.226	8.588
-0.280	8.554
POLYLINE BLACK
-0.268	7.508
-0.285	7.459
-0.306	7.412
-0.318	7.362
-0.330	7.313
-0.335	7.263
-0.340	7.212
-0.355	7.040
-0.136	7.021
-0.059	7.152
-0.015	7.226
-0.054	7.325
-0.140	7.338
-0.152	7.340
-0.164	7.342
-0.176	7.339
-0.242	7.315
-0.305	7.285
-0.369	7.258
POLYLINE BLACK
0.353	8.734
0.336	8.654
0.314	8.600
0.319	8.523
0.320	8.492
0.325	8.423
0.365	8.409
0.430	8.386
0.552	8.508
0.587	8.552
0.588	8.553
0.633	8.613
0.614	8.625
0.591	8.638
0.538	8.591
0.523	8.579
0.482	8.547
0.442	8.514
0.402	8.481
POLYLINE BLACK
0.209	7.894
0.198	7.851
0.176	7.804
0.181	7.757
0.182	7.738
0.189	7.716
0.198	7.699
0.300	7.520
0.399	7.686
0.388	7.818
0.386	7.851
0.369	7.879
0.336	7.850
0.309	7.827
0.284	7.799
0.258	7.774
POLYLINE BLACK
0.282	6.932
0.299	6.906
0.324	6.848
0.359	6.823
0.425	6.775
0.547	6.824
0.551	6.909
0.552	6.923
0.552	6.944
0.541	6.955
0.522	6.976
0.483	6.954
0.465	6.945
0.431	6.926
0.397	6.905
0.364	6.885
POLYLINE BLACK
-3.823	7.442
-3.897	7.383
-3.984	7.329
-4.021	7.238
-4.052	7.161
-4.042	7.056
-4.030	6.978
-4.004	6.801
-3.896	6.777
-3.737	6.813
-3.699	6.822
-3.659	6.840
-3.633	6.869
-3.567	6.945
-3.508	7.107
-3.614	7.176
-3.649	7.198
-3.689	7.212
-3.731	7.210
-3.775	7.209
-3.834	7.185
-3.869	7.175
POLYLINE BLACK
-3.593	8.503
-3.605	8.436
-3.620	8.369
-3.630	8.301
-3.653	8.141
-3.459	8.089
-3.361	8.195
-3.330	8.228
-3.332	8.317
-3.388	8.316
-3.424	8.316
-3.476	8.264
-3.496	8.249
POLYLINE BLACK
-9.064	8.847
-9.143	8.870
-9.191	8.873
-9.252	8.915
-9.372	8.996
-9.418	9.130
-9.451	9.263
-9.481	9.380
-9.515	9.496
-9.534	9.615
-9.570	9.835
-9.510	10.051
-9.430	10.254
-9.406	10.314
-9.379	10.374
-9.342	10.427
-8.062	12.242
-8.790	11.271
-7.284	12.814
-7.138	12.964
-7.017	13.138
-6.870	13.288
-6.761	13.399
-6.620	13.478
-6.520	13.597
-6.209	13.963
-5.930	14.356
-5.640	14.738
-5.485	14.942
-5.597	14.858
-5.451	14.948
POLYLINE BLACK
-5.475	9.294
-5.559	9.251
-5.739	9.139
-5.863	9.119
-6.035	9.090
-6.331	9.117
-6.463	9.136
-6.918	9.199
-6.859	9.258
-7.270	9.530
-7.330	9.570
-7.451	9.599
-7.495	9.677
-7.552	9.778
-7.495	9.932
-7.448	10.020
-7.310	10.274
-7.156	10.393
-6.958	10.634
-6.920	10.681
-6.895	10.739
-6.855	10.784
-6.760	10.894
-6.651	10.991
-6.556	11.101
-6.353	11.335
-6.168	11.584
-5.963	11.816
-5.862	11.932
-5.742	12.030
-5.638	12.143
-5.609	12.175
-5.588	12.214
-5.566	12.251
-5.380	12.548
-5.220	12.862
-5.014	13.144
-4.877	13.330
-4.692	13.474
-4.541	13.648
-4.465	13.736
-4.376	13.928
-4.326	14.024
POLYLINE BLACK
-4.660	13.569
-4.571	13.603
-4.557	13.786
-4.451	13.825
-4.286	13.887
-4.166	13.588
-4.135	13.517
-4.055	13.338
-4.013	13.144
-3.930	12.967
-3.871	12.840
-3.790	12.724
-3.710	12.608
-3.655	12.528
-3.589	12.456
-3.528	12.381
-3.392	12.214
-3.247	12.053
-3.118	11.880
-3.037	11.770
-2.978	11.645
-2.900	11.533
-2.677	11.214
-2.437	10.907
-2.216	10.586
-2.112	10.436
-2.070	10.306
-2.003	10.140
POLYLINE BLACK
-3.788	14.715
-3.061	13.922
-3.583	14.535
-2.636	13.140
-2.560	13.028
-2.465	12.929
-2.396	12.813
-1.833	11.868
-2.297	12.502
-1.902	11.952
-1.664	11.621
-1.359	11.322
-1.205	10.940
-1.198	10.922
-1.068	10.647
-1.065	10.527
-1.063	10.416
-1.080	10.311
-1.130	10.213
-1.157	10.162
-1.188	10.115
-1.215	10.065
-1.347	9.814
-1.231	9.988
-1.386	9.776
POLYLINE BLACK
-3.720	14.648
-3.611	14.759
-3.502	14.800
-3.362	14.864
-3.300	14.892
-3.262	14.915
-3.192	14.922
-3.136	14.927
-3.080	14.924
-3.024	14.925
POLYLINE BLACK
-3.553	14.855
-3.459	14.798
-3.370	14.734
-3.272	14.685
-3.179	14.638
-3.077	14.612
-2.983	14.568
-2.786	14.478
-2.599	14.320
-2.460	14.166
-2.172	13.848
-1.974	13.502
-1.747	13.142
POLYLINE BLACK
-5.581	14.919
-5.531	15.082
-5.495	15.250
-5.433	15.409
-5.320	15.702
-5.063	16.064
-4.773	16.213
-4.730	16.235
-4.686	16.260
-4.638	16.267
-3.600	16.426
-3.966	16.380
-3.256	16.368
-3.167	16.367
-3.077	16.380
-2.989	16.370
-2.439	16.307
-2.282	16.269
-1.784	16.063
-1.666	16.015
-1.550	15.960
-1.441	15.892
-1.046	15.648
-0.871	15.461
-0.526	15.128
-0.401	15.007
-0.313	14.902
-0.205	14.769
POLYLINE BLACK
-2.059	15.017
-1.933	14.932
-1.798	14.857
-1.680	14.761
-1.095	14.288
-0.533	13.787
0.049	13.311
0.151	13.239
0.254	13.168
0.356	13.096
0.360	13.102
0.368	13.107
0.368	13.114
0.366	13.130
0.357	13.145
0.351	13.160
0.278	13.329
0.135	13.482
0.130	13.666
0.127	13.799
0.278	13.446
0.347	13.333
0.384	13.273
0.394	13.211
0.344	13.156
0.187	12.982
0.039	13.041
-0.190	13.037
-0.242	13.036
-0.290	13.008
-0.335	12.986
POLYLINE BLACK
1.432	12.530
1.491	12.803
1.549	13.077
1.608	13.350
1.614	13.341
1.621	13.333
1.625	13.324
1.648	13.263
1.640	13.206
1.721	13.252
1.807	13.300
1.914	13.416
1.974	13.286
2.035	13.156
2.023	12.989
2.044	12.849
2.054	12.784
2.078	12.757
2.111	12.697
POLYLINE BLACK
2.359	12.523
2.369	12.684
2.383	12.845
2.390	13.006
2.393	13.096
2.329	13.208
2.359	13.285
2.367	13.307
2.392	13.318
2.414	13.317
2.545	13.310
2.568	13.303
2.679	13.247
POLYLINE BLACK
2.404	13.148
2.667	13.082
POLYLINE BLACK
2.227	12.731
2.366	12.666
2.285	12.696
2.474	12.650
POLYLINE BLACK
2.671	12.847
2.717	12.999
2.755	13.156
2.868	13.273
2.915	13.323
2.961	13.333
2.969	13.251
2.973	13.214
2.979	13.176
2.975	13.139
2.933	12.805
2.926	12.794
2.866	12.564
POLYLINE BLACK
2.899	12.973
3.024	12.928
POLYLINE BLACK
3.157	12.729
3.331	13.007
3.265	12.882
3.368	13.096
POLYLINE BLACK
3.383	13.281
3.349	13.192
3.318	13.141
3.308	13.056
3.308	13.052
3.299	12.986
3.323	12.985
3.336	12.984
3.357	13.004
3.361	13.010
3.523	13.243
3.495	13.197
3.580	13.352
POLYLINE BLACK
3.553	12.698
3.591	12.821
3.628	12.944
3.666	13.067
3.673	13.096
3.663	13.135
3.685	13.155
3.699	13.168
3.702	13.123
3.710	13.107
3.716	13.096
3.720	13.083
3.729	13.075
3.761	13.050
3.782	13.134
3.781	13.152
3.778	13.231
3.656	13.239
3.609	13.251
POLYLINE BLACK
3.920	12.792
3.952	12.868
3.983	12.945
4.015	13.022
4.032	13.065
4.049	13.105
4.092	13.129
4.109	13.139
4.178	13.170
4.194	13.156
4.206	13.145
4.174	13.130
4.163	13.119
4.142	13.099
4.118	13.084
4.098	13.064
4.045	13.010
4.007	12.937
4.007	12.860
4.006	12.843
4.005	12.826
4.011	12.810
4.033	12.763
4.063	12.720
4.089	12.674
POLYLINE BLACK
4.363	12.798
4.444	12.829
4.484	12.856
4.519	12.931
4.533	12.959
4.542	12.989
4.559	13.015
4.586	13.059
4.618	13.099
4.649	13.139
4.655	13.147
4.638	13.122
4.633	13.113
4.601	13.062
4.566	13.012
4.536	12.959
4.473	12.849
4.522	12.813
4.578	12.700
POLYLINE BLACK
1.658	12.169
1.669	12.076
1.687	12.012
1.747	11.940
1.827	11.844
1.858	11.837
1.904	11.743
1.974	11.598
1.926	11.457
1.801	11.364
1.751	11.327
1.677	11.295
1.624	11.270
POLYLINE BLACK
1.719	12.332
1.912	12.553
1.952	12.595
2.035	12.821
POLYLINE BLACK
2.307	12.303
2.275	12.049
2.238	11.795
2.211	11.540
2.207	11.505
2.209	11.468
2.212	11.433
2.216	11.390
2.253	11.416
2.265	11.436
2.323	11.538
2.378	11.643
2.432	11.747
2.446	11.775
2.447	11.811
2.469	11.833
2.479	11.844
2.475	11.805
2.475	11.791
2.477	11.736
2.472	11.681
2.474	11.626
2.474	11.618
2.478	11.611
2.482	11.605
2.495	11.584
2.520	11.581
2.542	11.583
2.633	11.591
2.684	11.701
2.709	11.773
2.754	11.907
2.788	12.045
2.827	12.181
POLYLINE BLACK
3.120	11.455
3.128	11.439
POLYLINE BLACK
3.843	11.276
3.856	11.344
3.861	11.415
3.882	11.481
3.912	11.579
3.955	11.674
3.996	11.768
4.026	11.837
4.044	11.741
4.045	11.726
4.052	11.609
4.050	11.492
4.058	11.375
4.060	11.341
4.077	11.229
4.137	11.269
4.145	11.274
4.153	11.280
4.158	11.287
4.211	11.359
4.262	11.434
4.312	11.508
4.325	11.526
4.331	11.549
4.347	11.564
4.351	11.568
4.358	11.558
4.359	11.552
4.364	11.536
4.364	11.518
4.365	11.501
4.375	11.380
4.384	11.260
4.393	11.139
POLYLINE BLACK
4.601	11.112
4.627	11.264
POLYLINE BLACK
4.728	12.145
4.712	12.094
POLYLINE BLACK
4.641	11.154
4.690	11.338
4.740	11.522
4.790	11.707
4.780	11.720
4.783	11.718
4.776	11.669
4.774	11.653
4.780	11.639
4.794	11.632
4.820	11.620
4.896	11.629
4.902	11.629
POLYLINE BLACK
4.911	11.571
4.897	11.519
4.879	11.468
4.868	11.415
4.867	11.410
4.835	11.231
4.901	11.254
4.945	11.270
4.973	11.315
5.016	11.335
5.080	11.364
5.142	11.340
5.198	11.395
5.209	11.406
5.221	11.416
5.228	11.430
5.231	11.435
5.227	11.442
5.224	11.448
5.214	11.466
5.200	11.482
5.188	11.499
POLYLINE BLACK
5.472	11.653
5.456	11.578
5.448	11.500
5.424	11.427
5.394	11.335
5.348	11.249
5.313	11.158
5.296	11.116
5.354	11.055
5.392	11.049
5.463	11.039
5.535	11.033
5.607	11.024
POLYLINE BLACK
5.354	11.298
5.543	11.227
POLYLINE BLACK
5.733	11.056
5.775	11.151
5.816	11.247
5.857	11.342
5.861	11.336
5.869	11.331
5.870	11.323
5.874	11.260
5.867	11.193
5.848	11.133
5.836	11.096
5.801	11.035
5.784	11.004
POLYLINE BLACK
5.567	11.246
5.891	11.082
POLYLINE BLACK
6.005	11.243
6.058	11.130
6.099	11.014
6.038	10.895
6.030	10.881
6.025	10.862
6.011	10.853
5.954	10.818
5.890	10.796
5.830	10.767
POLYLINE BLACK
6.171	10.779
6.264	10.961
6.356	11.144
6.449	11.327
6.456	11.331
6.461	11.339
6.469	11.340
6.518	11.346
6.541	11.196
6.534	11.162
6.486	10.918
6.434	10.675
6.384	10.431
POLYLINE BLACK
6.094	10.978
6.507	10.752
POLYLINE BLACK
-5.495	14.850
-5.453	14.841
-5.410	14.837
-5.370	14.824
-5.331	14.811
-5.291	14.797
-5.258	14.772
-4.476	14.170
-4.625	14.319
-4.296	13.976
POLYLINE BLACK
-4.340	13.850
-3.668	14.688
-3.959	14.392
-3.538	14.798
POLYLINE BLACK
-5.477	9.361
-5.398	9.474
-5.334	9.566
-5.207	9.621
-4.962	9.728
-4.764	9.706
-4.486	9.690
-4.389	9.685
-4.294	9.659
-4.197	9.658
-4.002	9.655
-3.807	9.675
-3.613	9.677
-3.493	9.678
-3.373	9.663
-3.253	9.666
-3.192	9.668
-3.129	9.671
-3.071	9.691
-2.792	9.787
-2.520	9.901
-2.249	10.015
-2.218	10.028
-2.192	10.049
-2.165	10.070
-2.127	10.101
-2.092	10.135
-2.056	10.168
POLYLINE BLACK
1.727	9.058
1.696	9.075
1.668	9.094
1.636	9.108
1.533	9.153
1.290	9.174
1.239	9.174
0.986	9.175
0.734	9.145
0.482	9.139
0.400	9.137
0.318	9.151
0.236	9.149
-0.396	9.129
-0.324	9.070
-0.841	9.151
-0.902	9.161
-0.964	9.177
-1.021	9.201
-1.088	9.229
-1.418	9.365
-1.484	9.492
-1.535	9.591
-1.507	9.702
-1.455	9.794
-1.430	9.839
-1.370	9.902
-1.341	9.935
POLYLINE BLACK
-1.510	9.388
-1.548	9.416
-1.920	9.698
-1.949	9.716
-2.009	9.753
-2.074	9.782
-2.141	9.807
-2.290	9.862
-2.443	9.905
-2.594	9.954

ELEVATION
STATIONS
0.000	0.000	0
-0.978	-0.187	1
-3.855	-2.681	2
-5.232	-3.069	3
-7.007	-4.429	4
-8.792	-4.909	5
-6.944	-4.749	6
-8.300	-5.118	7
-5.647	-5.476	8
1.896	-4.104	9
-9.076	-7.379	8.1
-4.647	-7.118	8.2
-4.856	-7.580	8.3
-1.375	-4.873	8.2.1
-2.189	-4.681	8.2.2
-5.448	-5.414	8.2.3
SHOTS
0.000	0.000	0.299	0.032
0.000	0.000	0.057	0.837
0.000	0.000	1.076	0.063
0.000	0.000	0.214	-1.278
0.000	0.000	-0.655	-0.156
0.000	0.000	-0.978	-0.187
-0.978	-0.187	-1.090	0.347
-0.978	-0.187	-1.235	0.011
-0.978	-0.187	-1.167	-0.366
-0.978	-0.187	-3.855	-2.681
-3.855	-2.681	-3.850	-3.120
-3.855	-2.681	-3.344	-2.653
-3.855	-2.681	-5.232	-3.069
-5.232	-3.069	-5.114	-4.108
-5.232	-3.069	-5.340	-2.077
-5.232	-3.069	-6.441	-3.126
-5.232	-3.069	-3.590	-0.720
-5.232	-3.069	-7.007	-4.429
-7.007	-4.429	-6.711	-4.480
-7.007	-4.429	-6.565	-2.664
-7.007	-4.429	-7.104	-5.474
-7.007	-4.429	-8.792	-4.909
-8.792	-4.909	-8.588	-5.660
-8.792	-4.909	-8.854	-4.129
-8.792	-4.909	-7.949	-4.642
-8.792	-4.909	-6.944	-4.749
-6.944	-4.749	-7.441	-4.717
-6.944	-4.749	-7.078	-3.957
-6.944	-4.749	-7.468	-4.712
-6.944	-4.749	-7.349	-5.572
-6.944	-4.749	-8.300	-5.118
-8.300	-5.118	-6.334	-4.820
-8.300	-5.118	-8.080	-6.327
-8.300	-5.118	-5.647	-5.476
-5.647	-5.476	-5.728	-6.436
-5.647	-5.476	-5.078	-6.130
-5.647	-5.476	-2.930	-5.698
-5.647	-5.476	-1.957	-5.458
-5.647	-5.476	-4.968	-5.303
-5.647	-5.476	1.896	-4.104
1.896	-4.104	0.971	-4.352
1.896	-4.104	2.860	-4.124
1.896	-4.104	1.871	-5.683
1.896	-4.104	-2.587	8.533
-5.647	-5.476	-9.076	-7.379
-9.076	-7.379	-9.437	-7.515
-9.076	-7.379	-9.028	-7.475
-9.076	-7.379	-9.066	-7.037
-9.076	-7.379	-4.647	-7.118
-4.647	-7.118	-4.856	-7.580
-4.647	-7.118	-1.375	-4.873
-1.375	-4.873	-1.849	-4.848
-1.375	-4.873	-1.653	-4.224
-1.375	-4.873	-1.443	-5.062
-1.375	-4.873	-2.189	-4.681
-2.189	-4.681	-2.313	-5.312
-2.189	-4.681	-2.344	-4.733
-2.189	-4.681	-1.999	-4.827
-2.189	-4.681	-5.448	-5.414

