TRIP
DATE 2025-08-11
DECLINATION 0.0
DATA
0		45.77	-27.90	3.177	>
0		45.73	-28.05	3.160	>
0		45.40	-28.17	3.142	>
0		347.00	6.25	0.583	>
0		94.50	-86.22	2.492	>
0		317.25	46.56	1.071	>
0	1	45.63	-28.04	3.160	>
1		125.46	-3.24	0.300	>
1		99.37	-75.57	2.182	>
1		289.37	68.20	0.661	>
1		26.63	-8.74	2.214	>
1		26.95	-8.69	2.220	>
1		26.85	-8.64	2.213	>
1	2	26.81	-8.69	2.216	>
2		136.31	-4.66	0.499	>
2		22.18	-80.49	1.773	>
2		54.54	-25.46	1.393	>
2		54.50	-25.39	1.391	>
2		54.39	-25.31	1.390	>
2	3	54.48	-25.39	1.391	>
3		267.50	-21.73	0.265	>
3		310.58	59.08	0.799	>
3		151.50	-77.71	1.811	>
3		22.40	-13.11	1.264	>
3		22.24	-12.95	1.263	>
3		22.36	-13.08	1.267	>
3	4	22.33	-13.04	1.265	>
4		124.78	-2.36	0.389	>
4		37.30	-85.91	4.020	>
4		52.14	-39.98	9.563	>
4		52.28	-39.92	9.546	>
4		52.19	-39.99	9.551	>
4	5	52.21	-39.96	9.553	>
5		221.78	5.09	1.648	>
5		203.21	6.39	2.136	>
5		179.30	9.21	1.027	>
5		178.75	-80.71	4.431	>
5		242.97	69.87	2.119	>
5		170.95	-36.22	3.673	>
5		171.08	-36.11	3.660	>
5		171.01	-36.10	3.676	>
5	6	171.02	-36.14	3.670	>
6		323.38	1.38	1.761	>
6		13.80	72.43	1.988	>
6		327.99	-69.55	3.491	>
6		302.11	-24.55	3.702	>
6		302.15	-24.62	3.698	>
6		302.13	-24.63	3.704	>
6	7	302.13	-24.60	3.701	>
7		185.45	3.56	0.347	>
7		214.49	-86.11	3.426	>
7		203.43	78.72	1.735	>
7		271.40	2.85	1.571	>
7		271.32	3.07	1.570	>
7		271.25	3.08	1.569	>
7	8	271.32	3.00	1.570	>
8		13.07	-0.47	0.439	>
8		36.75	-88.95	2.580	>
8		287.81	75.18	0.761	>
8		289.87	-41.82	4.523	>
8		289.87	-41.80	4.523	>
8		289.93	-41.81	4.523	>
8	9	289.89	-41.81	4.523	>
9		37.47	-1.60	0.617	>
9		54.38	-81.79	2.319	>
9		3.64	74.35	2.239	>
9		333.34	18.98	1.106	>
9		333.61	19.00	1.103	>
9		333.55	18.88	1.103	>
9	10	333.50	18.96	1.104	>
10		210.57	1.81	0.339	>
10		275.49	-84.19	2.867	>
10		209.08	82.74	1.580	>
10		280.16	-14.22	1.685	>
10		280.15	-14.36	1.684	>
10		280.22	-14.32	1.682	>
10	11	280.18	-14.30	1.684	>
11		44.92	-12.02	0.391	>
11		119.28	-78.30	2.565	>
11		341.24	70.76	1.135	>
11		306.95	-29.67	1.758	>
11		307.14	-29.61	1.741	>
11		307.07	-29.54	1.743	>
11	12	307.05	-29.60	1.747	>
12		193.66	1.41	0.280	>
12		152.56	-84.52	2.149	>
12		212.71	75.75	1.306	>
12		276.42	-14.99	4.871	>
12		276.48	-15.07	4.863	>
12		276.47	-15.06	4.857	>
12	13	276.45	-15.04	4.864	>
13		22.25	13.53	0.508	>
13		317.44	-78.96	2.840	>
13		313.64	80.41	1.230	>
13		306.11	7.49	1.272	>
13		306.33	7.65	1.271	>
13		306.28	7.67	1.271	>
13	14	306.24	7.60	1.271	>
14		106.69	14.30	0.327	>
14		53.07	-88.73	2.596	>
14		153.33	81.54	0.708	>
14		99.97	12.12	0.153	>
14		33.44	-40.80	1.174	>
14		33.47	-40.59	1.168	>
14		33.45	-40.49	1.171	>
14	15	33.45	-40.63	1.171	>
15		258.02	39.31	0.523	>
15		292.70	-83.14	2.281	>
15		282.92	82.55	1.173	>
15		295.76	-22.09	3.659	>
15		295.90	-22.35	3.657	>
15		295.83	-22.20	3.661	>
15	16	295.83	-22.21	3.659	>
16		193.12	4.09	0.748	>
16		126.93	-85.84	0.789	>
16		212.79	69.22	1.359	>
16		279.89	8.24	1.956	>
16		280.04	8.06	1.962	>
16		280.03	8.12	1.958	>
16	17	279.99	8.14	1.959	>
17		29.33	12.68	0.596	>
17		23.25	56.26	0.392	>
17		325.53	-9.02	1.919	>
17		324.95	-9.25	1.914	>
17		324.82	-9.21	1.917	>
17	18	325.10	-9.16	1.917	>
18		236.73	2.06	0.503	>
18		101.85	30.29	0.865	>
18		115.36	-61.55	1.007	>
18		69.30	18.01	1.389	>
18		68.75	18.01	1.396	>
18		68.87	17.97	1.398	>
18	19	68.97	18.00	1.394	>
19		308.18	-5.39	0.594	>
19		38.59	-75.73	1.558	>
19		25.89	-0.19	7.124	>
19		25.94	-0.14	7.125	>
19		25.96	-0.13	7.125	>
19	20	25.93	-0.15	7.125	>
20		119.45	-2.98	0.310	>
20		164.50	-70.52	0.859	>
20		35.30	-68.02	2.914	>
20		35.26	-67.90	2.890	>
20		35.66	-67.96	2.875	>
20	21	35.41	-67.96	2.893	>
21		303.85	2.87	0.605	>
21		14.73	3.86	1.940	>
21		49.44	-3.55	1.558	>
21		25.32	-76.60	13.466	>
21		25.47	-76.59	13.473	>
21		25.31	-76.64	13.485	>
21	22	25.37	-76.61	13.475	>
22		173.06	-1.03	1.297	>
22		104.58	3.93	4.119	>
22		73.28	-0.67	4.025	>
22		67.37	-1.05	1.119	>
22		71.79	-42.24	5.672	>
22		70.41	-43.93	1.803	>
22		72.94	-41.79	5.662	>
22		72.72	-41.72	5.641	>
22		72.91	-41.83	5.640	>
22		72.87	-41.77	5.663	>
22		72.60	-41.69	5.676	>
22		80.41	-47.49	5.203	>
22		91.58	-44.64	5.225	>
22		90.69	-45.07	5.259	>
22		90.44	-44.85	5.292	>
22		90.73	-44.91	5.241	>
22		90.90	-45.05	5.248	>
22		91.09	-44.99	5.251	>
22	23	90.91	-44.99	5.247	>

PLAN
STATIONS
0.000	0.000	0
1.994	1.950	1
2.981	3.905	2
4.004	4.635	3
4.473	5.775	4
10.259	10.262	5
10.722	7.335	6
7.872	9.125	7
6.304	9.161	8
3.134	10.308	9
2.668	11.242	10
1.062	11.531	11
-0.150	12.446	12
-4.817	12.974	13
-5.834	13.719	14
-5.344	14.461	15
-8.393	15.937	16
-10.302	16.273	17
-11.385	17.825	18
-10.147	18.301	19
-7.032	24.708	20
-6.403	25.593	21
-5.066	28.413	22
-1.355	28.354	23
SHOTS
0.000	0.000	-0.130	0.565
0.000	0.000	0.164	-0.013
0.000	0.000	-0.500	0.541
0.000	0.000	1.994	1.950
1.994	1.950	2.238	1.776
1.994	1.950	2.530	1.862
1.994	1.950	1.762	2.031
1.994	1.950	2.981	3.905
2.981	3.905	3.325	3.545
2.981	3.905	3.092	4.176
2.981	3.905	4.004	4.635
4.004	4.635	3.759	4.624
4.004	4.635	3.693	4.902
4.004	4.635	4.188	4.296
4.004	4.635	4.473	5.775
4.473	5.775	4.792	5.553
4.473	5.775	4.646	6.003
4.473	5.775	10.259	10.262
10.259	10.262	9.165	9.038
10.259	10.262	9.422	8.311
10.259	10.262	10.271	9.248
10.259	10.262	10.274	9.547
10.259	10.262	9.609	9.931
10.259	10.262	10.722	7.335
10.722	7.335	9.671	8.748
10.722	7.335	10.865	7.918
10.722	7.335	10.075	8.369
10.722	7.335	7.872	9.125
7.872	9.125	7.839	8.780
7.872	9.125	7.740	8.933
7.872	9.125	7.737	8.813
7.872	9.125	6.304	9.161
6.304	9.161	6.403	9.589
6.304	9.161	6.332	9.199
6.304	9.161	6.119	9.221
6.304	9.161	3.134	10.308
3.134	10.308	3.509	10.798
3.134	10.308	3.403	10.501
3.134	10.308	3.172	10.911
3.134	10.308	2.668	11.242
2.668	11.242	2.496	10.951
2.668	11.242	2.379	11.270
2.668	11.242	2.571	11.068
2.668	11.242	1.062	11.531
1.062	11.531	1.332	11.802
1.062	11.531	1.516	11.276
1.062	11.531	0.942	11.885
1.062	11.531	-0.150	12.446
-0.150	12.446	-0.216	12.174
-0.150	12.446	-0.056	12.264
-0.150	12.446	-0.324	12.176
-0.150	12.446	-4.817	12.974
-4.817	12.974	-4.630	13.431
-4.817	12.974	-5.185	13.375
-4.817	12.974	-4.966	13.116
-4.817	12.974	-5.834	13.719
-5.834	13.719	-5.530	13.628
-5.834	13.719	-5.788	13.754
-5.834	13.719	-5.787	13.626
-5.834	13.719	-5.687	13.693
-5.834	13.719	-5.344	14.461
-5.344	14.461	-5.740	14.377
-5.344	14.461	-5.595	14.566
-5.344	14.461	-5.492	14.495
-5.344	14.461	-8.393	15.937
-8.393	15.937	-8.562	15.210
-8.393	15.937	-8.347	15.902
-8.393	15.937	-8.654	15.531
-8.393	15.937	-10.302	16.273
-10.302	16.273	-10.018	16.780
-10.302	16.273	-10.217	16.473
-10.302	16.273	-11.385	17.825
-11.385	17.825	-11.805	17.549
-11.385	17.825	-10.654	17.671
-11.385	17.825	-10.951	17.619
-11.385	17.825	-10.147	18.301
-10.147	18.301	-10.612	18.666
-10.147	18.301	-9.908	18.601
-10.147	18.301	-7.032	24.708
-7.032	24.708	-6.762	24.556
-7.032	24.708	-6.955	24.432
-7.032	24.708	-6.403	25.593
-6.403	25.593	-6.905	25.930
-6.403	25.593	-5.911	27.465
-6.403	25.593	-5.221	26.604
-6.403	25.593	-5.066	28.413
-5.066	28.413	-4.909	27.126
-5.066	28.413	-1.089	27.378
-5.066	28.413	-1.211	29.571
-5.066	28.413	-4.033	28.844
-5.066	28.413	-1.077	29.725
-5.066	28.413	-3.843	28.848
-5.066	28.413	-1.030	29.657
-5.066	28.413	-1.021	29.681
-5.066	28.413	-1.599	28.999
-5.066	28.413	-1.355	28.354
POLYLINE BLACK
-2.774	0.174
-2.805	0.214
POLYLINE BLACK
-2.457	1.220
-2.441	1.315
POLYLINE BLACK
-2.829	0.626
-2.884	0.626
POLYLINE BLACK
0.000	-0.000
0.000	-0.000
POLYLINE BLACK
-0.312	0.351
-0.279	0.407
-0.248	0.447
-0.194	0.478
-0.177	0.487
-0.159	0.494
-0.142	0.505
-0.092	0.537
-0.120	0.525
-0.084	0.556
-0.059	0.576
-0.033	0.596
-0.008	0.616
POLYLINE BLACK
-0.023	0.017
0.048	0.078
0.125	0.132
0.191	0.199
2.024	2.049
-0.501	-0.380
1.563	1.502
1.637	1.570
1.693	1.656
1.764	1.727
1.812	1.775
1.869	1.813
1.919	1.859
2.017	1.949
1.934	1.908
2.039	1.947
POLYLINE BLACK
-0.049	0.594
-0.034	0.615
-0.023	0.639
-0.006	0.659
0.100	0.787
0.186	0.875
0.306	0.987
0.336	1.015
0.366	1.041
0.397	1.066
0.410	1.076
0.426	1.083
0.440	1.091
0.466	1.107
0.493	1.121
0.518	1.140
0.626	1.223
0.730	1.312
0.837	1.398
0.954	1.480
1.073	1.559
1.188	1.645
1.226	1.673
1.257	1.709
1.294	1.739
1.379	1.807
1.467	1.872
1.554	1.940
1.667	2.028
1.529	1.935
1.744	2.074
1.749	2.077
1.759	2.079
1.765	2.080
1.782	2.081
1.800	2.074
1.815	2.070
POLYLINE BLACK
1.709	2.050
1.726	2.063
1.745	2.074
1.760	2.089
1.776	2.103
1.790	2.119
1.802	2.136
1.984	2.400
2.161	2.669
2.343	2.933
2.430	3.060
2.357	2.905
2.471	3.106
2.561	3.264
2.640	3.428
2.729	3.586
2.749	3.622
2.773	3.656
2.799	3.688
2.848	3.752
2.902	3.813
2.954	3.874
2.967	3.889
2.999	3.862
3.006	3.857
POLYLINE BLACK
1.995	1.926
2.060	2.001
2.128	2.074
2.190	2.152
2.268	2.250
2.338	2.355
2.416	2.454
2.440	2.484
2.470	2.509
2.495	2.539
2.636	2.710
2.775	2.884
2.913	3.057
2.955	3.110
2.990	3.168
3.036	3.217
3.091	3.277
3.158	3.325
3.217	3.381
3.243	3.407
3.295	3.496
3.306	3.512
3.315	3.526
3.325	3.538
3.334	3.551
3.339	3.557
3.340	3.566
3.346	3.571
3.354	3.577
3.364	3.578
3.373	3.582
POLYLINE BLACK
0.163	0.416
0.166	0.430
0.166	0.445
0.170	0.459
0.181	0.493
0.195	0.525
0.207	0.557
0.216	0.580
0.223	0.616
0.249	0.625
0.276	0.634
0.330	0.612
0.342	0.610
0.363	0.606
0.388	0.617
0.401	0.634
0.409	0.643
0.413	0.654
0.417	0.665
0.436	0.732
0.453	0.800
0.473	0.867
0.478	0.886
0.495	0.914
0.518	0.913
0.538	0.912
0.546	0.901
0.565	0.913
0.602	0.937
0.618	0.979
0.642	1.014
0.654	1.032
0.676	1.047
0.698	1.049
0.703	1.050
0.708	1.049
0.713	1.049
0.724	1.049
0.736	1.047
0.748	1.048
0.766	1.050
0.783	1.053
0.801	1.055
POLYLINE BLACK
0.822	1.131
0.833	1.108
0.853	1.068
0.829	1.043
0.822	1.035
0.813	1.029
0.806	1.022
POLYLINE BLACK
0.680	1.121
0.707	1.099
0.739	1.075
0.776	1.077
0.798	1.078
0.837	1.095
0.847	1.099
POLYLINE BLACK
1.212	1.379
1.214	1.398
1.215	1.446
1.226	1.473
1.247	1.522
1.272	1.528
1.321	1.511
1.336	1.506
1.352	1.493
1.368	1.493
1.391	1.491
1.413	1.509
1.429	1.523
1.466	1.558
1.483	1.612
1.495	1.660
1.500	1.680
1.502	1.721
1.521	1.738
1.538	1.753
1.549	1.700
1.577	1.725
1.599	1.744
1.609	1.754
1.624	1.777
1.628	1.783
1.648	1.825
1.664	1.840
1.690	1.863
1.738	1.856
1.769	1.876
1.839	1.920
1.920	2.068
1.955	2.120
POLYLINE BLACK
1.814	2.092
1.848	2.095
1.881	2.098
1.909	2.119
1.929	2.134
1.947	2.152
1.967	2.166
1.969	2.168
1.972	2.165
1.972	2.163
1.973	2.157
1.971	2.151
1.969	2.145
1.953	2.086
1.937	2.028
1.920	1.969
POLYLINE BLACK
2.282	2.439
2.281	2.496
2.279	2.553
2.278	2.610
2.279	2.612
2.279	2.615
2.280	2.617
2.283	2.627
2.292	2.634
2.302	2.636
2.315	2.640
2.325	2.641
2.339	2.640
2.368	2.637
2.417	2.609
2.440	2.641
2.466	2.677
2.484	2.785
2.495	2.827
2.506	2.867
2.537	2.840
2.561	2.859
2.564	2.862
2.568	2.864
2.570	2.868
2.584	2.891
2.600	2.915
2.610	2.940
2.634	3.000
2.652	3.062
2.674	3.122
2.675	3.126
2.678	3.129
2.680	3.132
2.693	3.148
2.719	3.148
2.737	3.144
2.755	3.140
2.747	3.139
2.766	3.134
2.792	3.126
2.827	3.134
2.843	3.156
2.846	3.160
2.849	3.164
2.851	3.169
2.866	3.214
2.882	3.259
2.894	3.304
2.898	3.317
2.900	3.381
2.923	3.403
2.937	3.415
2.959	3.417
2.975	3.422
POLYLINE BLACK
2.829	3.395
2.850	3.400
2.871	3.404
2.891	3.411
2.914	3.418
2.930	3.441
2.955	3.442
2.967	3.443
2.985	3.443
2.987	3.427
2.988	3.424
2.988	3.421
2.987	3.418
2.980	3.395
2.971	3.373
2.965	3.350
2.961	3.333
2.960	3.315
2.957	3.298
POLYLINE BLACK
3.338	3.559
3.383	3.697
3.375	3.688
3.507	3.876
3.655	4.087
3.630	3.984
3.701	4.121
3.721	4.159
3.736	4.199
3.756	4.237
3.773	4.268
3.794	4.295
3.810	4.325
3.841	4.385
3.865	4.447
3.895	4.507
3.905	4.526
3.923	4.551
3.941	4.567
3.951	4.576
3.964	4.583
3.974	4.593
3.990	4.607
3.992	4.616
4.006	4.631
4.021	4.647
4.035	4.653
4.054	4.665
POLYLINE BLACK
2.990	3.925
3.002	3.953
3.011	3.982
3.026	4.008
3.039	4.031
3.054	4.052
3.072	4.071
3.202	4.215
3.183	4.176
3.327	4.302
3.352	4.324
3.373	4.351
3.399	4.372
3.427	4.395
3.461	4.409
3.488	4.433
3.537	4.476
3.578	4.527
3.625	4.572
3.645	4.590
3.720	4.624
3.727	4.628
3.790	4.663
3.708	4.632
3.800	4.662
POLYLINE BLACK
3.759	4.682
3.776	4.725
3.818	4.752
3.840	4.793
3.916	4.933
3.979	5.080
4.054	5.220
4.083	5.272
4.120	5.319
4.151	5.369
4.191	5.433
4.226	5.500
4.269	5.562
4.293	5.598
4.324	5.629
4.352	5.663
4.355	5.667
4.358	5.672
4.361	5.677
4.371	5.689
4.381	5.701
4.391	5.713
POLYLINE BLACK
3.782	4.697
3.785	4.711
3.787	4.725
3.790	4.738
3.791	4.743
3.792	4.749
3.795	4.753
3.801	4.762
3.810	4.769
3.818	4.777
POLYLINE BLACK
3.803	4.738
3.763	4.677
POLYLINE BLACK
4.359	5.704
4.378	5.747
4.399	5.765
4.436	5.798
4.440	5.802
4.444	5.805
4.449	5.807
4.461	5.813
4.475	5.817
4.488	5.822
POLYLINE BLACK
3.101	3.583
3.098	3.593
3.093	3.602
3.091	3.612
3.082	3.653
3.094	3.712
3.107	3.751
3.114	3.770
3.125	3.799
3.145	3.809
3.162	3.818
3.181	3.813
3.199	3.813
3.219	3.813
3.235	3.828
3.245	3.843
3.256	3.860
3.262	3.878
3.265	3.898
3.271	3.931
3.274	3.964
3.279	3.997
3.280	4.001
3.283	4.007
3.286	4.011
3.305	4.032
3.349	3.986
3.373	4.007
3.393	4.025
3.404	4.102
3.405	4.110
3.407	4.116
3.411	4.125
3.416	4.130
3.432	4.148
3.463	4.135
3.483	4.134
3.494	4.133
3.507	4.137
3.516	4.144
3.549	4.167
3.567	4.211
3.581	4.246
3.588	4.262
3.592	4.280
3.598	4.296
3.603	4.311
3.621	4.318
3.632	4.326
3.643	4.335
3.649	4.345
3.658	4.357
POLYLINE BLACK
3.614	4.402
3.630	4.402
3.668	4.406
3.680	4.388
3.683	4.382
3.684	4.375
3.683	4.369
3.683	4.348
3.683	4.327
3.683	4.306
POLYLINE BLACK
4.007	4.620
4.163	4.810
4.325	4.996
4.476	5.191
4.638	5.399
4.543	5.342
4.676	5.469
4.707	5.499
4.742	5.525
4.774	5.554
4.780	5.559
4.784	5.566
4.789	5.571
4.800	5.582
4.819	5.584
4.833	5.588
POLYLINE BLACK
4.681	6.062
4.811	6.270
4.866	6.413
5.043	6.560
5.137	6.638
5.246	6.697
5.339	6.776
5.867	7.230
5.848	7.294
6.374	7.700
6.993	8.178
7.932	8.617
8.499	8.969
8.746	9.122
9.013	9.408
9.206	9.625
9.351	9.788
9.391	9.883
9.547	10.000
9.787	10.181
10.021	10.217
10.330	10.331
POLYLINE BLACK
4.709	6.153
4.683	6.132
4.656	6.112
4.632	6.089
4.618	6.076
4.607	6.061
4.596	6.047
4.547	5.983
4.497	5.920
4.449	5.855
4.445	5.850
4.444	5.842
4.442	5.835
4.435	5.806
4.443	5.732
4.443	5.714
POLYLINE BLACK
4.877	5.528
4.924	5.559
4.932	5.620
4.975	5.653
5.185	5.816
5.394	5.979
5.604	6.142
5.653	6.173
5.704	6.200
5.751	6.234
5.813	6.280
5.870	6.333
5.930	6.380
5.971	6.412
6.014	6.441
6.056	6.472
6.614	6.918
7.184	7.350
7.729	7.811
7.838	7.903
7.919	8.022
8.014	8.128
8.300	8.366
8.587	8.604
8.873	8.844
8.906	8.871
8.935	8.903
8.970	8.928
9.038	8.977
9.111	9.020
9.183	9.064
9.194	9.071
9.210	9.072
9.222	9.071
9.296	9.059
9.279	8.911
9.280	8.884
9.282	8.781
9.272	8.677
9.271	8.574
9.271	8.561
9.274	8.548
9.277	8.536
9.299	8.462
9.361	8.326
9.463	8.371
9.488	8.382
9.540	8.420
9.551	8.428
9.590	8.455
9.628	8.481
9.652	8.523
9.693	8.598
9.714	8.704
9.729	8.777
9.742	8.844
9.731	8.928
9.771	8.989
9.808	9.046
9.923	9.089
9.959	9.105
10.019	9.131
10.084	9.146
10.144	9.173
10.173	9.186
10.197	9.205
10.223	9.222
10.240	9.233
10.252	9.251
10.272	9.257
10.291	9.262
10.313	9.254
10.333	9.253
POLYLINE BLACK
10.307	10.319
10.323	10.314
10.338	10.310
10.353	10.304
10.370	10.297
10.380	10.285
10.393	10.273
10.428	10.242
10.466	10.215
10.497	10.180
10.542	10.131
10.590	10.055
10.609	9.989
10.623	9.942
10.632	9.894
10.640	9.846
10.643	9.827
10.643	9.808
10.641	9.788
10.630	9.686
10.619	9.583
10.599	9.482
10.575	9.361
10.511	9.217
10.515	9.084
10.518	8.959
10.525	8.835
10.537	8.711
10.548	8.607
10.613	8.291
10.632	8.204
10.639	8.170
10.651	8.138
10.657	8.104
10.683	7.957
10.711	7.811
10.727	7.663
10.738	7.569
10.736	7.473
10.738	7.378
10.739	7.339
10.719	7.308
10.682	7.294
10.677	7.291
10.671	7.289
10.665	7.289
10.582	7.285
10.602	7.271
10.571	7.298
POLYLINE BLACK
10.261	9.294
10.273	9.285
10.286	9.277
10.298	9.268
10.329	9.243
10.327	9.188
10.305	9.158
10.265	9.103
10.286	9.150
10.211	9.070
10.181	9.037
10.160	8.996
10.128	8.965
10.092	8.929
10.049	8.901
10.009	8.870
9.960	8.831
9.890	8.792
9.849	8.737
9.815	8.691
9.784	8.551
9.775	8.527
9.764	8.496
9.730	8.456
9.711	8.436
9.656	8.377
9.697	8.428
9.660	8.394
9.648	8.383
9.638	8.371
9.627	8.360
POLYLINE BLACK
4.711	5.906
4.716	5.932
4.718	5.957
4.724	5.983
4.729	6.004
4.743	6.028
4.756	6.046
4.791	6.091
4.839	6.105
4.893	6.087
4.904	6.083
4.915	6.078
4.925	6.072
4.958	6.053
4.981	6.015
5.020	6.052
5.083	6.111
5.106	6.195
5.148	6.267
5.176	6.314
5.216	6.355
5.257	6.390
5.282	6.411
5.316	6.430
5.349	6.418
5.375	6.407
5.394	6.391
5.423	6.403
5.436	6.409
5.448	6.418
5.458	6.428
5.495	6.465
5.540	6.530
5.596	6.558
5.627	6.575
5.658	6.568
5.692	6.572
5.733	6.577
5.763	6.595
5.800	6.612
POLYLINE BLACK
5.607	6.776
5.633	6.782
5.662	6.792
5.689	6.788
5.753	6.779
5.807	6.708
5.805	6.645
5.803	6.592
5.796	6.541
5.792	6.489
POLYLINE BLACK
6.585	7.291
6.577	7.339
6.564	7.373
6.571	7.419
6.574	7.440
6.582	7.461
6.593	7.479
6.615	7.515
6.669	7.556
6.713	7.530
6.737	7.516
6.746	7.489
6.765	7.471
6.776	7.461
6.786	7.464
6.793	7.475
6.798	7.482
6.800	7.490
6.803	7.498
6.873	7.670
6.879	7.735
6.962	7.855
7.032	7.957
7.046	7.804
7.138	7.845
7.203	7.874
7.217	7.958
7.264	8.006
7.271	8.014
7.279	8.021
7.288	8.026
7.506	8.155
7.436	8.123
7.617	8.187
POLYLINE BLACK
7.334	8.315
7.411	8.276
7.530	8.249
7.524	8.142
7.521	8.095
7.467	7.996
7.465	7.991
POLYLINE BLACK
8.095	8.451
8.168	8.586
8.200	8.601
8.341	8.703
8.361	8.717
8.398	8.732
8.422	8.737
8.478	8.747
8.533	8.716
8.582	8.752
8.723	8.860
8.758	9.073
8.916	9.166
8.935	9.177
8.957	9.182
8.979	9.176
9.006	9.169
9.041	9.141
9.070	9.165
9.098	9.190
9.125	9.216
9.152	9.242
9.190	9.279
9.240	9.345
9.297	9.361
9.366	9.380
9.424	9.315
9.474	9.279
9.520	9.246
9.589	9.343
9.608	9.369
9.613	9.376
9.616	9.384
9.622	9.391
9.647	9.420
9.675	9.447
9.702	9.475
POLYLINE BLACK
9.463	9.744
9.539	9.685
9.717	9.644
9.791	9.543
9.855	9.456
9.818	9.376
9.739	9.313
9.735	9.310
9.730	9.308
9.726	9.307
9.684	9.291
9.641	9.276
9.599	9.261
POLYLINE BLACK
10.650	7.299
10.631	7.335
POLYLINE BLACK
10.677	7.306
10.661	7.332
POLYLINE BLACK
10.697	7.317
10.675	7.342
POLYLINE BLACK
10.729	7.360
10.706	7.373
10.718	7.365
10.695	7.384
POLYLINE BLACK
10.650	7.267
10.679	7.228
POLYLINE BLACK
10.738	7.109
10.758	7.084
10.747	7.097
10.772	7.072
POLYLINE BLACK
10.812	7.034
10.838	6.980
10.834	6.985
10.863	6.950
POLYLINE BLACK
10.752	7.367
10.771	7.341
10.759	7.356
10.792	7.325
POLYLINE BLACK
10.835	7.278
10.873	7.244
POLYLINE BLACK
10.927	7.204
10.961	7.172
POLYLINE BLACK
10.996	7.132
11.019	7.105
POLYLINE BLACK
10.854	6.932
10.883	6.902
POLYLINE BLACK
11.056	7.087
11.072	7.021
11.062	7.048
11.081	7.004
POLYLINE BLACK
11.094	6.997
11.114	6.977
POLYLINE BLACK
10.904	6.853
10.949	6.810
10.927	6.827
10.970	6.800
POLYLINE BLACK
11.144	6.936
11.188	6.881
POLYLINE BLACK
11.003	6.804
11.019	6.773
11.027	6.770
11.056	6.753
POLYLINE BLACK
11.191	6.873
11.178	6.869
POLYLINE BLACK
11.130	6.836
11.128	6.836
POLYLINE BLACK
11.096	6.814
11.086	6.803
POLYLINE BLACK
11.044	6.745
11.042	6.738
POLYLINE BLACK
11.069	6.724
11.088	6.693
11.074	6.710
11.114	6.680
POLYLINE BLACK
11.141	6.662
11.166	6.650
11.153	6.655
11.180	6.645
POLYLINE BLACK
11.194	6.646
11.226	6.651
11.208	6.647
11.247	6.664
POLYLINE BLACK
11.281	6.703
11.288	6.708
POLYLINE BLACK
11.292	6.766
11.292	6.768
POLYLINE BLACK
11.072	6.765
11.096	6.744
11.083	6.754
11.114	6.736
POLYLINE BLACK
11.198	6.878
11.218	6.878
POLYLINE BLACK
11.242	6.874
11.264	6.859
POLYLINE BLACK
11.280	6.850
11.303	6.838
POLYLINE BLACK
11.314	6.818
11.322	6.804
POLYLINE BLACK
11.308	6.768
11.299	6.743
POLYLINE BLACK
11.096	6.796
11.115	6.768
11.103	6.783
11.132	6.752
POLYLINE BLACK
11.177	6.830
11.177	6.803
11.176	6.817
11.179	6.790
POLYLINE BLACK
11.242	6.859
11.225	6.828
POLYLINE BLACK
11.289	6.817
11.280	6.815
POLYLINE BLACK
11.246	6.756
11.277	6.738
POLYLINE BLACK
11.209	6.721
11.215	6.670
POLYLINE BLACK
11.140	6.688
11.132	6.660
POLYLINE BLACK
11.169	6.756
11.198	6.746
11.210	6.751
11.239	6.759
POLYLINE BLACK
11.195	6.806
11.192	6.742
11.190	6.769
11.195	6.726
POLYLINE BLACK
11.341	6.952
11.350	6.954
11.360	6.957
11.370	6.956
11.385	6.954
11.397	6.943
11.398	6.927
11.398	6.907
11.385	6.889
11.388	6.869
11.390	6.853
11.400	6.846
11.412	6.836
POLYLINE BLACK
11.385	6.742
11.399	6.763
POLYLINE BLACK
11.201	6.523
11.201	6.460
11.203	6.492
11.196	6.428
POLYLINE BLACK
11.270	6.500
11.253	6.495
11.235	6.490
11.230	6.470
11.229	6.465
11.229	6.460
11.231	6.455
11.232	6.452
11.235	6.447
11.237	6.445
11.249	6.440
11.261	6.436
11.273	6.431
POLYLINE BLACK
11.328	6.484
11.329	6.477
11.330	6.470
11.331	6.463
11.332	6.461
11.333	6.460
11.334	6.459
11.341	6.456
11.352	6.466
11.356	6.469
11.371	6.483
11.380	6.506
11.376	6.527
11.375	6.534
11.373	6.541
11.372	6.549
POLYLINE BLACK
11.417	6.452
11.423	6.463
11.427	6.475
11.433	6.485
11.434	6.486
11.436	6.486
11.437	6.485
11.439	6.482
11.439	6.468
11.446	6.469
11.454	6.470
11.471	6.498
11.473	6.480
11.474	6.464
11.475	6.448
11.476	6.432
POLYLINE BLACK
11.560	6.526
11.533	6.449
11.541	6.485
11.531	6.419
POLYLINE BLACK
11.582	6.395
11.589	6.419
11.596	6.443
11.603	6.467
11.605	6.468
11.605	6.470
11.607	6.471
11.612	6.472
11.622	6.451
11.622	6.450
11.641	6.422
11.657	6.426
11.675	6.453
11.695	6.485
11.695	6.488
11.706	6.516
POLYLINE BLACK
11.379	6.542
11.363	6.535
11.340	6.527
11.334	6.507
11.331	6.496
11.329	6.485
11.327	6.474
POLYLINE GREEN
9.673	8.425
9.653	8.412
9.635	8.395
9.614	8.384
9.528	8.338
9.428	8.333
9.334	8.335
9.310	8.336
9.264	8.348
9.245	8.359
8.879	8.567
9.057	8.515
8.538	8.855
8.447	8.916
8.346	8.963
8.246	9.007
8.113	9.066
7.974	9.110
7.840	9.164
7.769	9.192
7.775	9.176
7.786	9.222
POLYLINE GREEN
10.574	7.292
10.542	7.307
10.511	7.322
10.478	7.336
10.467	7.341
10.455	7.343
10.444	7.348
10.423	7.356
10.401	7.388
10.389	7.399
10.338	7.445
10.294	7.481
10.235	7.515
10.195	7.539
10.161	7.534
10.115	7.553
10.034	7.586
9.945	7.639
9.874	7.691
9.832	7.721
9.791	7.752
9.753	7.787
9.654	7.880
9.705	7.879
9.572	7.954
9.442	8.028
9.302	8.083
9.172	8.157
9.100	8.199
9.035	8.252
8.966	8.299
8.865	8.352
8.762	8.403
8.662	8.459
8.629	8.477
8.599	8.501
8.567	8.522
8.486	8.566
8.405	8.610
8.324	8.655
8.238	8.703
8.313	8.697
8.116	8.756
7.967	8.800
7.926	8.797
7.808	8.798
POLYLINE GREEN
7.815	8.785
7.806	8.787
7.796	8.787
7.787	8.789
7.781	8.790
7.775	8.792
7.770	8.794
7.722	8.811
7.674	8.831
7.625	8.847
7.463	8.901
7.695	8.809
7.498	8.887
7.490	8.890
7.477	8.901
7.472	8.905
7.458	8.914
7.427	8.923
7.416	8.925
7.266	8.959
7.302	8.938
7.163	8.987
7.096	9.011
7.030	9.039
6.964	9.063
6.954	9.066
6.944	9.068
6.934	9.069
6.866	9.081
6.798	9.096
6.729	9.103
6.662	9.111
6.594	9.108
6.527	9.113
6.414	9.122
6.494	9.120
6.421	9.131
6.283	9.151
6.346	9.134
6.292	9.149
POLYLINE GREEN
7.802	9.179
7.717	9.185
7.632	9.192
7.548	9.198
7.492	9.195
7.435	9.184
7.380	9.189
7.311	9.194
7.246	9.222
7.177	9.228
6.938	9.247
6.968	9.219
6.762	9.206
6.497	9.188
6.773	9.213
6.605	9.215
6.365	9.203
6.564	9.207
6.443	9.213
6.439	9.213
6.435	9.212
6.431	9.212
6.395	9.205
6.359	9.195
6.323	9.192
6.316	9.192
6.311	9.199
6.306	9.202
POLYLINE GREEN
6.288	9.175
6.279	9.173
6.270	9.170
6.261	9.169
6.209	9.164
6.125	9.196
6.089	9.205
6.036	9.217
5.983	9.227
5.930	9.239
5.919	9.241
5.907	9.245
5.896	9.247
5.877	9.252
5.858	9.254
5.840	9.260
5.798	9.273
5.757	9.289
5.716	9.306
5.708	9.309
5.700	9.314
5.693	9.319
5.660	9.345
5.630	9.374
5.597	9.400
5.592	9.404
5.587	9.406
5.581	9.409
5.561	9.417
5.542	9.426
5.521	9.431
5.392	9.460
5.261	9.479
5.132	9.511
4.974	9.551
4.910	9.597
4.756	9.660
4.736	9.668
4.714	9.672
4.693	9.678
4.652	9.690
4.611	9.700
4.571	9.713
4.544	9.722
4.519	9.734
4.492	9.744
4.408	9.773
4.323	9.797
4.240	9.828
4.131	9.868
4.026	9.918
3.918	9.958
3.844	9.986
3.766	10.003
3.693	10.033
3.576	10.082
3.464	10.145
3.348	10.196
3.302	10.216
3.230	10.227
3.182	10.261
3.172	10.268
3.162	10.277
3.151	10.284
3.117	10.306
3.124	10.289
3.119	10.311
POLYLINE GREEN
6.279	9.207
6.145	9.261
6.359	9.178
5.994	9.291
5.960	9.302
5.927	9.320
5.893	9.331
5.707	9.389
5.754	9.352
5.586	9.431
5.549	9.448
5.518	9.476
5.480	9.490
5.342	9.541
5.198	9.575
5.059	9.625
4.820	9.710
4.587	9.810
4.347	9.893
4.299	9.909
4.246	9.906
4.198	9.921
3.884	10.019
4.146	9.961
3.887	10.062
3.611	10.171
3.665	10.135
3.408	10.195
3.396	10.197
3.385	10.202
3.375	10.208
3.309	10.242
3.247	10.282
3.181	10.314
3.156	10.326
3.129	10.332
3.104	10.340
POLYLINE GREEN
3.146	10.341
3.136	10.349
3.125	10.356
3.116	10.366
3.072	10.410
3.042	10.523
3.024	10.567
3.013	10.597
2.998	10.626
2.987	10.657
2.975	10.692
2.971	10.729
2.956	10.762
2.925	10.820
2.894	10.878
2.863	10.936
2.855	10.948
2.846	10.958
2.840	10.971
2.800	11.050
2.768	11.133
2.728	11.212
2.718	11.231
2.704	11.248
2.689	11.264
2.679	11.276
2.665	11.284
2.653	11.294
2.652	11.295
2.641	11.301
2.641	11.306
2.641	11.310
2.646	11.313
2.649	11.314
2.656	11.318
2.663	11.321
2.670	11.324
POLYLINE GREEN
3.119	10.323
3.114	10.324
3.108	10.325
3.103	10.327
3.080	10.335
3.058	10.360
3.048	10.382
3.031	10.418
3.016	10.454
2.999	10.490
2.973	10.545
2.980	10.521
2.941	10.587
2.930	10.607
2.919	10.627
2.909	10.648
2.891	10.688
2.907	10.668
2.892	10.714
2.885	10.733
2.877	10.751
2.869	10.769
2.866	10.775
2.862	10.780
2.859	10.785
2.836	10.819
2.813	10.854
2.789	10.888
2.766	10.919
2.769	10.898
2.749	10.945
2.739	10.970
2.735	10.998
2.724	11.022
2.710	11.050
2.691	11.074
2.676	11.100
2.674	11.104
2.673	11.107
2.672	11.111
2.667	11.132
2.673	11.154
2.666	11.175
2.663	11.183
2.660	11.191
2.656	11.198
2.627	11.251
2.641	11.214
2.632	11.240
POLYLINE GREEN
2.661	11.233
2.611	11.248
2.555	11.269
2.501	11.270
2.470	11.272
2.439	11.268
2.408	11.266
2.360	11.262
2.320	11.251
2.274	11.261
1.117	11.502
3.597	11.021
1.294	11.440
1.253	11.448
1.212	11.459
1.173	11.475
1.027	11.535
1.078	11.572
1.012	11.541
POLYLINE GREEN
2.677	11.318
2.667	11.318
2.657	11.318
2.647	11.319
2.641	11.319
2.634	11.321
2.628	11.323
2.264	11.439
1.900	11.553
1.538	11.674
1.507	11.684
1.479	11.701
1.450	11.716
1.300	11.798
1.329	11.776
1.265	11.827
POLYLINE GREEN
1.075	11.554
1.059	11.559
1.043	11.562
1.028	11.568
0.926	11.615
1.000	11.593
0.909	11.640
0.826	11.682
0.743	11.725
0.658	11.762
0.562	11.804
0.465	11.820
0.375	11.876
0.303	11.922
0.238	11.980
0.166	12.027
0.136	12.046
0.100	12.057
0.068	12.074
0.036	12.092
0.007	12.115
-0.025	12.132
-0.074	12.158
-0.155	12.174
-0.201	12.189
-0.212	12.193
-0.222	12.199
-0.233	12.204
POLYLINE GREEN
1.289	11.839
1.264	11.846
1.239	11.852
1.214	11.859
1.198	11.865
1.183	11.870
1.167	11.875
1.143	11.882
1.118	11.884
1.095	11.893
1.060	11.906
1.026	11.923
0.994	11.943
0.180	12.442
0.970	11.996
0.465	12.250
0.408	12.279
0.438	12.278
0.388	12.308
0.371	12.318
0.353	12.326
0.335	12.333
0.266	12.359
0.197	12.384
0.127	12.405
-0.241	12.515
-0.021	12.426
-0.191	12.497
POLYLINE GREEN
-0.239	12.192
-0.280	12.228
-0.328	12.255
-0.382	12.264
-0.424	12.271
-0.468	12.271
-0.510	12.279
-0.553	12.288
-0.596	12.302
-0.639	12.314
-0.725	12.321
-0.812	12.321
-0.897	12.334
-1.015	12.353
-1.131	12.382
-1.247	12.408
-1.406	12.444
-1.300	12.444
-1.509	12.465
-2.586	12.577
-0.643	12.330
-2.202	12.556
-2.317	12.573
-2.433	12.575
-2.547	12.594
-3.567	12.819
-2.470	12.600
-3.098	12.678
-3.175	12.688
-3.248	12.717
-3.326	12.725
-3.476	12.741
-3.628	12.730
-3.778	12.750
-4.157	12.799
-3.900	12.830
-4.214	12.838
-4.280	12.840
-4.346	12.828
-4.412	12.827
-4.451	12.826
-4.565	12.852
-4.586	12.857
-4.598	12.860
-4.608	12.866
-4.619	12.871
-4.892	13.002
-4.773	12.958
-4.904	13.005
POLYLINE GREEN
-4.899	12.996
-5.018	13.079
-4.872	12.982
-5.059	13.085
-5.144	13.132
-5.056	13.100
-5.140	13.139
-5.162	13.150
-5.187	13.155
-5.209	13.167
-5.285	13.208
-5.284	13.222
-5.353	13.273
-5.383	13.295
-5.415	13.314
-5.445	13.336
-5.454	13.342
-5.466	13.361
-5.471	13.367
-5.480	13.378
-5.516	13.425
-5.541	13.442
-5.693	13.541
-5.426	13.361
-5.662	13.508
-5.685	13.522
-5.706	13.540
-5.728	13.557
-5.740	13.567
-5.751	13.588
-5.760	13.600
-5.859	13.723
-5.796	13.633
-5.862	13.731
POLYLINE GREEN
-0.151	12.468
-0.175	12.473
-0.196	12.474
-0.216	12.486
-0.243	12.500
-0.261	12.520
-0.291	12.532
-0.405	12.576
-0.339	12.550
-0.455	12.578
-0.498	12.588
-0.550	12.610
-0.598	12.609
-0.678	12.606
-0.757	12.589
-0.837	12.595
-0.937	12.603
-1.034	12.633
-1.132	12.652
-1.145	12.654
-1.159	12.655
-1.171	12.659
-1.233	12.680
-1.294	12.701
-1.355	12.724
-1.402	12.743
-1.446	12.769
-1.495	12.785
-1.559	12.805
-1.626	12.812
-1.690	12.830
-1.697	12.832
-2.033	12.951
-2.132	12.960
-3.928	13.139
-1.505	12.837
-3.308	13.136
-3.520	13.171
-3.737	13.176
-3.950	13.207
-4.010	13.216
-4.067	13.239
-4.126	13.255
-4.184	13.271
-4.243	13.280
-4.299	13.301
-4.577	13.403
-4.574	13.387
-4.712	13.483
POLYLINE GREEN
-4.701	13.472
-4.720	13.484
-4.732	13.496
-4.752	13.503
-4.757	13.505
-4.762	13.505
-4.768	13.506
-4.779	13.509
-4.790	13.510
-4.801	13.513
-4.813	13.516
-4.824	13.522
-4.837	13.525
-4.869	13.533
-4.866	13.526
-4.902	13.529
-4.956	13.533
-4.973	13.535
-5.018	13.550
-5.021	13.550
-5.024	13.552
-5.027	13.554
-5.041	13.562
-5.055	13.570
-5.069	13.579
-5.074	13.582
-5.078	13.586
-5.083	13.589
-5.109	13.602
-5.135	13.614
-5.161	13.625
-5.165	13.627
-5.170	13.627
-5.174	13.628
-5.227	13.640
-5.280	13.651
-5.332	13.664
-5.358	13.671
-5.383	13.686
-5.410	13.690
-5.452	13.694
-5.493	13.697
-5.535	13.700
-5.545	13.700
-5.555	13.699
-5.565	13.700
-5.620	13.706
-5.609	13.715
-5.674	13.731
-5.698	13.734
-5.722	13.738
-5.747	13.742
-5.751	13.742
-5.756	13.742
-5.761	13.744
-5.783	13.749
-5.787	13.751
-5.806	13.759
POLYLINE GREEN
-5.796	13.763
-5.787	13.801
-5.791	13.794
-5.762	13.846
-5.757	13.855
-5.751	13.862
-5.744	13.869
-5.647	13.969
-5.780	13.799
-5.603	14.013
-5.570	14.053
-5.542	14.098
-5.511	14.140
-5.505	14.148
-5.498	14.156
-5.492	14.164
-5.463	14.202
-5.436	14.233
-5.416	14.275
-5.412	14.285
-5.409	14.295
-5.405	14.306
-5.396	14.331
-5.388	14.357
-5.378	14.383
-5.374	14.394
-5.367	14.404
-5.363	14.415
-5.340	14.488
-5.363	14.450
-5.340	14.484
POLYLINE GREEN
-5.845	13.718
-5.847	13.722
-5.850	13.725
-5.853	13.729
-5.862	13.742
-5.861	13.771
-5.860	13.780
-5.859	13.805
-5.858	13.829
-5.853	13.853
-5.835	13.934
-5.813	14.014
-5.793	14.094
-5.776	14.164
-5.757	14.233
-5.742	14.304
-5.736	14.333
-5.736	14.363
-5.731	14.392
-5.730	14.400
-5.727	14.408
-5.725	14.415
-5.723	14.423
-5.713	14.423
-5.707	14.424
POLYLINE GREEN
-5.348	14.466
-5.367	14.486
-5.387	14.507
-5.407	14.527
-5.412	14.531
-5.417	14.535
-5.423	14.538
-5.577	14.599
-5.734	14.655
-5.887	14.719
-5.997	14.765
-5.962	14.773
-6.066	14.847
-6.100	14.871
-6.138	14.891
-6.175	14.910
-6.228	14.937
-6.285	14.956
-6.338	14.984
-6.746	15.201
-6.389	15.018
-6.573	15.132
-6.669	15.192
-6.762	15.254
-6.862	15.306
-6.926	15.340
-6.999	15.356
-7.065	15.387
-7.316	15.503
-7.249	15.505
-7.513	15.601
-7.613	15.637
-7.718	15.660
-7.819	15.695
-7.853	15.707
-7.883	15.725
-7.916	15.740
-7.949	15.755
-8.034	15.791
-8.058	15.800
-8.186	15.848
-8.310	15.881
-8.430	15.940
POLYLINE GREEN
-5.753	14.394
-5.779	14.417
-5.872	14.502
-5.912	14.523
-5.970	14.551
-6.032	14.568
-6.090	14.595
-6.115	14.606
-6.137	14.623
-6.161	14.637
-6.184	14.648
-6.206	14.660
-6.229	14.671
-6.243	14.680
-6.257	14.690
-6.271	14.698
-6.291	14.709
-6.312	14.716
-6.331	14.727
-6.580	14.880
-6.318	14.728
-6.563	14.902
-6.634	14.952
-6.883	15.051
-6.902	15.062
-6.999	15.117
-7.084	15.192
-7.181	15.248
-7.465	15.414
-7.416	15.364
-7.700	15.461
-7.742	15.475
-7.780	15.500
-7.822	15.510
-7.991	15.551
-8.163	15.586
-8.338	15.570
-8.427	15.562
-8.514	15.541
-8.602	15.528
-8.645	15.523
-8.680	15.548
-8.707	15.579
-8.708	15.580
-8.709	15.582
-8.710	15.584
-8.716	15.598
-8.722	15.611
-8.729	15.624
POLYLINE GREEN
-8.642	15.558
-8.695	15.592
-8.723	15.614
-8.783	15.633
-9.127	15.738
-9.042	15.683
-9.418	15.832
-9.567	15.891
-9.711	15.961
-9.857	16.025
-10.248	16.198
-10.096	16.097
-10.339	16.288
POLYLINE GREEN
-8.430	15.950
-8.442	15.961
-8.451	15.975
-8.464	15.983
-8.511	16.012
-8.559	16.039
-8.609	16.060
-8.709	16.101
-8.836	16.134
-8.944	16.158
-9.074	16.186
-9.206	16.212
-9.336	16.241
-9.366	16.248
-9.395	16.257
-9.424	16.265
-9.486	16.280
-9.548	16.293
-9.609	16.310
-9.647	16.321
-9.683	16.339
-9.722	16.349
-10.256	16.494
-10.019	16.398
-10.244	16.493
POLYLINE GREEN
-12.143	17.083
-12.146	17.080
POLYLINE GREEN
-10.295	16.282
-10.418	16.410
-10.411	16.408
-10.597	16.558
-10.622	16.579
-10.654	16.590
-10.679	16.611
-10.741	16.663
-10.800	16.716
-10.856	16.774
-10.918	16.838
-10.969	16.913
-11.033	16.976
-11.257	17.200
-11.465	17.399
-11.749	17.537
-11.792	17.558
-11.859	17.565
-11.900	17.572
POLYLINE GREEN
-11.912	17.877
-11.891	17.866
-11.870	17.854
-11.847	17.845
-11.782	17.822
-11.711	17.814
-11.642	17.815
-11.572	17.816
-11.504	17.827
-11.434	17.831
-11.395	17.833
-11.353	17.824
-11.316	17.842
-11.279	17.861
-11.236	17.925
-11.222	17.942
POLYLINE GREEN
-10.225	16.497
-10.344	16.667
-10.427	16.763
-10.511	16.931
-10.537	16.983
-10.563	17.034
-10.582	17.089
-10.617	17.190
-10.644	17.293
-10.671	17.395
-10.677	17.418
-10.679	17.523
-10.680	17.528
-10.701	17.664
-10.711	17.609
-10.712	17.716
-10.712	17.790
-10.669	17.852
-10.630	17.912
POLYLINE GREEN
-11.961	17.881
-12.056	17.913
-12.014	17.892
-12.089	17.939
POLYLINE GREEN
-12.320	17.908
-12.431	17.937
-12.383	17.921
-12.466	17.953
POLYLINE GREEN
-12.609	17.917
-12.656	17.917
-12.670	17.922
-12.710	17.939
POLYLINE GREEN
-11.969	17.560
-12.022	17.555
-12.056	17.563
-12.105	17.576
POLYLINE GREEN
-12.321	17.541
-12.483	17.550
POLYLINE GREEN
-12.681	17.531
-12.728	17.521
-12.699	17.525
-12.770	17.528
POLYLINE GREEN
-12.835	17.912
-12.883	17.903
-12.886	17.904
-12.922	17.930
POLYLINE GREEN
-12.913	17.587
-12.951	17.594
POLYLINE GREEN
-13.374	17.892
-13.359	17.893
POLYLINE GREEN
-13.264	17.893
-13.253	17.886
-13.241	17.879
-13.230	17.871
-13.209	17.856
-13.182	17.825
-13.186	17.796
-13.192	17.750
-13.191	17.776
-13.201	17.733
-13.203	17.728
-13.203	17.703
-13.197	17.700
-13.184	17.693
-13.169	17.689
-13.155	17.683
POLYLINE GREEN
-13.265	17.562
-13.225	17.556
-13.249	17.556
-13.195	17.570
POLYLINE GREEN
-13.354	17.846
-13.336	17.860
-13.319	17.870
-13.296	17.872
-13.269	17.875
-13.242	17.877
-13.215	17.879
-13.211	17.879
-13.207	17.878
-13.203	17.877
-13.180	17.871
-13.141	17.848
-13.134	17.823
-13.130	17.807
-13.138	17.788
-13.145	17.775
-13.146	17.771
-13.195	17.706
-13.189	17.679
-13.186	17.663
-13.169	17.654
-13.158	17.645
POLYLINE GREEN
-13.162	17.565
-13.170	17.554
-13.177	17.542
-13.187	17.533
-13.189	17.531
-13.190	17.537
-13.190	17.540
-13.191	17.544
-13.187	17.558
-13.189	17.554
-13.205	17.487
-13.199	17.514
-13.191	17.527
-13.183	17.541
-13.175	17.555
-13.167	17.569
POLYLINE GREEN
-10.647	17.869
-10.634	17.900
-10.623	17.936
-10.600	17.962
-10.523	18.047
-10.397	18.128
-10.318	18.189
-10.156	18.315
-10.381	18.157
-10.100	18.346
POLYLINE GREEN
-11.204	17.940
-11.167	17.986
-11.131	18.032
-11.094	18.078
-11.030	18.172
-10.973	18.272
-10.901	18.360
-10.815	18.464
-10.714	18.554
-10.622	18.652
-10.523	18.759
-10.664	18.627
-10.546	18.734
POLYLINE GREEN
-10.581	18.663
-10.187	19.055
-10.458	18.774
-9.785	19.915
-9.726	20.015
-9.685	20.125
-9.629	20.227
-9.586	20.304
-9.531	20.373
-9.489	20.450
-9.439	20.541
-9.407	20.641
-9.353	20.729
-9.217	20.951
-9.053	21.153
-8.920	21.377
-8.851	21.493
-8.811	21.624
-8.750	21.744
-8.688	21.869
-8.614	21.987
-8.550	22.110
-8.535	22.140
-8.529	22.173
-8.514	22.202
-8.463	22.300
-7.986	23.178
-7.926	23.283
-7.761	23.560
-7.596	23.838
-7.431	24.116
-7.400	24.161
-7.365	24.203
-7.338	24.251
-7.067	24.719
-7.228	24.623
-6.993	24.778
POLYLINE GREEN
-13.875	22.679
-13.875	22.685
POLYLINE GREEN
-10.080	18.395
-10.038	18.460
-9.992	18.522
-9.955	18.590
-9.808	18.859
-9.669	19.133
-9.529	19.406
-9.510	19.442
-9.496	19.481
-9.479	19.518
-9.468	19.540
-9.455	19.562
-9.443	19.584
-9.417	19.639
-9.394	19.696
-9.364	19.749
-9.345	19.783
-9.319	19.812
-9.297	19.844
-9.248	19.916
-9.193	19.985
-9.150	20.061
-9.057	20.227
-8.981	20.402
-8.890	20.569
-8.869	20.610
-8.837	20.644
-8.815	20.684
-8.772	20.764
-8.739	20.848
-8.697	20.928
-8.588	21.136
-8.474	21.340
-8.361	21.545
-8.347	21.571
-8.329	21.595
-8.316	21.621
-8.293	21.667
-8.274	21.715
-8.253	21.762
-8.229	21.812
-8.203	21.861
-8.181	21.912
-8.153	21.979
-8.133	22.049
-8.104	22.115
-7.977	22.407
-7.839	22.694
-7.715	22.987
-7.683	23.065
-7.681	23.185
-7.664	23.263
-7.652	23.315
-7.637	23.365
-7.619	23.415
-7.566	23.558
-7.426	23.674
-7.341	23.780
-7.329	23.795
-7.322	23.812
-7.314	23.828
-7.227	24.001
-7.145	24.175
-7.056	24.347
-7.048	24.362
-7.037	24.376
-7.025	24.387
-6.958	24.446
-6.886	24.498
-6.819	24.557
-6.704	24.657
-6.860	24.548
-6.725	24.636
POLYLINE GREEN
-6.973	24.806
-6.896	24.739
-6.940	24.773
-6.761	24.680
-6.748	24.673
-6.735	24.669
-6.721	24.665
-6.707	24.661
-6.693	24.657
-6.679	24.653
POLYLINE GREEN
-6.941	24.798
-6.892	24.881
-6.913	24.872
-6.863	24.906
POLYLINE GREEN
-6.878	24.781
-6.842	24.854
-6.862	24.824
-6.821	24.873
POLYLINE GREEN
-6.815	24.768
-6.770	24.839
-6.791	24.811
-6.756	24.856
POLYLINE GREEN
-6.763	24.750
-6.752	24.780
-6.760	24.763
-6.737	24.798
POLYLINE GREEN
-6.709	24.739
-6.694	24.757
POLYLINE GREEN
-6.685	24.669
-6.675	24.702
-6.662	24.735
-6.641	24.763
POLYLINE GREEN
-6.943	24.841
-6.896	25.020
-6.959	24.767
-6.909	25.060
-6.867	25.306
-6.885	24.969
-6.868	25.335
-6.865	25.400
-6.881	25.353
-6.884	25.428
-6.887	25.485
-6.883	25.542
-6.883	25.599
-6.883	25.614
-6.880	25.628
-6.882	25.643
-6.884	25.668
-6.940	25.884
-6.892	25.960
-6.869	25.997
-6.832	26.022
-6.798	26.048
POLYLINE GREEN
-6.722	24.717
-6.530	24.903
-6.941	24.497
-6.517	24.984
-6.389	25.131
-6.237	25.256
-6.113	25.407
-5.996	25.550
-5.905	25.714
-5.795	25.864
-5.725	25.959
-5.643	26.045
-5.574	26.140
-5.540	26.187
-5.517	26.240
-5.486	26.288
-5.454	26.338
-5.418	26.386
-5.386	26.436
-5.258	26.634
-5.135	26.835
-5.006	27.032
-4.994	27.049
-4.979	27.064
-4.963	27.078
-4.920	27.114
-4.900	27.124
-4.858	27.148
POLYLINE GREEN
-6.947	25.941
-6.916	25.972
-6.883	26.000
-6.855	26.034
-6.818	26.077
-6.787	26.124
-6.754	26.170
-6.682	26.270
-6.612	26.371
-6.541	26.472
-6.448	26.605
-6.350	26.734
-6.264	26.871
-5.967	27.347
-6.245	26.937
-6.142	27.128
-6.079	27.241
-6.016	27.353
-5.953	27.466
-5.938	27.487
-5.922	27.507
-5.909	27.529
-5.788	27.725
-5.884	27.612
-5.685	27.872
-5.660	27.905
-5.628	27.931
-5.601	27.962
-5.477	28.099
-5.485	28.109
-5.356	28.211
-5.324	28.237
-5.286	28.255
-5.256	28.282
-5.043	28.469
-5.175	28.426
-5.020	28.462
POLYLINE GREEN
-4.927	27.114
-4.915	27.128
-4.904	27.143
-4.889	27.154
-4.855	27.181
-4.818	27.205
-4.781	27.228
-4.773	27.233
-4.764	27.237
-4.755	27.239
-4.629	27.269
-4.504	27.306
-4.376	27.327
-4.272	27.344
-4.167	27.350
-4.062	27.352
-3.992	27.354
-3.922	27.337
-3.852	27.339
-3.731	27.342
-3.610	27.356
-3.488	27.367
-2.856	27.425
-2.549	27.482
-1.846	27.473
-1.700	27.471
-1.559	27.425
-1.414	27.407
-1.374	27.403
-1.334	27.409
-1.294	27.406
-1.061	27.389
-1.217	27.381
-1.071	27.392
POLYLINE GREEN
-5.163	28.416
-5.121	28.492
-5.080	28.503
-5.003	28.546
-4.991	28.552
-4.981	28.561
-4.968	28.565
-4.712	28.653
-4.796	28.613
-4.540	28.683
-4.531	28.686
-4.523	28.691
-4.516	28.696
-4.491	28.711
-4.470	28.732
-4.444	28.745
-4.390	28.775
-4.336	28.804
-4.279	28.824
-4.209	28.849
-4.135	28.855
-4.065	28.878
-3.875	28.939
-3.692	29.021
-3.501	29.077
-3.426	29.100
-3.347	29.102
-3.270	29.113
-3.161	29.129
-3.051	29.138
-2.943	29.158
-2.726	29.198
-2.508	29.235
-2.296	29.294
-2.160	29.332
-2.035	29.400
-1.902	29.446
-1.808	29.479
-1.620	29.533
-1.503	29.555
-1.404	29.573
-1.247	29.592
-1.157	29.554
-1.143	29.548
-1.125	29.535
-1.114	29.527

ELEVATION
STATIONS
0.000	0.000	0
1.994	-1.485	1
2.981	-1.820	2
4.004	-2.417	3
4.473	-2.702	4
10.259	-8.838	5
10.722	-11.002	6
7.872	-12.543	7
6.304	-12.461	8
3.134	-15.476	9
2.668	-15.118	10
1.062	-15.534	11
-0.150	-16.397	12
-4.817	-17.659	13
-5.834	-17.491	14
-5.344	-18.253	15
-8.393	-19.637	16
-10.302	-19.359	17
-11.385	-19.664	18
-10.147	-19.234	19
-7.032	-19.253	20
-6.403	-21.934	21
-5.066	-35.042	22
-1.355	-38.752	23
SHOTS
0.000	0.000	-0.130	0.063
0.000	0.000	0.164	-2.487
0.000	0.000	-0.500	0.778
0.000	0.000	1.994	-1.485
1.994	-1.485	2.238	-1.502
1.994	-1.485	2.530	-3.599
1.994	-1.485	1.762	-0.872
1.994	-1.485	2.981	-1.820
2.981	-1.820	3.325	-1.861
2.981	-1.820	3.092	-3.569
2.981	-1.820	4.004	-2.417
4.004	-2.417	3.759	-2.515
4.004	-2.417	3.693	-1.731
4.004	-2.417	4.188	-4.186
4.004	-2.417	4.473	-2.702
4.473	-2.702	4.792	-2.718
4.473	-2.702	4.646	-6.712
4.473	-2.702	10.259	-8.838
10.259	-8.838	9.165	-8.692
10.259	-8.838	9.422	-8.601
10.259	-8.838	10.271	-8.674
10.259	-8.838	10.274	-13.211
10.259	-8.838	9.609	-6.849
10.259	-8.838	10.722	-11.002
10.722	-11.002	9.671	-10.960
10.722	-11.002	10.865	-9.107
10.722	-11.002	10.075	-14.274
10.722	-11.002	7.872	-12.543
7.872	-12.543	7.839	-12.522
7.872	-12.543	7.740	-15.961
7.872	-12.543	7.737	-10.842
7.872	-12.543	6.304	-12.461
6.304	-12.461	6.403	-12.465
6.304	-12.461	6.332	-15.041
6.304	-12.461	6.119	-11.725
6.304	-12.461	3.134	-15.476
3.134	-15.476	3.509	-15.494
3.134	-15.476	3.403	-17.772
3.134	-15.476	3.172	-13.320
3.134	-15.476	2.668	-15.118
2.668	-15.118	2.496	-15.107
2.668	-15.118	2.379	-17.970
2.668	-15.118	2.571	-13.551
2.668	-15.118	1.062	-15.534
1.062	-15.534	1.332	-15.615
1.062	-15.534	1.516	-18.045
1.062	-15.534	0.942	-14.462
1.062	-15.534	-0.150	-16.397
-0.150	-16.397	-0.216	-16.390
-0.150	-16.397	-0.056	-18.536
-0.150	-16.397	-0.324	-15.131
-0.150	-16.397	-4.817	-17.659
-4.817	-17.659	-4.630	-17.540
-4.817	-17.659	-5.185	-20.446
-4.817	-17.659	-4.966	-16.446
-4.817	-17.659	-5.834	-17.491
-5.834	-17.491	-5.530	-17.410
-5.834	-17.491	-5.788	-20.086
-5.834	-17.491	-5.787	-16.791
-5.834	-17.491	-5.687	-17.459
-5.834	-17.491	-5.344	-18.253
-5.344	-18.253	-5.740	-17.922
-5.344	-18.253	-5.595	-20.518
-5.344	-18.253	-5.492	-17.090
-5.344	-18.253	-8.393	-19.637
-8.393	-19.637	-8.562	-19.583
-8.393	-19.637	-8.347	-20.424
-8.393	-19.637	-8.654	-18.366
-8.393	-19.637	-10.302	-19.359
-10.302	-19.359	-10.018	-19.228
-10.302	-19.359	-10.217	-19.033
-10.302	-19.359	-11.385	-19.664
-11.385	-19.664	-11.805	-19.646
-11.385	-19.664	-10.654	-19.228
-11.385	-19.664	-10.951	-20.550
-11.385	-19.664	-10.147	-19.234
-10.147	-19.234	-10.612	-19.289
-10.147	-19.234	-9.908	-20.743
-10.147	-19.234	-7.032	-19.253
-7.032	-19.253	-6.762	-19.269
-7.032	-19.253	-6.955	-20.062
-7.032	-19.253	-6.403	-21.934
-6.403	-21.934	-6.905	-21.904
-6.403	-21.934	-5.911	-21.804
-6.403	-21.934	-5.221	-22.031
-6.403	-21.934	-5.066	-35.042
-5.066	-35.042	-4.909	-35.066
-5.066	-35.042	-1.089	-34.760
-5.066	-35.042	-1.211	-35.090
-5.066	-35.042	-4.033	-35.063
-5.066	-35.042	-1.077	-38.855
-5.066	-35.042	-3.843	-36.293
-5.066	-35.042	-1.030	-38.815
-5.066	-35.042	-1.021	-38.817
-5.066	-35.042	-1.599	-38.878
-5.066	-35.042	-1.355	-38.752
POLYLINE BLACK
-0.497	0.745
-0.465	0.705
-0.464	0.697
-0.418	0.667
-0.348	0.619
-0.309	0.618
-0.231	0.586
-0.208	0.576
-0.186	0.562
-0.163	0.552
-0.131	0.537
-0.096	0.528
-0.065	0.511
0.362	0.307
-0.029	0.463
0.217	0.322
0.267	0.294
0.324	0.278
0.374	0.248
0.447	0.204
0.509	0.143
0.584	0.103
1.545	-0.413
0.599	0.157
1.141	-0.181
1.187	-0.210
1.214	-0.217
1.246	-0.250
1.269	-0.274
1.298	-0.343
1.303	-0.350
1.349	-0.423
1.397	-0.495
1.449	-0.564
1.471	-0.593
1.498	-0.616
1.523	-0.643
1.562	-0.684
1.572	-0.701
1.613	-0.729
1.695	-0.784
1.681	-0.773
1.769	-0.811
1.782	-0.817
1.795	-0.824
1.809	-0.829
1.820	-0.834
1.833	-0.836
1.845	-0.840
1.852	-0.843
1.859	-0.848
1.866	-0.852
1.896	-0.868
1.839	-0.846
1.940	-0.875
POLYLINE BLACK
-0.069	-2.416
0.008	-2.455
0.033	-2.473
0.125	-2.492
0.275	-2.519
0.425	-2.546
0.574	-2.573
0.651	-2.594
0.727	-2.618
0.804	-2.635
0.865	-2.648
0.930	-2.641
0.988	-2.666
1.046	-2.690
1.073	-2.722
1.132	-2.762
1.277	-2.861
1.105	-2.697
1.372	-2.956
1.490	-3.071
1.396	-3.012
1.489	-3.081
1.695	-3.233
1.815	-3.352
2.048	-3.428
2.152	-3.463
2.262	-3.478
2.369	-3.506
2.395	-3.513
2.419	-3.525
2.445	-3.534
2.458	-3.539
2.472	-3.541
2.485	-3.546
2.530	-3.564
2.561	-3.590
2.609	-3.579
2.612	-3.579
2.614	-3.577
2.616	-3.576
2.630	-3.565
2.644	-3.553
2.658	-3.542
POLYLINE BLACK
2.568	-3.581
2.580	-3.590
2.591	-3.598
2.603	-3.606
2.653	-3.636
2.808	-3.627
2.834	-3.626
2.871	-3.625
2.907	-3.615
2.944	-3.615
3.252	-3.612
3.039	-3.637
3.202	-3.615
POLYLINE BLACK
1.885	-0.844
1.996	-0.864
1.986	-0.858
2.147	-0.945
2.754	-1.277
1.990	-0.890
2.429	-1.148
2.648	-1.276
2.712	-1.254
2.995	-1.334
3.027	-1.342
3.056	-1.359
3.088	-1.370
3.100	-1.374
3.113	-1.377
3.126	-1.378
3.156	-1.379
3.273	-1.390
3.332	-1.372
3.358	-1.364
3.382	-1.354
3.407	-1.345

