TRIP
DATE 2026-08-27
DECLINATION 0.0
DATA
0		243.06	-33.56	3.189	>
0		243.20	-33.70	3.196	>
0		243.35	-33.60	3.220	>
0	1	243.20	-33.62	3.202	>
1		90.44	-24.82	3.176	>
1		90.52	-24.92	3.175	>
1		90.49	-24.94	3.178	>
1	2	90.48	-24.90	3.176	>
2		85.92	-13.78	1.596	>
2		86.08	-13.63	1.595	>
2		85.93	-13.52	1.592	>
2	3	85.98	-13.65	1.594	>
3		141.36	-78.28	0.724	>
3		141.21	-22.60	0.822	>
3		124.17	-80.39	0.741	>
3		16.45	-42.25	0.855	>
3		166.05	-26.42	0.520	>
3		98.44	14.77	1.394	>
3		123.96	7.67	1.550	>
3		112.53	2.46	1.222	>
3		95.54	10.12	1.846	>
3		95.55	10.02	1.846	>
3		95.58	10.03	1.846	>
3	4	95.56	10.06	1.846	>
4		163.15	37.84	0.283	>
4		209.05	47.46	0.576	>
4		279.84	-47.20	0.339	>
4		77.85	-75.47	1.044	>
4		191.69	2.77	0.688	>
4		81.63	-9.84	3.115	>
4		81.62	-9.88	3.118	>
4		81.61	-9.84	3.116	>
4	5	81.62	-9.85	3.116	>
5		104.72	12.92	2.911	>
5		177.12	-3.94	2.213	>
5		111.92	11.38	2.952	>
5		173.72	-15.35	2.383	>
5		229.82	-22.01	3.142	>
5		174.56	-24.91	2.593	>
5		180.40	55.80	4.405	>
5		160.79	28.85	2.058	>
5		181.23	52.90	4.632	>
5		213.65	27.21	3.652	>
5		213.72	27.17	3.644	>
5		213.65	27.03	3.623	>
5	6	213.67	27.14	3.640	>
6		97.98	1.87	1.157	>
6		145.40	-7.62	1.889	>
6		168.19	-5.53	2.813	>
6		188.77	-5.78	2.996	>
6		215.87	-6.25	3.266	>
6		193.59	67.29	9.289	>
6		230.18	62.19	17.974	>
6		147.54	-78.78	11.650	>
6		147.22	-78.71	11.599	>
6		147.71	-78.78	11.755	>
6	7	147.49	-78.75	11.668	>
7		15.18	3.10	3.013	>
7		343.31	-3.05	4.056	>
7		314.99	-1.55	3.401	>
7		260.21	0.39	2.501	>
7		346.87	-74.58	8.394	>
7		347.07	-74.24	8.399	>
7		348.10	-74.69	8.418	>
7	8	347.35	-74.50	8.404	>
8		140.74	13.05	1.663	>
8		195.95	3.31	2.898	>
8		239.93	1.98	2.762	>
8		308.45	9.41	2.821	>
8		344.12	18.92	2.352	>
8		43.59	18.52	1.132	>
8		108.95	17.48	1.656	>
8		320.55	15.45	3.825	>
8		320.34	15.70	3.780	>
8		320.39	15.70	3.794	>
8	9	320.43	15.62	3.800	>
9		165.23	-87.01	1.129	>
9		41.75	-48.39	0.743	>
9		235.21	-40.52	0.543	>
9		16.62	-88.41	1.152	>
9		336.85	-36.79	2.135	>
9		336.55	-36.84	2.145	>
9		336.54	-36.85	2.151	>
9	10	336.65	-36.83	2.144	>
10		121.87	26.54	0.723	>
10		180.20	-76.96	0.952	>
10		230.47	16.37	0.684	>
10		140.50	20.72	1.604	>
10		171.06	21.54	1.820	>
10		93.92	-0.09	1.609	>
10		80.77	-13.50	1.288	>
10		80.69	-13.51	1.287	>
10		80.85	-13.25	1.285	>
10	11	80.77	-13.42	1.287	>
11		189.34	-57.73	0.650	>
11		154.50	-19.73	0.632	>
11		133.02	37.15	0.562	>
11		74.33	-45.93	3.377	>
11		74.34	-45.74	3.380	>
11		74.44	-45.70	3.363	>
11	12	74.37	-45.79	3.373	>
12		270.26	6.86	0.706	>
12		219.51	8.90	0.340	>
12		0.49	1.96	0.433	>
12		280.80	-75.28	6.759	>
12		280.99	-75.27	6.764	>
12		280.92	-75.45	6.765	>
12	13	280.90	-75.33	6.763	>
13		239.50	23.42	0.850	>
13		175.25	32.71	1.504	>
13		147.21	45.27	2.092	>
13		99.10	30.94	1.482	>
13		26.76	17.84	1.029	>
13		351.44	20.98	0.806	>
13		2.92	23.43	1.963	>
13		348.33	-2.27	3.151	>
13		357.82	8.82	1.836	>
13		357.63	8.99	1.838	>
13		357.74	9.04	1.834	>
13	14	357.73	8.95	1.836	>
14		148.92	-70.91	0.630	>
14		246.44	-26.31	0.520	>
14		301.86	17.96	0.640	>
14		323.99	-67.53	10.434	>
14		342.70	-73.32	12.365	>
14		3.60	-78.33	10.463	>
14		248.52	-87.47	9.907	>
14		285.45	-77.62	9.529	>
14		297.70	-70.37	9.107	>
14		323.55	-59.91	8.530	>
14		323.54	-60.03	8.529	>
14		323.57	-59.92	8.533	>
14	15	323.55	-59.95	8.531	>
15		356.89	13.53	1.979	>
15		11.32	2.18	2.463	>
15		227.43	11.73	1.151	>
15		77.79	24.96	0.651	>
15		75.66	67.01	1.514	>
15		214.50	44.18	1.808	>
15		148.19	-47.83	4.948	>
15		9.39	25.88	2.085	>
15		9.46	26.61	2.076	>
15		9.35	26.35	2.072	>
15	16	9.40	26.28	2.078	>
16		340.26	-63.82	1.832	>
16		18.44	-60.56	2.238	>
16		2.32	-57.46	6.875	>
16		2.03	-55.84	3.025	>
16		1.25	-55.87	7.186	>
16		4.07	-61.19	6.952	>

PLAN
STATIONS
0.000	0.000	0
-2.380	-1.202	1
0.501	-1.226	2
2.047	-1.118	3
3.856	-1.294	4
6.893	-0.846	5
5.098	-3.542	6
6.321	-5.461	7
5.829	-3.270	8
3.497	-0.449	9
2.817	1.126	10
4.053	1.327	11
6.318	1.961	12
4.636	2.285	13
4.565	4.097	14
2.027	7.533	15
2.331	9.371	16
SHOTS
0.000	0.000	-2.380	-1.202
-2.380	-1.202	0.501	-1.226
0.501	-1.226	2.047	-1.118
2.047	-1.118	2.139	-1.233
2.047	-1.118	2.522	-1.709
2.047	-1.118	2.149	-1.187
2.047	-1.118	2.226	-0.511
2.047	-1.118	2.159	-1.570
2.047	-1.118	3.380	-1.316
2.047	-1.118	3.321	-1.976
2.047	-1.118	3.175	-1.585
2.047	-1.118	3.856	-1.294
3.856	-1.294	3.921	-1.508
3.856	-1.294	3.667	-1.634
3.856	-1.294	3.629	-1.254
3.856	-1.294	4.112	-1.239
3.856	-1.294	3.717	-1.967
3.856	-1.294	6.893	-0.846
6.893	-0.846	9.638	-1.567
6.893	-0.846	7.005	-3.051
6.893	-0.846	9.578	-1.927
6.893	-0.846	7.145	-3.130
6.893	-0.846	4.668	-2.726
6.893	-0.846	7.116	-3.187
6.893	-0.846	6.876	-3.322
6.893	-0.846	7.487	-2.548
6.893	-0.846	6.833	-3.640
6.893	-0.846	5.098	-3.542
5.098	-3.542	6.243	-3.702
5.098	-3.542	6.161	-5.083
5.098	-3.542	5.671	-6.282
5.098	-3.542	4.643	-6.488
5.098	-3.542	3.195	-6.172
5.098	-3.542	4.255	-7.028
5.098	-3.542	-1.342	-8.911
5.098	-3.542	6.321	-5.461
6.321	-5.461	7.108	-2.557
6.321	-5.461	5.157	-1.581
6.321	-5.461	3.916	-3.057
6.321	-5.461	3.856	-5.886
6.321	-5.461	5.829	-3.270
5.829	-3.270	6.854	-4.524
5.829	-3.270	5.034	-6.051
5.829	-3.270	3.440	-4.653
5.829	-3.270	3.649	-1.539
5.829	-3.270	5.220	-1.130
5.829	-3.270	6.569	-2.492
5.829	-3.270	7.323	-3.782
5.829	-3.270	3.497	-0.449
3.497	-0.449	3.512	-0.506
3.497	-0.449	3.826	-0.081
3.497	-0.449	3.158	-0.684
3.497	-0.449	3.507	-0.418
3.497	-0.449	2.817	1.126
2.817	1.126	3.367	0.785
2.817	1.126	2.816	0.912
2.817	1.126	2.311	0.709
2.817	1.126	3.772	-0.031
2.817	1.126	3.080	-0.546
2.817	1.126	4.422	1.016
2.817	1.126	4.053	1.327
4.053	1.327	3.996	0.985
4.053	1.327	4.309	0.790
4.053	1.327	4.380	1.021
4.053	1.327	6.318	1.961
6.318	1.961	5.617	1.964
6.318	1.961	6.104	1.702
6.318	1.961	6.321	2.394
6.318	1.961	4.636	2.285
4.636	2.285	3.964	1.889
4.636	2.285	4.741	1.024
4.636	2.285	5.434	1.047
4.636	2.285	5.891	2.084
4.636	2.285	5.077	3.159
4.636	2.285	4.524	3.029
4.636	2.285	4.728	4.083
4.636	2.285	3.999	5.368
4.636	2.285	4.565	4.097
4.565	4.097	4.671	3.921
4.565	4.097	4.137	3.911
4.565	4.097	4.048	4.418
4.565	4.097	2.220	7.323
4.565	4.097	3.509	7.486
4.565	4.097	4.698	6.209
4.565	4.097	4.158	3.937
4.565	4.097	2.595	4.641
4.565	4.097	1.856	5.519
4.565	4.097	2.027	7.533
2.027	7.533	1.923	9.454
2.027	7.533	2.510	9.946
2.027	7.533	1.197	6.770
2.027	7.533	2.604	7.658
2.027	7.533	2.600	7.679
2.027	7.533	1.293	6.464
2.027	7.533	3.778	4.710
2.027	7.533	2.331	9.371
2.331	9.371	2.058	10.131
2.331	9.371	2.679	10.414
2.331	9.371	2.481	13.065
2.331	9.371	2.392	11.068
2.331	9.371	2.419	13.402
2.331	9.371	2.569	12.713
POLYLINE BLACK
1.724	-0.705
1.691	-0.728
1.657	-0.748
1.626	-0.773
1.586	-0.804
1.542	-0.854
1.528	-0.904
1.500	-1.013
1.612	-1.101
1.711	-1.097
1.789	-1.093
1.893	-1.046
1.894	-0.955
1.894	-0.935
1.888	-0.915
1.874	-0.900
1.839	-0.861
1.764	-0.848
1.723	-0.835
POLYLINE BLACK
1.674	-1.310
1.568	-1.422
1.462	-1.533
1.356	-1.645
1.355	-1.652
1.350	-1.659
1.352	-1.666
1.358	-1.683
1.385	-1.691
1.398	-1.693
1.419	-1.697
1.519	-1.727
1.570	-1.713
1.649	-1.692
1.702	-1.597
1.726	-1.526
1.731	-1.511
1.734	-1.496
1.736	-1.480
1.737	-1.471
1.741	-1.461
1.736	-1.453
1.718	-1.428
1.692	-1.409
1.671	-1.388
POLYLINE BLACK
-4.840	-3.550
-4.960	-3.530
POLYLINE BLACK
0.703	-1.790
1.058	-1.725
1.116	-1.708
1.595	-1.683
1.673	-1.679
1.750	-1.693
1.827	-1.702
2.002	-1.723
2.175	-1.750
2.350	-1.774
2.432	-1.785
2.516	-1.788
2.597	-1.807
3.257	-1.962
3.130	-1.916
3.496	-2.076
POLYLINE BLACK
1.448	-0.496
1.596	-0.420
1.706	-0.408
1.875	-0.415
1.946	-0.417
2.043	-0.459
2.096	-0.492
2.412	-0.685
2.716	-0.899
3.034	-1.091
3.127	-1.148
3.341	-1.212
3.439	-1.229
3.544	-1.247
3.651	-1.252
3.758	-1.263
3.765	-1.263
3.771	-1.263
3.778	-1.262
3.843	-1.252
3.909	-1.241
3.974	-1.230
POLYLINE BLACK
3.653	-1.300
3.495	-1.304
3.432	-1.290
3.291	-1.341
3.204	-1.373
3.119	-1.413
3.035	-1.452
3.024	-1.457
3.011	-1.475
3.007	-1.485
2.981	-1.545
3.062	-1.642
3.082	-1.670
3.120	-1.725
3.170	-1.788
3.235	-1.815
3.346	-1.862
3.501	-1.810
3.584	-1.730
3.665	-1.653
3.668	-1.493
3.684	-1.403
POLYLINE BLACK
2.716	-1.394
2.682	-1.418
2.469	-1.438
2.433	-1.504
2.425	-1.519
2.435	-1.537
2.448	-1.545
2.511	-1.581
2.576	-1.614
2.642	-1.645
2.662	-1.655
2.690	-1.652
2.703	-1.632
2.736	-1.580
2.667	-1.466
2.660	-1.446
POLYLINE BLACK
2.804	-1.061
2.715	-1.075
2.626	-1.087
2.538	-1.103
2.536	-1.103
2.491	-1.112
2.496	-1.130
2.503	-1.158
2.640	-1.217
2.656	-1.173
2.661	-1.158
2.655	-1.138
2.647	-1.125
2.622	-1.084
2.593	-1.045
2.566	-1.004
POLYLINE BLACK
3.461	-2.072
3.500	-2.055
3.539	-2.036
3.578	-2.020
3.586	-2.017
3.595	-2.016
3.603	-2.015
3.645	-2.009
3.686	-2.002
3.729	-1.997
3.756	-1.994
3.762	-1.999
3.783	-2.014
POLYLINE BLACK
3.926	-1.314
4.520	-1.002
4.594	-0.917
5.208	-0.753
5.311	-0.725
5.419	-0.704
5.526	-0.708
5.994	-0.729
6.458	-0.806
6.926	-0.829
7.038	-0.834
7.150	-0.810
7.261	-0.794
7.492	-0.763
7.719	-0.701
7.951	-0.689
8.212	-0.674
8.472	-0.710
8.733	-0.713
8.759	-0.714
8.786	-0.710
8.810	-0.700
9.033	-0.611
9.249	-0.505
9.472	-0.417
9.560	-0.382
9.669	-0.385
9.759	-0.388
9.927	-0.395
10.030	-0.517
10.079	-0.669
10.097	-0.726
10.109	-0.785
10.103	-0.844
10.092	-0.957
10.011	-1.051
10.012	-1.165
10.014	-1.274
10.088	-1.387
10.041	-1.491
10.036	-1.502
10.031	-1.513
10.023	-1.522
9.907	-1.635
9.789	-1.745
9.670	-1.854
9.642	-1.878
9.608	-1.895
9.581	-1.921
9.486	-2.012
9.432	-2.143
9.374	-2.257
POLYLINE BLACK
9.337	-2.207
8.985	-2.201
9.176	-2.195
8.467	-2.444
8.130	-2.562
7.795	-2.687
7.468	-2.830
7.459	-2.834
7.234	-2.958
7.192	-3.038
7.182	-3.058
7.173	-3.079
7.164	-3.100
POLYLINE BLACK
7.331	-2.799
7.261	-2.615
7.278	-2.689
7.256	-2.414
7.252	-2.359
7.253	-2.302
7.282	-2.253
7.305	-2.212
7.350	-2.184
7.392	-2.166
7.573	-2.089
7.609	-2.120
7.812	-2.191
7.828	-2.196
7.843	-2.205
7.858	-2.214
7.943	-2.265
8.016	-2.424
8.062	-2.489
8.077	-2.510
8.098	-2.526
8.116	-2.544
POLYLINE BLACK
7.219	-2.698
7.216	-2.700
POLYLINE BLACK
7.216	-2.714
7.294	-2.711
7.249	-2.715
7.351	-2.693
POLYLINE BLACK
7.282	-2.504
7.386	-2.477
POLYLINE BLACK
7.256	-2.279
7.301	-2.364
7.328	-2.393
7.391	-2.453
POLYLINE BLACK
7.400	-2.250
7.408	-2.326
7.402	-2.287
7.419	-2.367
POLYLINE BLACK
7.561	-2.189
7.531	-2.318
POLYLINE BLACK
7.737	-2.230
7.641	-2.341
POLYLINE BLACK
7.910	-2.381
7.795	-2.466
POLYLINE BLACK
7.993	-2.480
7.854	-2.601
POLYLINE BLACK
3.681	-2.176
3.700	-2.166
3.719	-2.154
3.740	-2.145
3.751	-2.140
3.763	-2.136
3.775	-2.135
3.875	-2.133
3.974	-2.134
4.074	-2.138
4.098	-2.139
4.147	-2.153
4.168	-2.166
4.205	-2.190
4.240	-2.217
4.276	-2.244
4.467	-2.388
4.504	-2.390
4.609	-2.565
4.627	-2.596
4.635	-2.679
4.638	-2.696
POLYLINE BLACK
6.859	-3.109
6.951	-3.096
6.899	-3.102
7.015	-3.097
POLYLINE BLACK
6.870	-3.113
6.854	-3.084
6.841	-3.053
6.824	-3.025
6.814	-3.008
6.801	-2.993
6.787	-2.978
6.751	-2.937
6.716	-2.893
6.674	-2.858
6.576	-2.775
6.445	-2.706
6.325	-2.667
6.101	-2.595
5.863	-2.534
5.624	-2.553
5.438	-2.568
5.254	-2.604
5.071	-2.642
4.853	-2.688
4.848	-2.693
4.724	-2.752
POLYLINE BLACK
2.530	-3.757
2.484	-3.794
POLYLINE BLACK
4.824	-1.690
4.756	-1.788
4.686	-1.885
4.619	-1.984
4.569	-2.058
4.592	-2.139
4.686	-2.156
4.688	-2.157
4.799	-2.185
4.846	-2.175
4.864	-2.171
4.881	-2.161
4.893	-2.147
4.939	-2.091
4.928	-2.025
4.890	-1.967
4.808	-1.841
4.808	-1.845
4.730	-1.764
POLYLINE BLACK
5.200	-1.760
5.138	-1.825
5.076	-1.890
5.016	-1.956
4.979	-1.997
4.965	-2.071
4.980	-2.123
4.997	-2.179
5.079	-2.207
5.127	-2.170
5.179	-2.129
5.230	-2.084
5.259	-2.023
5.304	-1.930
5.212	-1.778
5.114	-1.760
5.108	-1.759
5.101	-1.761
5.095	-1.761
POLYLINE BLACK
5.594	-1.501
5.568	-1.511
5.540	-1.519
5.515	-1.531
5.498	-1.538
5.483	-1.549
5.468	-1.560
5.386	-1.622
5.467	-1.617
5.508	-1.657
5.528	-1.676
5.546	-1.696
5.563	-1.717
5.619	-1.791
5.629	-1.849
5.679	-1.938
5.682	-1.943
5.682	-1.927
5.683	-1.921
5.673	-1.881
5.669	-1.840
5.655	-1.801
5.634	-1.746
5.608	-1.693
5.580	-1.641
5.572	-1.625
5.485	-1.486
5.451	-1.508
5.447	-1.510
5.444	-1.514
5.443	-1.518
5.436	-1.533
5.431	-1.549
5.426	-1.565
POLYLINE BLACK
5.754	-1.981
5.691	-2.035
5.627	-2.088
5.566	-2.144
5.553	-2.155
5.547	-2.177
5.546	-2.193
5.543	-2.234
5.554	-2.274
5.582	-2.305
5.624	-2.354
5.698	-2.385
5.740	-2.321
5.749	-2.307
5.758	-2.284
5.760	-2.268
5.767	-2.223
5.769	-2.190
5.762	-2.148
5.754	-2.099
5.722	-2.089
5.682	-2.055
POLYLINE BLACK
6.243	-2.116
6.223	-2.143
6.203	-2.169
6.183	-2.195
6.182	-2.200
6.177	-2.206
6.180	-2.210
6.183	-2.213
6.190	-2.211
6.195	-2.209
6.209	-2.204
6.223	-2.197
6.236	-2.189
6.287	-2.158
6.310	-2.128
6.282	-2.069
6.275	-2.056
6.235	-1.972
6.210	-1.957
6.173	-1.934
6.130	-1.920
6.090	-1.901
POLYLINE BLACK
6.782	-1.701
6.695	-1.922
6.597	-2.138
6.521	-2.363
6.494	-2.444
6.487	-2.530
6.473	-2.614
6.471	-2.626
6.469	-2.638
6.473	-2.650
6.479	-2.670
6.492	-2.688
6.501	-2.707
POLYLINE BLACK
6.818	-1.749
7.089	-2.128
7.046	-2.028
7.244	-2.483
7.280	-2.566
7.299	-2.798
7.304	-2.839
POLYLINE BLACK
7.209	-2.846
7.240	-2.744
POLYLINE BLACK
7.250	-2.733
7.186	-2.951
7.171	-3.266
7.017	-3.468
6.997	-3.494
6.964	-3.519
6.940	-3.539
POLYLINE BLACK
6.441	-2.448
6.372	-2.720
6.308	-3.002
6.375	-3.281
6.401	-3.393
6.439	-3.501
6.473	-3.611
6.487	-3.658
6.557	-3.656
6.593	-3.648
6.708	-3.620
6.867	-3.427
6.899	-3.400
6.939	-3.366
6.985	-3.341
7.026	-3.310
7.063	-3.280
7.107	-3.225
7.136	-3.192
POLYLINE BLACK
9.435	-0.795
9.418	-0.781
POLYLINE BLACK
9.473	-0.824
9.441	-0.866
9.416	-0.914
9.379	-0.951
9.297	-1.031
9.211	-1.106
9.118	-1.172
9.027	-1.237
8.925	-1.285
8.829	-1.343
8.811	-1.354
8.806	-1.380
8.811	-1.399
8.821	-1.435
8.849	-1.478
8.868	-1.501
8.956	-1.609
9.067	-1.690
9.211	-1.647
9.357	-1.603
9.480	-1.495
9.600	-1.410
9.665	-1.364
9.763	-1.252
9.763	-1.164
9.763	-1.133
9.755	-1.104
9.743	-1.075
9.691	-0.950
9.597	-0.902
9.489	-0.814
POLYLINE BLACK
8.335	-0.946
8.257	-0.978
8.179	-1.008
8.102	-1.041
8.087	-1.048
8.066	-1.067
8.055	-1.080
8.017	-1.126
8.014	-1.182
8.051	-1.230
8.077	-1.263
8.117	-1.279
8.158	-1.285
8.175	-1.287
8.240	-1.282
8.235	-1.249
8.230	-1.216
8.223	-1.183
8.216	-1.151
POLYLINE BLACK
8.237	-0.972
8.237	-0.995
8.245	-1.173
8.223	-1.245
8.215	-1.274
8.202	-1.302
8.192	-1.330
POLYLINE BLACK
7.069	-3.237
7.054	-3.254
7.037	-3.271
7.025	-3.290
7.011	-3.311
6.998	-3.334
6.990	-3.358
6.912	-3.597
6.831	-3.835
6.769	-4.078
6.738	-4.200
6.724	-4.405
6.743	-4.539
6.753	-4.605
6.775	-4.670
6.791	-4.735
POLYLINE BLACK
7.488	-2.610
7.576	-2.599
7.520	-2.608
7.652	-2.576
POLYLINE BLACK
4.575	-2.538
4.768	-2.835
4.629	-2.606
4.889	-3.161
4.906	-3.198
4.929	-3.233
4.944	-3.271
4.975	-3.345
4.971	-3.385
4.978	-3.468
POLYLINE BLACK
4.895	-3.560
4.736	-3.667
4.576	-3.800
4.377	-3.821
4.209	-3.838
4.010	-3.807
3.853	-3.801
3.758	-3.797
3.704	-3.820
3.608	-3.843
POLYLINE BLACK
3.595	-3.990
3.494	-3.860
3.492	-3.838
3.354	-3.740
3.260	-3.674
3.145	-3.611
3.027	-3.601
2.844	-3.586
2.658	-3.790
2.587	-3.936
2.410	-4.296
2.486	-4.262
2.295	-4.506
2.275	-4.530
2.227	-4.586
2.186	-4.605
2.156	-4.618
2.106	-4.632
2.075	-4.628
1.877	-4.602
1.607	-4.511
1.378	-4.538
1.285	-4.549
1.191	-4.600
1.125	-4.665
0.361	-5.418
-0.407	-6.169
-1.154	-6.940
-1.237	-7.026
-1.304	-7.129
-1.364	-7.233
-1.586	-7.619
-1.664	-8.074
-1.680	-8.512
-1.687	-8.697
-1.644	-8.923
-1.492	-9.046
-1.359	-9.154
-1.173	-9.152
-1.013	-9.172
-0.693	-9.213
-0.372	-9.254
-0.050	-9.286
-0.018	-9.290
0.014	-9.284
0.045	-9.279
0.094	-9.269
0.141	-9.254
0.189	-9.242
POLYLINE BLACK
2.145	-4.748
2.138	-4.804
POLYLINE BLACK
2.184	-4.709
2.140	-4.746
2.087	-4.778
2.057	-4.829
1.994	-4.933
1.984	-5.082
1.987	-5.196
1.996	-5.462
2.065	-5.693
2.228	-5.908
2.408	-6.147
2.606	-6.371
2.803	-6.596
2.831	-6.629
2.862	-6.663
2.902	-6.680
2.982	-6.714
3.071	-6.723
3.155	-6.745
POLYLINE BLACK
15.827	-1.891
15.827	-1.891
POLYLINE BLACK
1896.994	12.530
1651.412	15.036
POLYLINE BLACK
1663.942	12.530
1661.486	12.480
POLYLINE BLACK
1666.448	12.530
1650.059	16.020
1633.670	19.510
1617.281	23.000
1612.537	23.575
1607.560	23.146
1603.051	24.726
1532.351	49.502
1478.965	97.381
1410.942	132.688
1380.404	148.538
1347.014	158.156
1314.915	170.546
1309.846	172.502
1297.121	170.814
1299.459	175.718
1301.981	181.011
1311.173	174.825
1317.034	174.992
1319.545	175.064
1322.030	175.695
1324.432	176.430
1326.819	177.161
1329.137	178.158
1331.320	179.367
1338.014	183.074
1348.870	193.909
1352.821	196.648
1366.549	206.165
1371.626	204.730
1386.328	213.641
1393.307	217.871
1402.025	227.748
1411.081	230.447
1446.864	241.114
1494.977	212.105
1528.359	199.477
1529.853	198.912
1525.949	201.597
1524.587	202.432
1469.864	235.976
1447.612	238.960
1470.984	235.558
POLYLINE BLACK
6.764	-4.708
6.569	-5.133
6.821	-4.598
6.443	-5.302
6.416	-5.353
6.416	-5.382
6.414	-5.433
POLYLINE BLACK
0.157	-9.402
0.705	-8.657
0.850	-8.374
1.533	-7.765
1.795	-7.532
2.083	-7.331
2.366	-7.124
2.412	-7.090
2.464	-7.067
2.516	-7.045
2.685	-6.974
2.857	-6.912
3.028	-6.845
POLYLINE BLACK
3.180	-6.772
3.394	-6.907
3.508	-6.973
3.753	-6.998
3.808	-7.003
3.865	-7.008
3.920	-7.001
4.009	-6.990
4.096	-6.969
4.183	-6.945
4.260	-6.924
4.358	-6.886
4.416	-6.824
4.426	-6.813
4.436	-6.801
4.444	-6.788
4.494	-6.698
4.538	-6.606
4.588	-6.516
4.647	-6.412
4.781	-6.388
4.885	-6.357
POLYLINE BLACK
6.391	-5.364
6.374	-5.401
6.360	-5.439
6.340	-5.474
6.247	-5.632
6.105	-5.737
5.950	-5.827
5.920	-5.845
5.887	-5.860
5.853	-5.870
5.797	-5.888
5.739	-5.901
5.681	-5.910
5.610	-5.922
5.538	-5.925
5.466	-5.934
5.454	-5.936
5.441	-5.940
5.430	-5.944
5.372	-5.967
5.346	-5.994
5.292	-6.034
POLYLINE BLACK
4.903	-6.496
5.452	-6.274
POLYLINE BROWN
7.260	-3.757
7.255	-3.725
7.252	-3.692
7.244	-3.659
7.239	-3.639
7.233	-3.619
7.223	-3.600
6.713	-2.641
6.915	-2.922
6.616	-2.521
POLYLINE BROWN
5.042	-5.989
5.002	-6.077
5.005	-6.030
5.042	-6.129
POLYLINE BROWN
3.900	-5.892
4.289	-5.849
4.285	-5.866
4.790	-5.657
5.924	-5.187
6.039	-5.145
6.915	-4.463
7.106	-4.314
7.218	-4.152
7.253	-3.915
7.255	-3.899
7.262	-3.810
7.252	-3.782
7.241	-3.752
7.224	-3.726
7.210	-3.698
POLYLINE BROWN
3.967	-5.834
3.947	-5.810
3.925	-5.789
3.909	-5.763
3.893	-5.739
3.879	-5.714
3.871	-5.687
3.824	-5.525
3.789	-5.359
3.743	-5.196
3.718	-5.108
3.682	-5.023
3.657	-4.935
3.609	-4.771
3.620	-4.708
3.540	-4.581
POLYLINE BROWN
6.549	-2.495
6.515	-2.444
6.408	-2.241
6.311	-2.166
6.126	-2.021
6.008	-1.965
5.868	-1.796
5.714	-1.610
5.576	-1.411
5.420	-1.226
5.385	-1.184
5.339	-1.153
5.297	-1.119
5.265	-1.094
5.239	-1.088
5.219	-1.058
5.199	-1.029
5.199	-0.993
5.195	-0.959
POLYLINE BROWN
5.288	-1.026
4.832	-0.751
4.374	-0.479
3.920	-0.201
3.895	-0.185
3.871	-0.150
3.855	-0.126
3.853	-0.122
3.851	-0.117
3.849	-0.113
3.836	-0.074
3.825	-0.035
3.812	0.004
POLYLINE BROWN
3.751	-1.498
3.270	-0.761
3.680	-1.322
3.204	-0.802
3.171	-0.767
3.148	-0.724
3.120	-0.685
POLYLINE BROWN
3.113	-0.707
2.794	-0.313
3.168	-0.762
2.369	0.018
2.299	0.085
2.241	0.163
2.177	0.236
POLYLINE BROWN
2.224	0.170
2.117	0.351
2.082	0.468
2.101	0.675
2.105	0.713
2.122	0.761
2.140	0.794
2.210	0.918
2.306	0.978
2.433	1.048
2.462	1.064
2.494	1.077
2.527	1.084
2.680	1.118
2.836	1.138
2.990	1.171
3.072	1.189
3.198	1.288
3.244	1.318
POLYLINE BROWN
3.790	-0.006
3.754	0.011
3.717	0.026
3.682	0.045
3.561	0.113
3.474	0.259
3.411	0.374
3.376	0.438
3.344	0.508
3.351	0.583
3.366	0.734
3.530	0.842
3.662	0.881
3.831	0.932
3.997	0.877
4.170	0.868
4.314	0.861
4.410	0.885
4.550	0.908
POLYLINE BROWN
3.231	1.357
4.108	1.406
3.778	1.434
4.223	1.384
POLYLINE BROWN
4.507	0.896
4.880	1.174
4.566	0.955
5.399	1.361
5.482	1.402
5.561	1.454
5.647	1.490
5.922	1.604
5.969	1.608
6.197	1.662
POLYLINE BROWN
4.024	1.402
4.071	1.441
4.114	1.489
4.167	1.521
4.338	1.625
4.602	1.751
4.806	1.783
4.936	1.804
5.257	1.780
5.452	1.851
5.504	1.871
5.593	1.926
5.583	1.994
5.582	2.004
5.574	2.028
5.566	2.035
5.561	2.039
5.553	2.039
5.547	2.040
5.531	2.043
5.514	2.044
5.498	2.047
POLYLINE BROWN
5.913	1.488
8.607	1.441
7.666	1.313
8.760	1.477
POLYLINE BROWN
6.261	1.540
6.080	1.502
5.900	1.467
5.720	1.426
5.708	1.424
5.692	1.413
5.699	1.398
5.721	1.342
5.875	1.297
5.928	1.287
5.947	1.284
5.967	1.284
5.987	1.282
6.061	1.266
6.136	1.250
6.210	1.234
POLYLINE BROWN
9.404	1.564
9.356	1.343
9.309	1.122
9.260	0.902
9.259	0.901
9.256	0.900
9.255	0.901
9.252	0.905
9.252	0.910
9.251	0.914
9.250	1.076
9.237	1.238
9.248	1.399
9.254	1.494
9.281	1.587
9.303	1.680
9.329	1.791
9.388	1.910
9.500	1.953
9.594	1.989
9.690	1.978
9.737	1.884
9.754	1.850
9.766	1.805
9.760	1.767
9.734	1.592
9.672	1.410
9.494	1.344
9.461	1.332
9.375	1.319
9.350	1.359
9.320	1.408
9.293	1.460
9.264	1.510
POLYLINE BROWN
9.911	1.980
9.892	1.878
9.869	1.776
9.853	1.673
9.848	1.642
9.869	1.624
9.895	1.643
9.914	1.656
9.932	1.671
9.949	1.688
9.967	1.708
9.982	1.732
9.999	1.753
10.007	1.763
10.013	1.776
10.025	1.781
10.031	1.784
10.040	1.778
10.044	1.772
10.051	1.761
10.053	1.746
10.054	1.733
10.060	1.649
10.058	1.565
10.064	1.481
10.070	1.383
10.174	1.298
10.262	1.277
10.347	1.257
10.451	1.278
10.519	1.335
10.542	1.354
10.562	1.380
10.576	1.406
10.605	1.462
10.614	1.571
10.541	1.598
10.515	1.608
10.485	1.605
10.458	1.599
10.324	1.567
10.310	1.330
10.339	1.227
10.367	1.129
10.492	1.067
10.587	1.063
10.632	1.061
10.677	1.074
10.718	1.091
10.779	1.117
10.865	1.170
10.907	1.219
11.006	1.331
11.095	1.450
11.185	1.569
11.198	1.585
11.210	1.604
11.214	1.624
11.215	1.631
11.203	1.635
11.196	1.634
11.180	1.633
11.165	1.626
11.150	1.620
11.109	1.602
11.060	1.569
11.046	1.524
11.017	1.435
11.015	1.353
11.018	1.256
11.023	1.112
11.065	0.968
11.139	0.844
11.156	0.816
11.176	0.790
11.195	0.762
POLYLINE BROWN
10.700	2.528
11.995	2.442
POLYLINE BROWN
11.769	1.402
11.686	1.470
11.657	1.483
11.548	1.441
11.464	1.409
11.391	1.375
11.322	1.319
11.266	1.274
11.221	1.208
11.183	1.151
11.144	1.093
11.146	1.037
11.179	0.978
11.196	0.949
11.219	0.922
11.250	0.908
11.309	0.882
11.368	0.888
11.430	0.899
11.524	0.915
11.592	0.962
11.651	1.036
11.677	1.070
11.704	1.112
11.716	1.155
11.724	1.184
11.743	1.299
11.712	1.316
11.706	1.319
11.697	1.315
11.691	1.310
11.679	1.301
11.669	1.288
11.660	1.275
11.606	1.193
11.571	1.112
11.584	1.013
11.598	0.912
11.656	0.837
11.705	0.748
POLYLINE BROWN
11.800	1.208
11.865	1.229
11.928	1.259
11.995	1.272
12.095	1.291
12.198	1.299
12.299	1.304
12.356	1.307
12.412	1.299
12.469	1.293
12.476	1.293
12.508	1.290
12.511	1.273
12.513	1.259
12.493	1.238
12.486	1.234
12.418	1.188
12.349	1.142
12.277	1.102
12.196	1.056
12.110	1.019
12.028	0.976
12.016	0.971
12.001	0.959
11.997	0.945
11.987	0.904
12.073	0.865
12.090	0.857
12.139	0.831
12.189	0.808
12.238	0.783
POLYLINE BROWN
8.246	0.502
8.204	0.333
8.171	0.161
8.118	-0.006
8.111	-0.030
8.110	0.045
8.110	0.070
8.111	0.147
8.116	0.224
8.123	0.301
8.130	0.364
8.153	0.431
8.195	0.480
8.224	0.513
8.266	0.540
8.303	0.562
8.414	0.625
8.535	0.593
8.636	0.524
8.679	0.494
8.740	0.421
8.665	0.386
8.602	0.357
8.539	0.327
8.473	0.304
8.401	0.278
8.326	0.261
8.252	0.239
POLYLINE BROWN
9.160	0.568
9.058	0.574
8.997	0.560
8.934	0.479
8.880	0.411
8.897	0.284
8.998	0.280
9.069	0.278
9.145	0.315
9.197	0.361
9.305	0.456
9.194	0.566
9.079	0.555
9.015	0.549
8.992	0.520
8.934	0.480
POLYLINE BROWN
9.579	0.379
9.604	0.408
9.623	0.442
9.653	0.466
9.660	0.471
9.657	0.448
9.656	0.439
9.653	0.411
9.644	0.384
9.640	0.357
9.637	0.336
9.642	0.311
9.654	0.294
9.665	0.276
9.686	0.263
9.706	0.257
9.800	0.232
9.894	0.204
9.989	0.184
10.070	0.167
10.147	0.170
10.185	0.250
10.212	0.309
10.206	0.391
10.211	0.446
POLYLINE BROWN
10.627	0.426
10.559	0.415
10.512	0.417
10.455	0.387
10.405	0.362
10.279	0.267
10.349	0.201
10.371	0.180
10.409	0.166
10.435	0.157
10.526	0.126
10.606	0.145
10.700	0.169
10.755	0.183
10.813	0.204
10.852	0.247
10.883	0.281
10.926	0.359
10.865	0.388
10.851	0.394
10.830	0.399
10.814	0.397
10.740	0.386
10.771	0.250
10.822	0.215
10.867	0.184
10.900	0.169
10.952	0.154
10.985	0.144
11.021	0.140
11.055	0.152
11.068	0.156
11.081	0.161
11.092	0.168
11.113	0.181
11.180	0.252
11.211	0.226
11.232	0.209
11.223	0.193
11.233	0.170
11.264	0.102
11.298	0.036
11.330	-0.031
POLYLINE BROWN
11.798	0.643
11.523	-0.000
11.430	0.232
11.630	-0.088
POLYLINE BROWN
11.338	0.395
12.041	0.394
POLYLINE BROWN
12.130	0.080
12.099	0.101
12.058	0.140
12.015	0.149
11.889	0.176
11.691	-0.006
11.649	-0.035
11.636	-0.044
11.632	-0.063
11.642	-0.076
11.682	-0.126
11.814	-0.120
11.867	-0.113
11.899	-0.109
11.963	-0.081
12.001	-0.104
12.026	-0.120
12.019	-0.146
12.029	-0.169
12.054	-0.225
12.082	-0.278
12.108	-0.333
POLYLINE BROWN
12.703	0.075
12.656	0.092
12.610	0.112
12.562	0.126
12.493	0.146
12.398	0.146
12.334	0.107
12.249	0.057
12.208	-0.067
12.222	-0.161
12.227	-0.195
12.244	-0.237
12.261	-0.265
12.344	-0.399
12.484	-0.517
12.650	-0.504
12.688	-0.501
12.799	-0.456
12.793	-0.405
12.787	-0.353
12.775	-0.302
12.766	-0.251
POLYLINE BROWN
12.969	0.716
12.913	0.357
12.951	0.444
12.807	0.119
12.769	0.041
12.731	-0.036
12.693	-0.114
12.694	-0.118
12.692	-0.123
12.695	-0.126
12.702	-0.134
12.725	-0.125
12.728	-0.123
12.846	-0.051
12.960	0.025
13.078	0.096
13.112	0.117
13.151	0.090
13.167	0.059
13.189	0.018
13.199	-0.023
13.207	-0.069
13.211	-0.092
13.212	-0.116
13.211	-0.139
13.211	-0.162
13.207	-0.184
13.204	-0.206
13.184	-0.315
13.159	-0.422
13.141	-0.531
13.137	-0.557
13.135	-0.583
13.138	-0.609
13.141	-0.651
13.151	-0.692
13.158	-0.734
POLYLINE BROWN
6.134	1.707
6.151	1.718
6.170	1.727
6.186	1.740
6.215	1.763
6.257	1.812
6.276	1.844
6.310	1.903
6.341	1.964
6.371	2.026
6.375	2.034
6.378	2.043
6.379	2.052
6.387	2.110
6.384	2.162
6.376	2.221
6.368	2.274
6.319	2.344
6.297	2.378
6.268	2.423
6.219	2.446
6.168	2.455
6.151	2.458
6.134	2.462
6.118	2.460
5.881	2.433
5.934	2.481
5.856	2.381
POLYLINE BLUE
5.427	1.036
5.440	1.043
5.541	1.086
5.568	1.117
5.607	1.160
5.646	1.204
5.678	1.253
5.783	1.413
5.834	1.605
5.880	1.787
5.894	1.842
5.897	1.901
5.902	1.958
5.907	2.037
5.887	2.115
5.856	2.186
5.850	2.199
5.843	2.210
5.836	2.222
POLYLINE BLUE
5.412	1.036
5.567	1.086
5.629	1.096
5.781	1.204
5.890	1.282
5.990	1.372
6.090	1.462
6.127	1.495
6.212	1.580
6.226	1.645
6.235	1.685
6.235	1.702
6.236	1.737
POLYLINE BLUE
5.780	2.388
5.803	2.381
5.827	2.376
5.850	2.368
5.879	2.358
5.940	2.316
5.956	2.305
5.972	2.293
6.005	2.251
6.014	2.240
POLYLINE BLUE
3.988	1.875
4.009	1.854
4.029	1.831
4.053	1.811
4.163	1.718
4.278	1.630
4.388	1.537
4.496	1.447
4.593	1.345
4.708	1.263
4.813	1.188
4.930	1.129
5.046	1.069
5.094	1.045
5.178	1.014
5.242	1.010
5.268	1.008
5.316	1.011
5.344	1.013
POLYLINE BLUE
3.962	1.834
4.093	1.579
4.199	1.280
4.449	1.119
4.533	1.065
4.700	0.993
4.794	0.976
4.911	0.955
5.029	0.946
5.148	0.943
5.277	0.939
5.380	0.950
5.498	0.987
5.519	0.994
5.539	1.003
5.558	1.014
5.642	1.060
5.735	1.110
5.805	1.179
5.839	1.212
5.867	1.250
5.899	1.285
POLYLINE BLUE
3.978	1.874
3.959	1.935
3.960	1.956
3.979	2.026
3.987	2.057
3.997	2.087
4.011	2.115
4.170	2.426
4.117	2.262
4.352	2.624
4.400	2.697
4.442	2.774
4.476	2.854
4.666	3.299
4.459	2.902
4.538	3.050
POLYLINE BROWN
3.499	-4.470
3.496	-4.397
3.487	-4.357
3.505	-4.288
3.552	-4.111
3.853	-3.309
3.843	-2.869
3.828	-2.262
3.828	-2.687
3.748	-2.188
3.723	-2.037
3.719	-1.883
3.694	-1.732
3.686	-1.681
3.666	-1.633
3.651	-1.584
3.648	-1.575
3.642	-1.566
3.641	-1.557
3.638	-1.520
3.639	-1.483
3.638	-1.446
POLYLINE BLUE
3.744	-3.185
3.740	-3.186
POLYLINE BROWN
5.090	1.609
5.111	1.550
5.143	1.512
5.198	1.483
5.215	1.474
5.236	1.468
5.256	1.467
5.323	1.463
5.397	1.521
5.379	1.593
5.359	1.676
5.235	1.710
5.167	1.668
5.145	1.653
5.133	1.630
5.119	1.608
POLYLINE BROWN
5.421	1.570
5.399	1.547
5.376	1.530
5.362	1.502
5.345	1.467
5.348	1.436
5.384	1.418
5.403	1.409
5.424	1.406
5.444	1.414
5.484	1.428
5.530	1.482
5.504	1.526
5.482	1.564
5.432	1.599
5.391	1.612
5.365	1.620
5.346	1.611
5.319	1.605
POLYLINE BROWN
4.796	1.680
4.795	1.660
4.790	1.635
4.797	1.614
4.811	1.571
4.875	1.542
4.917	1.540
4.933	1.539
4.959	1.541
4.969	1.557
4.984	1.583
4.935	1.656
4.913	1.652
4.893	1.649
4.875	1.641
4.855	1.636
POLYLINE BROWN
4.830	1.550
4.779	1.538
4.759	1.538
4.709	1.503
4.632	1.448
4.557	1.388
4.484	1.328
4.472	1.315
4.459	1.302
4.447	1.289
4.449	1.286
4.449	1.282
4.452	1.281
4.459	1.279
4.467	1.279
4.474	1.281
4.950	1.396
4.566	1.301
4.886	1.403
4.904	1.409
4.956	1.413
4.972	1.406
4.980	1.403
4.956	1.400
4.947	1.399
4.931	1.396
4.913	1.397
4.897	1.401
4.877	1.406
4.851	1.423
4.838	1.433
4.809	1.455
4.783	1.479
4.756	1.502
POLYLINE BROWN
5.579	1.924
5.590	1.926
5.611	1.932
5.624	1.930
5.661	1.927
5.734	1.894
5.747	1.890
5.869	1.855
5.780	1.900
5.904	1.840
5.914	1.835
5.923	1.829
5.931	1.822
5.956	1.798
5.979	1.772
6.002	1.746
6.008	1.738
6.014	1.729
6.018	1.720
6.040	1.676
6.040	1.674
6.050	1.643
POLYLINE BROWN
5.546	1.801
5.566	1.807
5.578	1.812
5.597	1.813
5.632	1.813
5.665	1.795
5.693	1.778
5.714	1.765
5.750	1.738
5.767	1.715
5.780	1.699
5.792	1.677
5.799	1.657
5.802	1.648
5.803	1.639
5.805	1.629
5.806	1.621
5.800	1.617
5.793	1.617
5.790	1.617
5.788	1.617
5.785	1.618
5.751	1.627
5.718	1.638
5.684	1.646
5.651	1.654
5.617	1.657
5.584	1.665
5.570	1.668
5.557	1.674
5.543	1.680
5.528	1.685
5.518	1.696
5.509	1.709
5.507	1.711
5.505	1.714
5.504	1.716
5.497	1.733
5.494	1.757
5.500	1.775
5.504	1.785
5.509	1.795
5.513	1.804
5.514	1.807
5.518	1.814
5.522	1.817
5.531	1.824
5.545	1.818
5.551	1.810
5.564	1.793
5.576	1.775
5.589	1.758
POLYLINE BROWN
5.564	1.635
5.527	1.603
5.541	1.618
5.495	1.549
5.490	1.543
5.474	1.519
5.479	1.506
5.483	1.496
5.494	1.492
5.504	1.492
5.531	1.493
5.556	1.500
5.574	1.522
5.586	1.538
5.583	1.561
5.581	1.580
5.580	1.586
5.578	1.608
5.570	1.615
5.564	1.621
5.554	1.622
5.546	1.621
5.528	1.621
5.510	1.611
5.495	1.602
5.491	1.599
5.486	1.595
5.482	1.592
POLYLINE BROWN
5.443	1.732
5.440	1.730
5.437	1.727
5.434	1.724
5.420	1.710
5.413	1.675
5.410	1.658
5.408	1.650
5.404	1.625
5.411	1.615
5.413	1.611
5.419	1.610
5.424	1.611
5.444	1.613
5.457	1.622
5.464	1.641
5.469	1.654
5.472	1.680
5.462	1.692
5.459	1.695
5.454	1.698
5.450	1.699
5.430	1.703
5.421	1.698
5.407	1.685
POLYLINE BROWN
5.275	1.742
5.278	1.730
5.282	1.718
5.286	1.707
5.289	1.698
5.294	1.691
5.304	1.690
5.313	1.688
5.324	1.688
5.332	1.693
5.336	1.696
5.339	1.701
5.341	1.705
5.344	1.714
5.346	1.724
5.338	1.731
5.331	1.736
5.322	1.738
5.314	1.736
5.306	1.734
5.314	1.730
5.317	1.729
5.324	1.727
5.330	1.725
5.337	1.724
POLYLINE BLUE
5.090	3.196
5.091	3.044
5.154	3.040
5.220	2.859
5.362	2.467
5.246	2.610
5.401	2.335
5.446	2.255
5.498	2.178
5.547	2.100
5.552	2.092
5.564	2.091
5.572	2.094
5.599	2.103
5.626	2.136
5.642	2.159
5.780	2.373
5.743	2.309
5.833	2.502
POLYLINE BLUE
5.476	1.003
5.579	0.973
5.679	0.936
5.783	0.912
5.842	0.899
5.903	0.897
5.964	0.892
5.980	0.891
6.040	0.887
6.062	0.905
6.085	0.923
6.088	0.943
6.087	0.973
6.086	1.012
6.065	1.053
6.043	1.084
6.021	1.114
5.997	1.142
5.971	1.170
5.951	1.192
5.918	1.219
5.888	1.228
5.881	1.230
5.873	1.230
5.866	1.231
POLYLINE BLUE
5.976	0.955
6.078	0.940
6.140	0.830
6.220	0.773
POLYLINE BLUE
6.012	0.980
5.985	0.979
5.958	0.979
5.931	0.977
5.928	0.977
5.893	0.972
5.912	0.961
5.942	0.944
5.974	0.928
6.004	0.909
6.013	0.903
6.020	0.894
6.028	0.886
POLYLINE BLUE
6.438	0.903
6.320	0.776
6.359	0.830
6.307	0.752
POLYLINE BLUE
6.483	0.785
6.443	0.786
6.404	0.789
6.364	0.790
6.362	0.790
6.358	0.789
6.357	0.788
6.348	0.782
6.349	0.768
6.352	0.760
6.356	0.747
6.375	0.716
6.376	0.714
6.406	0.655
6.380	0.700
6.399	0.667
POLYLINE BLUE
6.509	0.669
6.497	0.687
6.489	0.697
6.466	0.696
6.452	0.696
6.437	0.695
6.425	0.687
6.415	0.681
6.405	0.668
6.405	0.656
6.406	0.642
6.423	0.627
6.435	0.624
6.458	0.618
6.483	0.617
6.505	0.626
6.516	0.631
6.527	0.640
6.521	0.653
6.513	0.668
6.489	0.642
6.485	0.634
6.476	0.617
6.477	0.598
6.475	0.578
POLYLINE BLUE
6.512	0.578
6.483	0.543
6.452	0.508
6.424	0.471
6.413	0.456
6.398	0.440
6.394	0.422
6.391	0.408
6.412	0.444
6.421	0.456
POLYLINE BLUE
6.514	0.564
6.528	0.575
6.556	0.607
6.579	0.598
6.583	0.597
6.586	0.595
6.588	0.592
6.591	0.587
6.592	0.581
6.592	0.575
6.591	0.554
6.582	0.537
6.564	0.525
6.555	0.518
6.547	0.514
6.536	0.511
6.522	0.507
6.505	0.512
6.492	0.515
6.476	0.520
6.485	0.535
6.496	0.540
6.499	0.541
6.502	0.543
6.505	0.544
6.516	0.546
6.526	0.548
6.537	0.549
6.551	0.550
6.601	0.552
6.592	0.523
6.588	0.513
6.584	0.503
6.580	0.493
6.579	0.489
6.577	0.487
6.577	0.484
6.578	0.472
6.597	0.470
6.605	0.470
6.608	0.470
6.611	0.471
6.614	0.471
6.618	0.472
6.622	0.474
6.626	0.474
6.627	0.474
6.625	0.472
6.625	0.471
6.615	0.461
6.605	0.451
6.596	0.441
6.589	0.433
6.587	0.419
6.585	0.411
POLYLINE BLUE
6.670	0.544
6.675	0.548
POLYLINE BLUE
6.624	0.407
6.648	0.400
6.653	0.396
6.675	0.395
6.689	0.394
6.713	0.400
6.712	0.419
6.711	0.432
6.691	0.439
6.681	0.435
6.668	0.430
6.655	0.425
6.643	0.418
6.623	0.407
6.592	0.391
6.588	0.364
6.585	0.350
6.593	0.337
6.606	0.331
6.626	0.321
6.643	0.316
6.666	0.317
6.675	0.317
6.683	0.319
6.691	0.322
6.701	0.326
6.705	0.333
6.711	0.341
POLYLINE BLUE
6.103	0.675
5.987	0.556
6.024	0.609
5.974	0.531
POLYLINE BLUE
6.165	0.574
6.144	0.572
6.122	0.568
6.101	0.567
6.078	0.568
6.056	0.569
6.034	0.570
6.034	0.571
6.035	0.572
6.036	0.573
6.037	0.574
6.040	0.575
6.042	0.576
6.058	0.581
6.058	0.553
6.059	0.545
6.060	0.534
6.060	0.523
6.061	0.511
6.062	0.501
6.070	0.484
6.075	0.476
6.085	0.458
6.101	0.447
6.122	0.455
6.147	0.465
6.174	0.481
6.187	0.505
6.195	0.520
6.196	0.533
6.199	0.550
6.201	0.556
6.200	0.559
6.202	0.564
6.207	0.576
6.219	0.582
6.229	0.590
POLYLINE BLUE
6.207	0.394
6.218	0.405
6.240	0.428
6.236	0.446
6.233	0.461
6.206	0.460
6.196	0.457
6.171	0.450
6.124	0.434
6.117	0.404
6.115	0.397
6.114	0.388
6.117	0.381
6.121	0.369
6.137	0.362
6.149	0.360
6.174	0.354
6.199	0.355
6.224	0.363
6.242	0.369
6.276	0.386
6.284	0.406
6.292	0.427
6.271	0.470
6.246	0.468
6.236	0.468
6.228	0.461
6.220	0.456
POLYLINE BLUE
6.341	0.322
6.340	0.327
6.339	0.335
6.335	0.340
6.319	0.359
6.278	0.363
6.256	0.361
6.238	0.359
6.218	0.353
6.205	0.340
6.191	0.325
6.213	0.295
6.225	0.288
6.245	0.275
6.270	0.272
6.294	0.276
6.335	0.282
6.367	0.325
6.366	0.366
6.365	0.381
6.349	0.392
6.335	0.390
6.327	0.388
6.320	0.381
6.314	0.377
POLYLINE BLUE
6.447	0.397
6.312	0.268
6.323	0.295
6.267	0.206
POLYLINE BLUE
6.439	0.193
6.435	0.199
6.431	0.205
6.427	0.210
6.416	0.223
6.391	0.228
6.375	0.230
6.350	0.232
6.295	0.203
6.293	0.175
6.293	0.159
6.302	0.134
6.317	0.127
6.336	0.118
6.360	0.118
6.380	0.125
6.396	0.131
6.410	0.139
6.423	0.150
6.436	0.161
6.457	0.180
6.452	0.200
6.447	0.218
6.422	0.206
6.414	0.198
6.406	0.190
6.398	0.182
6.392	0.174
6.370	0.146
6.358	0.114
6.361	0.078
6.361	0.061
6.365	0.044
6.367	0.027
POLYLINE BLUE
5.017	3.197
4.977	3.289
4.931	3.379
4.897	3.474
4.850	3.600
4.841	3.852
4.842	3.947
4.843	4.002
4.861	4.055
4.871	4.110
POLYLINE BLUE
4.256	4.047
4.407	3.993
4.574	3.909
4.738	3.966
4.807	3.990
4.839	4.021
4.904	4.065
POLYLINE BLUE
4.515	3.075
4.479	3.182
4.442	3.288
4.406	3.395
4.387	3.436
4.366	3.475
4.350	3.517
4.098	4.185
4.320	3.648
4.151	4.050
POLYLINE BLUE
4.111	3.962
4.091	3.968
4.071	3.971
4.053	3.980
3.914	4.045
3.860	4.103
3.712	4.188
2.462	4.903
4.437	3.705
2.699	4.817
2.623	4.866
2.536	4.897
2.459	4.946
2.360	5.010
2.269	5.086
2.173	5.155
2.143	5.177
2.108	5.192
2.082	5.218
1.919	5.378
1.916	5.386
1.830	5.509
POLYLINE BLUE
6.338	5.706
6.320	5.502
6.316	5.560
6.374	5.265
6.376	5.255
6.416	5.092
6.451	5.053
6.459	5.044
6.474	5.043
6.485	5.038
POLYLINE BLUE
4.923	4.144
4.919	4.168
4.913	4.191
4.912	4.215
4.910	4.277
4.915	4.340
4.915	4.403
4.915	4.445
4.911	4.487
4.911	4.530
4.909	4.781
4.922	5.033
4.910	5.284
4.901	5.472
4.872	5.660
4.847	5.847
4.842	5.883
4.834	5.919
4.818	5.951
4.727	6.138
4.634	6.325
4.526	6.502
4.459	6.611
4.373	6.708
4.293	6.808
4.135	7.004
3.957	7.221
3.769	7.393
3.699	7.456
3.621	7.497
3.533	7.528
3.503	7.539
3.471	7.546
3.439	7.553
3.421	7.557
3.401	7.556
3.383	7.562
3.367	7.568
3.355	7.581
3.341	7.591
POLYLINE BLUE
1.859	5.497
1.347	6.410
1.580	6.106
1.274	6.488
POLYLINE BLUE
3.456	7.500
3.224	7.598
3.269	7.583
2.896	7.685
2.807	7.709
2.782	7.685
2.687	7.692
2.662	7.694
2.637	7.704
2.612	7.710
POLYLINE BLUE
2.620	7.602
2.590	7.618
2.570	7.635
2.538	7.640
2.459	7.652
2.328	7.575
2.277	7.533
2.172	7.447
2.068	7.359
1.977	7.259
1.772	7.034
1.581	6.796
1.388	6.561
1.378	6.549
1.321	6.466
1.313	6.431
1.306	6.397
1.304	6.363
1.300	6.330
POLYLINE BLUE
2.657	7.669
2.530	7.990
2.459	8.102
2.427	8.451
2.411	8.625
2.414	8.801
2.421	8.975
2.424	9.057
2.526	9.409
2.532	9.435
2.572	9.624
2.539	9.597
2.540	9.807
2.540	9.844
2.548	9.881
2.553	9.918
POLYLINE BLUE
1.365	6.297
1.234	6.499
1.115	6.660
1.103	6.899
1.101	6.947
1.120	7.022
1.137	7.061
1.212	7.230
1.307	7.389
1.376	7.561
1.434	7.706
1.477	7.857
1.518	8.007
1.947	9.576
1.694	8.938
1.908	9.470
POLYLINE BLUE
2.484	9.926
2.648	10.906
2.678	10.882
2.665	12.095
2.662	12.327
2.614	12.557
2.589	12.788
POLYLINE BLUE
1.868	9.344
2.070	10.748
2.168	10.744
2.122	11.734
2.065	12.925
2.019	12.422
2.064	12.868
POLYLINE BLUE
2.519	12.643
2.566	12.889
2.666	13.166
2.608	13.425
2.605	13.438
2.574	13.556
2.547	13.597
2.522	13.636
2.491	13.662
2.454	13.691
2.419	13.717
2.362	13.738
2.323	13.744
2.099	13.778
2.072	13.770
1.868	13.764
POLYLINE BLUE
1.956	12.958
2.003	13.035
2.047	13.126
2.011	13.216
1.997	13.249
1.970	13.311
1.940	13.343
1.885	13.404
1.708	13.492
1.694	13.500
POLYLINE BLUE
0.355	14.438
0.334	14.461
0.318	14.472
0.307	14.498
0.300	14.513
0.296	14.534
0.296	14.551
0.293	14.692
0.381	14.820
0.484	14.909
0.573	14.986
0.689	15.020
0.804	14.997
0.906	14.977
1.012	14.897
1.056	14.802
1.077	14.758
1.086	14.713
1.090	14.664
1.095	14.605
1.089	14.536
1.059	14.483
0.972	14.324
0.942	14.325
0.814	14.146
0.770	14.085
0.736	13.961
0.722	13.903
0.681	13.737
0.690	13.751
0.699	13.602
POLYLINE BLUE
0.693	13.339
0.676	13.321
0.658	13.304
0.643	13.285
0.593	13.224
0.591	13.128
0.628	13.060
0.639	13.041
0.657	13.026
0.677	13.016
0.723	12.994
0.769	13.012
0.807	13.043
0.836	13.067
0.862	13.102
0.857	13.142
0.850	13.208
0.765	13.238
0.709	13.225
0.648	13.211
0.629	13.131
0.696	13.108
0.718	13.100
0.741	13.111
0.757	13.126
0.784	13.150
0.800	13.187
0.786	13.223
0.771	13.263
0.715	13.263
0.686	13.239
0.674	13.230
0.665	13.217
0.658	13.204
0.644	13.177
0.635	13.147
0.638	13.116
0.641	13.077
0.666	13.016
0.716	13.023
0.802	13.035
0.852	13.135
0.824	13.213
0.817	13.231
0.804	13.265
0.779	13.267
0.763	13.269
0.748	13.256
0.738	13.246
0.709	13.216
0.686	13.148
0.738	13.127
0.745	13.124
0.756	13.121
0.764	13.122
0.800	13.128
0.792	13.226
0.730	13.219
0.717	13.217
0.704	13.213
0.694	13.204
0.685	13.196
0.678	13.186
0.673	13.174
0.664	13.153
0.661	13.136
0.660	13.113
0.660	13.081
0.678	13.021
0.719	13.021
0.727	13.021
0.736	13.023
0.743	13.027
0.783	13.047
0.790	13.073
0.808	13.115
POLYLINE BLUE
3.234	14.119
3.235	13.900
3.222	13.680
3.237	13.461
3.244	13.352
3.276	13.246
3.298	13.139
3.329	12.992
3.414	13.215
3.418	13.227
3.428	13.252
3.434	13.279
3.438	13.306
3.456	13.427
3.460	13.551
3.483	13.672
3.494	13.729
3.517	13.783
3.538	13.837
3.559	13.887
3.576	13.930
3.613	13.966
3.668	14.020
3.754	13.986
3.795	13.932
3.871	13.833
3.944	13.638
3.973	13.561
3.990	13.501
4.006	13.441
4.023	13.381
4.028	13.379
4.036	13.372
4.040	13.376
4.051	13.388
4.056	13.404
4.060	13.419
4.114	13.624
4.161	13.832
4.214	14.037
4.216	14.047
4.221	14.056
4.227	14.064
4.248	14.089
4.279	14.067
4.294	14.048
4.333	13.995
4.373	13.941
4.406	13.884
4.499	13.721
4.522	13.547
4.556	13.360
4.570	13.284
4.565	13.204
4.583	13.129
4.597	13.074
4.628	13.025
4.650	12.973
POLYLINE BLUE
4.855	13.295
4.937	13.344
5.012	13.396
5.060	13.481
5.110	13.571
5.132	13.685
5.109	13.787
5.099	13.833
5.069	13.856
5.030	13.818
5.005	13.794
4.978	13.770
4.959	13.741
4.913	13.672
4.871	13.600
4.836	13.525
4.766	13.374
4.723	13.080
4.872	12.956
4.974	12.870
5.131	12.891
5.243	12.942
5.276	12.956
5.329	12.997
5.356	13.016
POLYLINE BLUE
5.849	13.809
5.811	13.795
5.772	13.782
5.735	13.765
5.613	13.709
5.551	13.543
5.532	13.421
5.522	13.354
5.517	13.266
5.558	13.206
5.611	13.130
5.742	13.171
5.788	13.233
5.825	13.284
5.836	13.339
5.852	13.403
5.866	13.463
5.867	13.528
5.887	13.587
5.893	13.603
5.895	13.553
5.898	13.536
5.908	13.487
5.914	13.438
5.927	13.390
5.975	13.222
6.018	13.052
6.083	12.889
6.114	12.810
6.170	12.744
6.214	12.671
POLYLINE BLUE
6.389	13.816
6.406	13.501
6.420	13.187
6.440	12.872
6.441	12.851
6.448	12.831
6.453	12.811
6.454	12.804
6.468	12.775
6.478	12.794
6.500	12.840
6.524	12.886
6.544	12.933
6.574	13.004
6.594	13.079
6.627	13.148
6.693	13.285
6.759	13.357
6.864	13.466
6.886	13.488
6.911	13.480
6.923	13.455
6.929	13.443
6.931	13.430
6.935	13.418
6.965	13.304
6.986	13.188
7.023	13.077
7.073	12.926
7.103	12.909
7.195	12.800
POLYLINE BLUE
7.702	13.586
7.660	13.546
7.523	13.433
7.487	13.356
7.447	13.269
7.413	13.180
7.384	13.089
7.364	13.022
7.353	12.952
7.340	12.883
7.320	12.775
7.420	12.665
7.529	12.692
7.581	12.705
7.650	12.766
7.674	12.787
7.911	12.991
8.031	13.366
7.637	13.456
7.486	13.490
7.392	13.429
7.257	13.364
POLYLINE BLUE
8.055	14.471
8.017	14.060
7.980	13.649
7.942	13.238
7.947	13.178
7.937	13.115
7.958	13.058
7.981	12.993
8.032	12.941
8.069	12.883
POLYLINE BLUE
8.083	12.843
8.189	12.860
8.325	12.866
8.429	12.917
8.502	12.953
8.574	12.990
8.642	13.035
8.690	13.067
8.807	13.151
8.814	13.232
8.824	13.369
8.601	13.397
8.519	13.324
8.420	13.234
8.353	13.119
8.288	13.002
8.187	12.821
8.135	12.610
8.366	12.517
8.425	12.494
8.511	12.460
8.580	12.472
8.756	12.503
8.966	12.627
8.960	12.829
8.958	12.889
8.891	13.007
8.951	13.009
9.015	13.011
8.994	12.889
9.019	12.830
9.060	12.736
9.223	12.602
9.311	12.724
9.342	12.767
9.336	12.834
9.320	12.880
9.295	12.952
9.249	13.081
9.193	13.151
9.150	13.207
9.097	13.255
9.052	13.309
9.033	13.333
9.067	13.360
9.085	13.367
9.276	13.439
9.469	13.507
9.661	13.577

ELEVATION
STATIONS
0.000	0.000	0
-2.380	-1.773	1
0.501	-3.110	2
2.047	-3.486	3
3.856	-3.164	4
6.893	-3.697	5
5.098	-2.037	6
6.321	-13.481	7
5.829	-21.579	8
3.497	-20.556	9
2.817	-21.841	10
4.053	-22.139	11
6.318	-24.557	12
4.636	-31.100	13
4.565	-30.814	14
2.027	-38.199	15
2.331	-37.279	16
SHOTS
0.000	0.000	-2.380	-1.773
-2.380	-1.773	0.501	-3.110
0.501	-3.110	2.047	-3.486
2.047	-3.486	2.139	-4.195
2.047	-3.486	2.522	-3.802
2.047	-3.486	2.149	-4.217
2.047	-3.486	2.226	-4.061
2.047	-3.486	2.159	-3.717
2.047	-3.486	3.380	-3.131
2.047	-3.486	3.321	-3.279
2.047	-3.486	3.175	-3.434
2.047	-3.486	3.856	-3.164
3.856	-3.164	3.921	-2.990
3.856	-3.164	3.667	-2.739
3.856	-3.164	3.629	-3.412
3.856	-3.164	4.112	-4.174
3.856	-3.164	3.717	-3.130
3.856	-3.164	6.893	-3.697
6.893	-3.697	9.638	-3.046
6.893	-3.697	7.005	-3.849
6.893	-3.697	9.578	-3.115
6.893	-3.697	7.145	-4.328
6.893	-3.697	4.668	-4.874
6.893	-3.697	7.116	-4.789
6.893	-3.697	6.876	-0.054
6.893	-3.697	7.487	-2.704
6.893	-3.697	6.833	-0.003
6.893	-3.697	5.098	-2.037
5.098	-2.037	6.243	-1.999
5.098	-2.037	6.161	-2.287
5.098	-2.037	5.671	-2.308
5.098	-2.037	4.643	-2.339
5.098	-2.037	3.195	-2.392
5.098	-2.037	4.255	6.532
5.098	-2.037	-1.342	13.862
5.098	-2.037	6.321	-13.481
6.321	-13.481	7.108	-13.318
6.321	-13.481	5.157	-13.697
6.321	-13.481	3.916	-13.573
6.321	-13.481	3.856	-13.464
6.321	-13.481	5.829	-21.579
5.829	-21.579	6.854	-21.203
5.829	-21.579	5.034	-21.412
5.829	-21.579	3.440	-21.483
5.829	-21.579	3.649	-21.118
5.829	-21.579	5.220	-20.816
5.829	-21.579	6.569	-21.219
5.829	-21.579	7.323	-21.081
5.829	-21.579	3.497	-20.556
3.497	-20.556	3.512	-21.683
3.497	-20.556	3.826	-21.111
3.497	-20.556	3.158	-20.909
3.497	-20.556	3.507	-21.707
3.497	-20.556	2.817	-21.841
2.817	-21.841	3.367	-21.518
2.817	-21.841	2.816	-22.768
2.817	-21.841	2.311	-21.648
2.817	-21.841	3.772	-21.273
2.817	-21.841	3.080	-21.173
2.817	-21.841	4.422	-21.843
2.817	-21.841	4.053	-22.139
4.053	-22.139	3.996	-22.689
4.053	-22.139	4.309	-22.353
4.053	-22.139	4.380	-21.800
4.053	-22.139	6.318	-24.557
6.318	-24.557	5.617	-24.473
6.318	-24.557	6.104	-24.505
6.318	-24.557	6.321	-24.543
6.318	-24.557	4.636	-31.100
4.636	-31.100	3.964	-30.762
4.636	-31.100	4.741	-30.287
4.636	-31.100	5.434	-29.614
4.636	-31.100	5.891	-30.338
4.636	-31.100	5.077	-30.785
4.636	-31.100	4.524	-30.811
4.636	-31.100	4.728	-30.319
4.636	-31.100	3.999	-31.225
4.636	-31.100	4.565	-30.814
4.565	-30.814	4.671	-31.410
4.565	-30.814	4.137	-31.045
4.565	-30.814	4.048	-30.617
4.565	-30.814	2.220	-40.456
4.565	-30.814	3.509	-42.659
4.565	-30.814	4.698	-41.061
4.565	-30.814	4.158	-40.712
4.565	-30.814	2.595	-40.122
4.565	-30.814	1.856	-39.392
4.565	-30.814	2.027	-38.199
2.027	-38.199	1.923	-37.736
2.027	-38.199	2.510	-38.105
2.027	-38.199	1.197	-37.965
2.027	-38.199	2.604	-37.924
2.027	-38.199	2.600	-36.805
2.027	-38.199	1.293	-36.939
2.027	-38.199	3.778	-41.866
2.027	-38.199	2.331	-37.279
2.331	-37.279	2.058	-38.923
2.331	-37.279	2.679	-39.228
2.331	-37.279	2.481	-43.075
2.331	-37.279	2.392	-39.782
2.331	-37.279	2.419	-43.227
2.331	-37.279	2.569	-43.370
POLYLINE BLACK
0.353	-3.846
0.396	-3.877
0.436	-3.915
0.484	-3.941
0.550	-3.977
0.620	-4.007
0.691	-4.031
0.823	-4.077
1.059	-4.174
1.240	-4.179
1.388	-4.183
1.536	-4.169
1.683	-4.185
1.859	-4.204
2.151	-4.273
2.338	-4.350
POLYLINE BLACK
0.736	-2.673
0.881	-2.734
1.024	-2.802
1.172	-2.854
1.300	-2.899
1.436	-2.920
1.564	-2.963
1.966	-3.097
2.181	-3.181
2.532	-3.412
2.581	-3.445
2.617	-3.495
2.659	-3.537
POLYLINE BLACK
2.164	-4.304
2.285	-4.308
2.375	-4.287
2.467	-4.201
2.694	-3.990
2.913	-3.770
3.137	-3.554
3.146	-3.545
3.154	-3.533
3.165	-3.527
3.217	-3.500
3.271	-3.478
3.323	-3.454
POLYLINE BLACK
2.644	-4.024
2.636	-4.092
2.614	-4.174
2.662	-4.234
2.694	-4.274
2.753	-4.299
2.803	-4.299
2.920	-4.298
3.058	-4.309
3.151	-4.224
3.190	-4.189
3.213	-4.132
3.223	-4.083
3.241	-3.993
3.300	-3.837
3.218	-3.749
3.194	-3.723
3.165	-3.702
3.130	-3.693
3.059	-3.674
2.934	-3.710
2.888	-3.717
POLYLINE BLACK
3.362	-3.526
3.289	-3.549
3.191	-3.568
3.163	-3.653
3.156	-3.674
3.153	-3.700
3.161	-3.722
3.191	-3.805
3.323	-3.894
3.363	-3.928
3.406	-3.964
3.470	-3.984
3.525	-3.977
3.556	-3.973
3.583	-3.953
3.601	-3.928
3.673	-3.832
3.606	-3.677
3.535	-3.601
3.513	-3.577
3.483	-3.557
3.454	-3.543
3.388	-3.513
3.240	-3.494
3.206	-3.488
POLYLINE BLACK
3.595	-3.547
3.622	-3.630
3.872	-3.507
3.910	-3.625
3.925	-3.669
3.902	-3.776
3.900	-3.795
3.898	-3.830
3.908	-3.861
3.880	-3.885
3.871	-3.892
3.849	-3.903
3.838	-3.903
3.627	-3.915
3.652	-3.925
3.494	-3.862
POLYLINE BLACK
3.326	-3.391
3.600	-3.453
3.329	-3.383
3.740	-3.543
3.787	-3.561
3.978	-3.572
3.980	-3.573
POLYLINE BLACK
3.625	-3.413
3.516	-3.442
3.641	-3.405
3.448	-3.493
3.441	-3.496
3.459	-3.483
3.464	-3.477
POLYLINE BLACK
3.575	-3.422
3.596	-3.414
3.614	-3.410
3.636	-3.415
3.681	-3.423
3.748	-3.512
3.753	-3.518
3.760	-3.525
3.773	-3.547
3.772	-3.557
3.770	-3.571
3.765	-3.585
3.762	-3.600
POLYLINE BLACK
3.381	-3.628
3.472	-3.564
3.591	-3.587
3.697	-3.599
POLYLINE BLACK
2.498	-3.341
2.506	-3.359
2.512	-3.377
2.526	-3.393
2.570	-3.444
2.643	-3.457
2.703	-3.422
2.901	-3.304
3.097	-3.184
3.292	-3.061
3.330	-3.037
3.389	-2.992
3.421	-2.951
3.512	-2.836
3.418	-2.923
3.565	-2.792
3.573	-2.785
3.591	-2.773
3.604	-2.769
3.634	-2.760
3.707	-2.769
3.711	-2.769
3.757	-2.774
3.811	-2.781
3.850	-2.809
3.870	-2.823
3.882	-2.844
3.890	-2.867
3.903	-2.901
3.916	-2.961
3.939	-3.001
3.944	-3.008
3.949	-3.016
3.954	-3.023
POLYLINE BLACK
3.964	-3.557
3.958	-3.775
3.954	-3.665
4.028	-4.024
4.032	-4.044
4.042	-4.064
4.048	-4.084
4.050	-4.091
4.051	-4.098
4.053	-4.105
POLYLINE BLACK
4.051	-4.095
4.067	-4.112
4.040	-4.152
4.059	-4.171
4.067	-4.180
4.082	-4.179
4.092	-4.183
4.105	-4.188
4.117	-4.195
4.130	-4.201
POLYLINE BLACK
3.967	-4.133
3.952	-4.116
3.939	-4.098
3.922	-4.084
3.899	-4.063
3.874	-4.043
3.846	-4.030
3.513	-3.866
3.588	-3.886
3.426	-3.846
POLYLINE BLACK
3.985	-4.132
3.869	-4.136
4.016	-4.129
3.756	-4.175
3.735	-4.178
3.714	-4.178
3.693	-4.178
3.670	-4.178
3.652	-4.170
3.631	-4.177
3.622	-4.180
3.617	-4.186
3.614	-4.195
3.613	-4.198
3.613	-4.203
3.611	-4.206
3.610	-4.207
3.608	-4.207
3.606	-4.207
3.604	-4.206
3.602	-4.205
3.600	-4.203
3.532	-4.140
3.464	-4.078
3.397	-4.014
3.379	-3.992
3.388	-4.001
3.373	-3.986
POLYLINE BLACK
3.146	-4.202
3.250	-4.191
3.231	-4.199
3.365	-4.141
3.553	-4.059
3.377	-4.125
3.481	-4.070
3.497	-4.062
3.515	-4.056
3.532	-4.049
POLYLINE BLACK
4.127	-3.117
4.154	-3.129
4.180	-3.142
4.208	-3.151
4.321	-3.190
4.525	-3.095
4.586	-3.070
4.688	-3.029
4.790	-2.984
4.883	-2.925
5.028	-2.832
5.587	-2.488
5.803	-2.236
5.844	-2.189
5.876	-2.135
5.907	-2.081
6.016	-1.891
6.117	-1.697
6.226	-1.507
6.233	-1.494
6.243	-1.484
6.254	-1.475
6.275	-1.457
6.300	-1.442
6.323	-1.426
POLYLINE BLACK
4.066	-4.188
4.094	-4.193
4.123	-4.195
4.151	-4.201
4.257	-4.224
4.363	-4.390
4.401	-4.436
4.471	-4.521
4.499	-4.579
4.551	-4.672
POLYLINE BLACK
1017.410	1165.260
-794.382	1232.921

