TRIP
DATE 2025-08-15
DECLINATION 0.0
DATA
0		182.76	38.13	7.156	>
0		182.74	38.19	7.158	>
0		182.79	38.21	7.135	>
0	1	182.76	38.18	7.150	>
1		65.57	0.92	1.705	>
1		68.99	53.25	0.859	>
1		72.97	-63.26	1.156	>
1		125.17	14.40	2.217	>
1		126.04	14.35	2.242	>
1		125.94	14.38	2.227	>
1	2	125.72	14.38	2.229	>
2		54.74	20.64	1.377	>
2		191.32	10.43	2.743	>
2		258.88	-4.68	2.986	>
2		258.84	-4.65	2.990	>
2		258.74	-4.55	2.994	>
2		106.75	-0.92	6.261	>
2		107.14	-0.92	6.268	>
2		107.04	-0.65	6.267	>
2	3	258.82	-4.63	2.990	>
3		188.71	-28.21	0.310	>
3		282.71	-81.31	0.650	>
3		14.61	-50.05	0.648	>
3		287.12	-33.83	4.331	>
3		286.85	-33.68	4.329	>
3		287.00	-33.73	4.339	>
3	4	286.99	-33.75	4.333	>
2	2.1	106.98	-0.83	6.265	>
2.1		198.15	0.97	1.305	>
2.1		241.96	68.48	1.170	>
2.1		195.46	-67.07	1.116	>
2.1		147.55	15.58	6.285	>
2.1		147.59	15.60	6.275	>
2.1		147.56	15.56	6.267	>
2.1	2.2	147.57	15.58	6.276	>
2.2		161.48	-3.15	2.972	>
2.2		182.96	0.38	2.222	>
2.2		171.87	2.09	5.123	>
2.2		105.13	-20.35	2.091	>
2.2		131.58	-81.08	1.443	>
2.2		135.79	72.46	0.964	>
2.2		23.15	-27.38	6.908	>
2.2		23.29	-27.45	6.915	>
2.2		23.21	-27.49	6.905	>
2.2		163.76	0.06	3.763	>
2.2		164.59	0.44	3.758	>
2.2		164.67	0.55	3.756	>
2.2	2.3	23.22	-27.44	6.909	>
2.3		327.65	-6.88	1.665	>
2.3		270.99	81.00	0.973	>
2.3		317.20	-66.96	0.946	>
2.3		42.93	11.68	1.642	>
2.3		43.25	11.41	1.700	>
2.3		43.32	11.43	1.671	>
2.3		43.35	11.09	1.787	>
2.3		43.47	10.67	1.788	>
2.3		43.52	10.63	1.789	>
2.3	2.4	43.45	10.80	1.788	>
2.4		119.20	-87.54	1.197	>
2.4		164.95	-7.43	1.163	>
2.4		351.36	-13.02	0.565	>
2.4		90.65	19.39	8.545	>
2.4		90.52	19.19	8.544	>
2.4		90.47	19.17	8.551	>
2.4	2.5	90.55	19.25	8.547	>
2.5		322.73	85.58	0.914	>
2.5		343.03	-16.74	3.114	>
2.5		188.10	32.56	0.728	>
2.5		57.50	19.31	3.751	>
2.5		57.56	19.84	3.754	>
2.5		57.60	19.81	3.750	>
2.5	2.6	57.55	19.65	3.752	>
2.6		59.36	80.58	0.606	>
2.6		188.62	-50.05	1.106	>
2.6		179.42	4.88	1.022	>
2.6		353.53	8.48	1.089	>
2.6		81.74	6.45	4.017	>
2.6		81.68	6.45	4.022	>
2.6		81.77	6.44	4.022	>
2.6	2.7	81.73	6.45	4.020	>
2.7		182.80	7.65	1.333	>
2.7		163.54	-65.91	1.145	>
2.7		139.54	53.88	0.735	>
2.7		125.32	9.03	1.920	>
2.7		125.24	9.20	1.916	>
2.7		125.34	9.36	1.917	>
2.7	2.8	125.30	9.19	1.918	>
2.8		75.47	-61.74	5.164	>
2.8		75.69	-61.48	5.175	>
2.8		75.67	-61.44	5.178	>
2.8	2.9	75.61	-61.55	5.172	>
2.2	2.2.1	164.34	0.35	3.759	>
2.2.1		59.16	-61.45	3.781	>
2.2.1		59.45	-61.39	3.758	>
2.2.1		59.36	-61.33	3.778	>
2.2.1	2.2.2	59.32	-61.39	3.772	>
2.2.2		300.76	-5.70	0.603	>
2.2.2		354.33	5.45	1.182	>
2.2.2		354.33	5.11	1.187	>
2.2.2		354.55	4.98	1.188	>
2.2.2	2.2.3	354.40	5.18	1.186	>

PLAN
STATIONS
0.000	0.000	0
-0.271	-5.614	1
1.482	-6.874	2
-1.442	-7.452	3
-4.887	-6.399	4
7.474	-8.703	2.1
10.716	-13.806	2.2
13.133	-8.170	2.3
14.341	-6.895	2.4
22.410	-6.972	2.5
25.391	-5.076	2.6
29.345	-4.502	2.7
30.890	-5.596	2.8
33.276	-4.984	2.9
11.730	-17.425	2.2.1
13.284	-16.503	2.2.2
13.169	-15.328	2.2.3
SHOTS
0.000	0.000	-0.271	-5.614
-0.271	-5.614	1.281	-4.909
-0.271	-5.614	0.209	-5.430
-0.271	-5.614	0.227	-5.461
-0.271	-5.614	1.482	-6.874
1.482	-6.874	2.534	-6.130
1.482	-6.874	0.953	-9.519
1.482	-6.874	-1.442	-7.452
-1.442	-7.452	-1.483	-7.722
-1.442	-7.452	-1.537	-7.430
-1.442	-7.452	-1.337	-7.049
-1.442	-7.452	-4.887	-6.399
1.482	-6.874	7.474	-8.703
7.474	-8.703	7.067	-9.943
7.474	-8.703	7.095	-8.905
7.474	-8.703	7.358	-9.122
7.474	-8.703	10.716	-13.806
10.716	-13.806	11.658	-16.619
10.716	-13.806	10.601	-16.025
10.716	-13.806	11.440	-18.874
10.716	-13.806	12.608	-14.317
10.716	-13.806	10.883	-13.954
10.716	-13.806	10.918	-14.014
10.716	-13.806	13.133	-8.170
13.133	-8.170	12.249	-6.774
13.133	-8.170	12.981	-8.168
13.133	-8.170	12.882	-7.899
13.133	-8.170	14.229	-6.993
13.133	-8.170	14.275	-6.957
13.133	-8.170	14.257	-6.979
13.133	-8.170	14.341	-6.895
14.341	-6.895	14.386	-6.920
14.341	-6.895	14.641	-8.009
14.341	-6.895	14.259	-6.351
14.341	-6.895	22.410	-6.972
22.410	-6.972	22.367	-6.916
22.410	-6.972	21.539	-4.120
22.410	-6.972	22.323	-7.579
22.410	-6.972	25.391	-5.076
25.391	-5.076	25.477	-5.026
25.391	-5.076	25.285	-5.779
25.391	-5.076	25.401	-6.095
25.391	-5.076	25.270	-4.006
25.391	-5.076	29.345	-4.502
29.345	-4.502	29.280	-5.821
29.345	-4.502	29.477	-4.950
29.345	-4.502	29.626	-4.832
29.345	-4.502	30.890	-5.596
30.890	-5.596	33.276	-4.984
10.716	-13.806	11.730	-17.425
11.730	-17.425	13.284	-16.503
13.284	-16.503	12.768	-16.197
13.284	-16.503	13.169	-15.328
POLYLINE BLACK
0.062	0.476
0.003	-0.023
-0.000	0.087
0.106	-0.708
0.130	-0.893
0.174	-1.077
0.230	-1.256
0.321	-1.548
0.447	-1.829
0.545	-2.118
0.700	-2.576
0.986	-3.834
1.016	-3.994
1.622	-7.228
1.037	-4.609
1.206	-5.361
POLYLINE BLACK
-1.645	0.390
-1.802	-0.563
-1.769	-0.264
-1.485	-2.219
-1.371	-3.001
-1.182	-3.770
-0.992	-4.536
-0.912	-4.860
-0.806	-5.108
-0.619	-5.362
-0.463	-5.574
-0.408	-5.580
-0.324	-5.774
-0.268	-5.901
-0.265	-6.143
-0.255	-6.230
POLYLINE BLACK
1.110	0.579
0.943	0.461
0.828	0.305
0.776	0.106
0.756	0.028
0.736	-0.081
0.782	-0.156
0.834	-0.243
0.927	-0.257
1.017	-0.294
POLYLINE BLACK
1.328	-0.276
1.321	-0.220
POLYLINE BLACK
1.350	0.826
1.351	0.822
POLYLINE BLACK
1.587	-0.268
1.652	-0.097
1.714	0.075
1.784	0.245
1.808	0.303
1.836	0.226
1.838	0.211
1.845	0.179
1.853	0.145
1.851	0.112
1.840	-0.061
1.816	-0.232
1.799	-0.404
POLYLINE BLACK
1.616	-0.001
1.818	0.008
POLYLINE BLACK
2.059	0.056
1.969	-0.152
1.890	-0.277
1.853	-0.481
1.847	-0.517
1.846	-0.553
1.845	-0.589
1.845	-0.604
1.842	-0.622
1.850	-0.635
1.888	-0.695
1.937	-0.747
1.980	-0.803
POLYLINE BLACK
2.307	0.430
2.244	0.242
2.201	0.119
2.230	-0.072
2.239	-0.130
2.255	-0.193
2.298	-0.236
2.323	-0.261
2.362	-0.289
2.399	-0.287
2.420	-0.285
2.444	-0.262
2.441	-0.240
2.440	-0.233
2.432	-0.230
2.427	-0.226
2.414	-0.215
2.400	-0.205
2.386	-0.194
POLYLINE BLACK
3.618	0.418
3.557	0.405
3.512	0.404
3.461	0.373
3.397	0.335
3.355	0.284
3.307	0.224
3.201	0.087
3.146	-0.096
3.191	-0.266
3.206	-0.323
3.245	-0.394
3.305	-0.413
3.399	-0.444
3.501	-0.342
3.506	-0.252
3.508	-0.226
3.503	-0.194
3.469	-0.200
3.430	-0.207
3.377	-0.254
3.355	-0.268
POLYLINE BLACK
3.769	0.307
3.738	0.150
3.611	-0.083
3.642	-0.267
3.645	-0.290
3.669	-0.359
3.697	-0.365
3.737	-0.375
3.777	-0.379
3.818	-0.386
POLYLINE BLACK
3.620	-0.008
3.749	-0.059
POLYLINE BLACK
3.977	0.210
3.949	0.151
3.916	0.093
3.895	0.032
3.876	-0.022
3.866	-0.078
3.857	-0.134
3.854	-0.148
3.857	-0.176
3.880	-0.169
3.918	-0.157
3.952	-0.102
3.966	-0.069
3.977	-0.042
3.986	-0.013
3.994	0.015
4.039	0.168
4.075	0.324
4.127	0.474
4.154	0.553
4.196	0.626
4.231	0.702
POLYLINE BLACK
4.408	0.375
4.746	0.635
4.102	-0.253
4.326	-0.081
4.341	-0.070
4.371	-0.033
4.400	-0.033
4.450	-0.032
4.423	-0.119
4.472	-0.126
4.486	-0.128
4.510	-0.121
4.520	-0.113
4.569	-0.077
4.620	-0.042
4.663	0.002
4.766	0.108
4.807	0.184
4.880	0.301
POLYLINE BLACK
5.007	-0.335
5.042	-0.224
5.078	-0.113
5.113	-0.002
5.117	-0.008
5.123	-0.014
5.124	-0.021
5.128	-0.054
5.111	-0.092
5.127	-0.122
5.134	-0.136
5.147	-0.095
5.155	-0.081
5.171	-0.053
5.183	-0.024
5.197	0.005
POLYLINE BLACK
5.353	0.365
5.353	0.332
5.352	0.300
5.354	0.267
5.357	0.232
5.374	0.193
5.389	0.162
5.433	0.076
5.519	0.050
5.607	0.091
5.685	0.127
5.746	0.200
5.806	0.258
POLYLINE BLACK
5.360	0.087
5.321	-0.326
5.357	-0.124
5.252	-0.518
POLYLINE BLACK
-0.904	-4.788
-0.088	-4.798
-0.429	-4.818
0.811	-4.602
1.125	-4.547
1.066	-4.596
1.173	-4.439
POLYLINE BLACK
-0.622	-4.371
-0.644	-4.377
POLYLINE BLACK
-0.673	-4.711
-0.696	-4.647
-0.742	-4.587
-0.744	-4.518
-0.772	-3.158
-0.797	-1.798
-0.763	-0.438
-0.744	0.341
-0.776	-1.999
-0.700	-2.775
-0.654	-3.244
-0.513	-3.700
-0.399	-4.158
-0.216	-4.701
-0.270	-4.482
-0.198	-4.802
POLYLINE BLACK
0.149	-4.686
0.014	-3.722
-0.147	-2.762
-0.256	-1.795
-0.279	-1.589
-0.241	-1.380
-0.246	-1.172
-0.248	-1.098
-0.264	-1.024
-0.276	-0.951
-0.302	-0.804
-0.311	-0.871
-0.310	-0.743
-0.310	-0.738
-0.308	-0.724
-0.305	-0.729
-0.298	-0.742
-0.298	-0.758
-0.295	-0.773
-0.054	-1.858
0.151	-2.953
0.427	-4.030
0.487	-4.263
0.618	-4.494
0.738	-4.710
POLYLINE BLACK
1.353	-5.552
1.472	-6.065
1.356	-5.515
1.461	-6.504
1.470	-6.583
1.494	-6.741
1.539	-6.834
1.632	-7.028
1.893	-7.159
2.095	-7.189
2.148	-7.197
2.201	-7.198
2.254	-7.202
POLYLINE BLACK
-1.508	-7.044
-1.466	-7.025
-1.427	-7.002
-1.384	-6.987
-1.348	-6.975
-1.310	-6.968
-1.273	-6.962
-1.151	-6.940
-1.027	-6.928
-0.906	-6.901
-0.848	-6.888
-0.792	-6.868
-0.737	-6.844
-0.685	-6.821
-0.635	-6.794
-0.588	-6.761
-0.374	-6.611
-0.299	-6.496
-0.203	-6.252
POLYLINE BLACK
-1.476	-7.926
-1.253	-7.863
-1.143	-7.812
-0.931	-7.805
-0.885	-7.803
-0.838	-7.807
-0.793	-7.814
-0.578	-7.848
-0.507	-7.863
-0.319	-7.965
-0.217	-8.019
-0.084	-8.131
-0.036	-8.240
0.219	-8.813
0.180	-8.885
0.459	-9.275
0.508	-9.344
0.590	-9.456
0.674	-9.511
0.979	-9.710
1.536	-9.558
1.841	-9.509
POLYLINE BROWN
1.400	-8.079
1.380	-8.037
1.363	-7.993
1.340	-7.953
1.294	-7.871
1.203	-7.807
1.115	-7.781
1.019	-7.754
0.908	-7.779
0.816	-7.803
0.755	-7.819
0.702	-7.841
0.661	-7.889
0.571	-7.995
0.549	-8.153
0.532	-8.284
0.520	-8.376
0.532	-8.486
0.594	-8.559
0.700	-8.686
0.955	-8.733
1.109	-8.728
1.168	-8.726
1.232	-8.699
1.276	-8.662
1.420	-8.540
1.457	-8.440
1.492	-8.254
1.499	-8.220
1.499	-8.185
1.491	-8.151
1.481	-8.113
1.464	-8.078
1.442	-8.045
1.378	-7.948
1.243	-7.941
1.142	-7.921
POLYLINE BLACK
-1.514	-6.980
-1.713	-6.977
-1.913	-6.982
-2.112	-6.971
-2.158	-6.968
-2.202	-6.953
-2.246	-6.939
-2.399	-6.891
-2.552	-6.844
-2.701	-6.787
-2.842	-6.733
-2.979	-6.669
-3.115	-6.605
-3.164	-6.582
-3.206	-6.544
-3.257	-6.525
-3.932	-6.267
-3.365	-6.517
-4.020	-6.327
-4.176	-6.281
-4.323	-6.206
-4.479	-6.160
-4.559	-6.137
-4.642	-6.128
-4.725	-6.121
-4.941	-6.102
-5.157	-6.091
-5.374	-6.081
-5.390	-6.080
-5.407	-6.085
-5.423	-6.090
-5.593	-6.140
-5.586	-6.266
-5.575	-6.438
-5.568	-6.530
-5.547	-6.621
-5.530	-6.712
-5.526	-6.730
-5.505	-6.748
-5.489	-6.756
-5.422	-6.789
-5.331	-6.758
-5.265	-6.741
-5.136	-6.708
-5.080	-6.683
-4.941	-6.692
-4.792	-6.702
-4.609	-6.740
-4.470	-6.800
-4.294	-6.876
-4.131	-6.982
-3.951	-7.048
-3.340	-7.271
-3.507	-7.134
-3.003	-7.283
-2.929	-7.305
-2.860	-7.343
-2.789	-7.373
POLYLINE BLACK
-2.810	-7.275
-2.705	-7.314
-2.753	-7.283
-2.670	-7.376
POLYLINE BLACK
-2.981	-7.425
-2.732	-7.377
-2.520	-7.406
-2.282	-7.492
-2.179	-7.529
-2.082	-7.584
-1.980	-7.623
-1.375	-7.857
-1.522	-7.742
-1.176	-7.969
POLYLINE BLACK
2.120	-7.242
2.190	-7.219
2.263	-7.206
2.329	-7.174
2.489	-7.098
2.643	-7.013
2.795	-6.922
2.838	-6.896
2.875	-6.861
2.911	-6.826
3.088	-6.653
3.227	-6.434
3.289	-6.193
3.322	-6.065
3.319	-5.835
3.331	-5.730
3.339	-5.657
3.351	-5.516
3.442	-5.481
3.520	-5.451
3.613	-5.458
3.680	-5.512
3.772	-5.585
3.869	-5.654
3.951	-5.738
4.097	-5.888
4.217	-6.062
4.361	-6.213
4.698	-6.566
4.662	-6.301
5.212	-6.749
5.563	-7.034
5.853	-7.387
6.181	-7.699
6.304	-7.815
6.488	-7.833
6.637	-7.885
6.672	-7.897
6.706	-7.912
6.735	-7.934
7.596	-8.568
7.053	-8.270
7.795	-8.626
POLYLINE BLACK
1.738	-9.384
1.857	-9.317
1.971	-9.242
2.094	-9.184
2.242	-9.113
2.519	-9.066
2.661	-9.055
2.867	-9.040
3.075	-9.025
3.281	-9.041
3.821	-9.084
4.339	-9.153
4.846	-9.333
4.985	-9.382
5.116	-9.451
5.251	-9.510
5.671	-9.667
6.082	-9.849
6.509	-9.983
6.850	-10.090
6.994	-10.015
7.332	-10.032
7.480	-10.040
7.559	-10.075
7.679	-10.137
POLYLINE BLACK
7.555	-10.169
7.595	-10.209
7.642	-10.243
7.674	-10.290
8.239	-11.115
8.788	-11.950
9.343	-12.781
9.433	-12.915
9.432	-12.954
9.580	-13.077
9.713	-13.188
9.864	-13.275
9.999	-13.383
10.090	-13.455
10.167	-13.544
10.257	-13.618
10.336	-13.682
10.422	-13.735
10.503	-13.796
10.509	-13.800
10.512	-13.806
10.516	-13.812
10.533	-13.840
10.532	-13.874
10.523	-13.905
10.484	-14.030
10.353	-14.051
10.241	-14.071
POLYLINE BLACK
10.299	-14.072
10.276	-14.287
10.188	-14.723
10.248	-14.996
10.293	-15.205
10.359	-15.409
10.418	-15.614
10.429	-15.652
10.452	-15.687
10.459	-15.727
10.498	-15.927
10.475	-16.097
10.446	-16.294
POLYLINE BLACK
11.754	-17.049
11.745	-16.686
11.736	-16.323
11.727	-15.960
11.735	-15.914
11.738	-15.867
11.750	-15.822
11.762	-15.773
11.781	-15.726
11.800	-15.680
11.834	-15.597
11.861	-15.509
11.909	-15.434
11.991	-15.304
12.092	-15.187
12.188	-15.068
12.214	-15.037
12.244	-15.010
12.275	-14.984
12.353	-14.918
12.400	-14.925
12.508	-14.905
POLYLINE BLACK
7.829	-8.574
7.918	-8.685
8.005	-8.799
8.098	-8.907
8.327	-9.173
8.561	-9.434
8.795	-9.696
8.837	-9.744
8.889	-9.785
8.926	-9.837
10.043	-11.430
9.018	-10.128
10.051	-11.333
10.290	-11.612
10.017	-11.343
10.259	-11.571
POLYLINE BLACK
13.154	-8.032
13.130	-8.153
13.092	-8.272
13.082	-8.395
12.925	-10.496
13.246	-8.149
12.865	-10.193
12.813	-10.471
12.899	-10.359
12.803	-10.607
12.492	-11.412
12.508	-11.150
12.374	-11.881
12.364	-11.935
12.358	-11.992
12.367	-12.047
12.591	-13.395
12.606	-12.829
12.650	-14.102
12.653	-14.191
12.644	-14.280
12.626	-14.367
12.544	-14.755
12.538	-14.742
12.411	-15.009
POLYLINE BLACK
10.262	-11.542
10.347	-11.480
10.438	-11.422
10.519	-11.354
10.676	-11.222
10.829	-10.902
10.886	-10.777
10.978	-10.578
11.024	-10.098
11.041	-9.950
11.061	-9.773
11.050	-9.450
11.131	-9.236
11.221	-9.002
11.630	-8.542
11.643	-8.523
11.695	-8.446
11.739	-8.363
11.771	-8.276
11.926	-7.852
11.915	-7.878
11.950	-7.595
POLYLINE BLACK
11.897	-7.786
11.884	-7.677
11.860	-7.569
11.857	-7.460
11.851	-7.250
11.879	-6.908
12.026	-6.735
12.339	-6.367
12.945	-6.286
13.356	-6.142
13.915	-5.945
13.364	-6.052
13.881	-5.974
POLYLINE BLACK
13.186	-8.536
13.241	-8.464
13.293	-8.388
13.352	-8.319
13.565	-8.071
14.157	-7.956
14.325	-7.886
14.517	-7.806
14.700	-7.704
14.887	-7.613
POLYLINE BLACK
14.690	-7.613
14.734	-7.599
14.776	-7.581
14.821	-7.570
14.952	-7.539
15.298	-7.565
15.325	-7.567
15.440	-7.578
15.552	-7.612
15.667	-7.628
15.809	-7.648
15.952	-7.654
16.094	-7.677
16.487	-7.741
16.875	-7.840
17.271	-7.889
17.455	-7.912
17.642	-7.901
17.827	-7.892
18.061	-7.881
18.125	-7.825
18.312	-7.853
18.662	-7.905
19.081	-8.026
19.459	-7.989
20.449	-7.891
19.794	-7.937
20.707	-7.735
20.923	-7.687
21.141	-7.643
21.361	-7.623
22.420	-7.522
22.252	-7.512
22.774	-7.560
POLYLINE BLACK
13.831	-6.012
13.870	-5.979
13.905	-5.942
13.948	-5.914
14.083	-5.822
14.440	-5.695
14.519	-5.682
15.390	-5.538
16.270	-5.456
17.145	-5.334
17.273	-5.316
17.399	-5.285
17.527	-5.262
17.944	-5.188
18.365	-5.126
18.781	-5.043
18.848	-5.029
18.911	-4.999
18.975	-4.972
19.300	-4.831
19.619	-4.675
19.946	-4.537
20.584	-4.268
20.446	-4.353
21.138	-4.174
21.194	-4.160
21.246	-4.130
21.304	-4.120
21.443	-4.095
21.585	-4.088
21.726	-4.073
POLYLINE BLACK
18.492	-6.063
18.042	-5.932
18.032	-5.920
17.580	-5.974
17.495	-5.985
17.369	-6.066
17.321	-6.137
17.215	-6.298
17.152	-6.441
17.171	-6.635
17.183	-6.761
17.315	-6.920
17.425	-6.976
17.485	-7.007
17.555	-7.031
17.623	-7.039
17.771	-7.057
17.944	-7.015
18.064	-6.926
18.206	-6.821
18.265	-6.688
18.341	-6.526
18.362	-6.482
18.385	-6.400
18.385	-6.348
18.385	-6.280
18.384	-6.210
18.375	-6.142
18.364	-6.055
18.330	-5.969
18.274	-5.902
18.240	-5.861
18.122	-5.835
18.111	-5.831
POLYLINE BLACK
17.225	-6.305
17.422	-6.464
POLYLINE BLACK
17.434	-6.017
17.654	-6.273
POLYLINE BLACK
17.792	-5.896
17.771	-6.049
17.784	-6.028
17.737	-6.148
17.729	-6.167
17.718	-6.185
17.710	-6.204
17.691	-6.251
17.674	-6.299
17.656	-6.347
POLYLINE BLACK
18.254	-5.938
18.107	-6.174
18.177	-6.079
18.058	-6.231
POLYLINE BLACK
18.406	-6.213
18.010	-6.366
POLYLINE BLACK
18.224	-6.707
18.096	-6.632
POLYLINE BLACK
18.038	-7.071
17.979	-7.014
17.917	-6.967
17.877	-6.894
17.855	-6.853
17.840	-6.809
17.821	-6.766
POLYLINE BLACK
17.630	-6.970
17.641	-6.794
17.628	-6.896
17.685	-6.668
POLYLINE BLACK
17.188	-6.759
17.387	-6.650
POLYLINE BLACK
17.564	-6.449
17.920	-6.549
POLYLINE BLACK
21.227	-4.158
21.912	-4.127
21.758	-4.103
22.303	-4.162
22.350	-4.167
22.396	-4.182
22.443	-4.185
22.626	-4.194
22.810	-4.196
22.993	-4.198
23.062	-4.199
23.132	-4.189
23.201	-4.194
23.294	-4.201
23.436	-4.248
23.547	-4.229
23.672	-4.208
23.807	-4.139
23.871	-4.024
23.914	-3.947
23.976	-3.857
23.992	-3.763
24.015	-3.626
23.974	-3.498
23.926	-3.371
23.534	-2.328
23.893	-3.337
23.715	-2.832
POLYLINE BLACK
24.693	-2.716
24.755	-2.924
24.822	-3.130
24.879	-3.339
24.899	-3.413
24.901	-3.491
24.925	-3.564
24.945	-3.624
25.023	-3.864
25.105	-3.965
25.167	-4.042
25.240	-4.086
25.332	-4.123
25.922	-4.361
25.936	-4.411
26.507	-4.431
26.688	-4.437
26.883	-4.354
27.046	-4.309
27.056	-4.306
27.066	-4.306
27.076	-4.305
27.120	-4.302
27.165	-4.300
27.209	-4.298
POLYLINE BLACK
23.590	-1.435
23.646	-1.364
23.700	-1.289
23.760	-1.221
23.894	-1.067
24.097	-1.019
24.264	-1.147
24.317	-1.187
24.354	-1.249
24.365	-1.314
24.387	-1.436
24.321	-1.528
24.277	-1.636
24.249	-1.703
24.270	-1.772
24.284	-1.839
POLYLINE BLACK
24.207	-2.342
24.182	-2.341
POLYLINE BLACK
26.793	-4.293
27.114	-4.150
27.464	-4.156
27.808	-4.162
27.841	-4.162
27.873	-4.173
27.905	-4.178
28.001	-4.195
28.097	-4.220
28.194	-4.230
28.514	-4.262
28.836	-4.272
29.157	-4.303
29.416	-4.350
29.300	-4.337
29.504	-4.350
POLYLINE BLACK
26.736	-6.125
26.823	-6.114
26.909	-6.103
26.996	-6.092
27.089	-6.073
27.182	-6.042
27.277	-6.035
28.185	-5.962
27.700	-6.012
28.266	-6.039
29.159	-6.080
28.341	-5.985
29.614	-6.136
29.697	-6.146
29.855	-6.204
29.924	-6.227
POLYLINE BLACK
29.574	-6.079
29.752	-6.123
29.747	-6.134
29.945	-6.123
29.996	-6.121
30.047	-6.116
30.096	-6.100
30.208	-6.062
30.315	-6.013
30.423	-5.965
30.496	-5.933
30.562	-5.887
30.637	-5.861
30.937	-5.758
30.975	-5.766
31.245	-5.737
POLYLINE BLACK
29.549	-4.279
29.816	-4.281
30.082	-4.283
30.349	-4.285
30.385	-4.285
30.422	-4.289
30.458	-4.286
30.600	-4.272
30.741	-4.251
30.882	-4.233
POLYLINE BLACK
30.720	-4.282
31.560	-3.847
POLYLINE BLACK
30.905	-4.242
31.191	-5.224
30.848	-4.091
31.335	-5.489
31.348	-5.527
31.351	-5.568
31.354	-5.607
31.361	-5.699
31.350	-5.734
31.334	-5.824
POLYLINE BLACK
30.798	-4.495
31.434	-4.339
POLYLINE BLACK
31.006	-4.620
31.343	-4.622
31.181	-4.634
31.492	-4.590
POLYLINE BLACK
31.105	-4.920
31.639	-4.855
POLYLINE BLACK
31.279	-5.387
31.692	-5.272
POLYLINE BLACK
31.388	-5.604
31.505	-5.573
POLYLINE BLACK
31.120	-5.119
31.450	-5.106
POLYLINE BLACK
31.248	-5.781
31.747	-5.843
31.556	-5.778
31.841	-5.898
POLYLINE BLACK
33.223	-5.415
33.380	-6.194
33.351	-5.901
33.382	-6.283
POLYLINE BLACK
33.229	-6.732
33.192	-6.730
33.156	-6.727
33.119	-6.728
32.984	-6.731
32.882	-6.854
32.834	-6.968
32.819	-7.002
32.811	-7.040
32.820	-7.077
32.829	-7.117
32.856	-7.149
32.886	-7.176
32.907	-7.196
32.935	-7.215
32.963	-7.224
33.026	-7.244
33.101	-7.219
33.159	-7.212
POLYLINE BLACK
33.378	-7.301
33.377	-7.179
POLYLINE BLACK
33.403	-6.412
33.385	-6.401
POLYLINE BLACK
33.577	-7.313
33.659	-7.173
33.736	-7.030
33.822	-6.892
33.825	-6.888
33.836	-6.889
33.837	-6.894
33.841	-6.912
33.835	-6.931
33.834	-6.950
33.809	-7.072
33.791	-7.196
33.759	-7.316
33.744	-7.374
33.716	-7.427
33.694	-7.482
POLYLINE BLACK
33.583	-7.297
33.684	-7.331
POLYLINE BLACK
33.740	-7.429
33.683	-7.484
33.595	-7.555
33.576	-7.640
33.563	-7.697
33.556	-7.755
33.546	-7.812
POLYLINE BLACK
34.206	-6.833
34.150	-6.871
34.105	-6.893
34.066	-6.946
34.005	-7.030
33.978	-7.097
33.944	-7.199
33.928	-7.247
33.898	-7.342
33.943	-7.389
33.980	-7.426
34.044	-7.422
34.085	-7.395
34.094	-7.388
34.103	-7.382
34.111	-7.373
34.114	-7.368
34.119	-7.361
34.116	-7.356
34.097	-7.327
34.071	-7.304
34.048	-7.279
POLYLINE BLACK
32.517	-7.780
32.473	-7.819
32.425	-7.856
32.384	-7.899
32.318	-7.967
32.276	-8.056
32.240	-8.142
32.193	-8.252
32.201	-8.396
32.334	-8.436
32.371	-8.448
32.409	-8.451
32.447	-8.441
32.486	-8.430
32.544	-8.372
32.507	-8.331
32.482	-8.303
32.397	-8.276
32.388	-8.272
POLYLINE BLACK
32.858	-7.783
32.857	-7.962
32.658	-8.143
32.673	-8.340
32.674	-8.361
32.681	-8.408
32.698	-8.426
32.737	-8.468
32.782	-8.504
32.825	-8.542
POLYLINE BLACK
32.764	-8.172
32.899	-8.201
POLYLINE BLACK
33.110	-8.095
33.073	-8.150
33.036	-8.188
33.020	-8.250
33.013	-8.278
33.008	-8.306
33.006	-8.334
33.003	-8.363
33.004	-8.393
33.006	-8.422
33.018	-8.558
33.148	-8.450
33.186	-8.394
33.217	-8.349
33.234	-8.310
33.247	-8.256
33.259	-8.209
33.262	-8.154
33.207	-8.135
33.186	-8.127
33.181	-8.125
33.163	-8.138
33.114	-8.170
33.066	-8.205
33.018	-8.239
POLYLINE BLACK
33.118	-7.787
33.189	-7.569
POLYLINE BLACK
33.451	-7.915
33.417	-8.095
33.378	-8.274
33.349	-8.455
33.342	-8.498
33.381	-8.468
33.388	-8.462
33.421	-8.435
33.445	-8.393
33.491	-8.386
33.534	-8.379
33.554	-8.418
33.592	-8.427
33.691	-8.450
33.808	-8.216
33.822	-8.196
POLYLINE BLACK
33.830	-8.718
33.908	-8.583
33.982	-8.447
34.063	-8.314
34.066	-8.310
34.074	-8.308
34.079	-8.310
34.086	-8.315
34.089	-8.324
34.091	-8.332
34.112	-8.402
34.109	-8.519
34.181	-8.407
34.218	-8.349
34.254	-8.291
34.290	-8.233
POLYLINE BLACK
34.472	-8.073
34.457	-8.149
34.416	-8.249
34.443	-8.331
34.449	-8.349
34.461	-8.356
34.479	-8.349
34.490	-8.344
34.500	-8.337
34.509	-8.329
34.557	-8.288
34.597	-8.237
34.650	-8.203
34.661	-8.196
34.648	-8.228
34.646	-8.241
34.618	-8.313
34.595	-8.387
34.561	-8.456
34.504	-8.573
34.413	-8.688
34.337	-8.793
POLYLINE BLACK
22.829	-7.525
23.128	-7.405
23.004	-7.473
23.338	-7.224
23.459	-7.134
23.453	-7.109
23.583	-7.057
23.690	-7.013
23.798	-6.968
23.909	-6.938
24.026	-6.906
24.273	-6.862
24.398	-6.930
24.431	-6.948
24.466	-6.978
24.488	-7.007
24.694	-7.277
24.715	-7.533
24.743	-7.868
POLYLINE BLACK
26.937	-5.999
26.702	-6.150
26.601	-6.339
26.467	-6.592
26.403	-6.713
26.360	-6.846
26.293	-6.965
26.218	-7.100
26.110	-7.215
26.041	-7.353
25.974	-7.487
25.924	-7.629
25.887	-7.774
25.830	-8.001
25.807	-8.235
25.758	-8.464
25.752	-8.495
25.736	-8.524
25.721	-8.552
25.589	-8.792
25.285	-8.827
25.062	-8.689
24.957	-8.624
24.801	-8.541
24.715	-8.428
24.647	-8.338
24.633	-8.211
24.647	-8.103
24.681	-7.836
24.758	-7.706
24.949	-7.522
25.008	-7.464
25.091	-7.420
25.174	-7.408
25.268	-7.395
25.428	-7.369
25.535	-7.398
25.619	-7.421
25.701	-7.452
25.783	-7.484
25.811	-7.496
25.847	-7.502
25.862	-7.528
25.910	-7.612
25.929	-7.709
25.963	-7.800
POLYLINE BLACK
24.966	-7.892
24.970	-7.640
24.961	-7.796
25.018	-7.425
POLYLINE BLACK
25.252	-7.729
25.372	-7.442
25.417	-7.403
25.624	-7.181
POLYLINE BLACK
25.560	-7.594
25.777	-7.497
25.661	-7.557
25.901	-7.402
POLYLINE BLACK
25.551	-7.984
25.937	-7.970
POLYLINE BLACK
25.591	-8.155
25.579	-8.405
25.595	-8.498
25.676	-8.709
POLYLINE BLACK
25.285	-8.392
24.985	-9.032
POLYLINE BLACK
25.086	-8.295
24.731	-8.314
POLYLINE BLACK
25.110	-8.138
25.503	-8.077
POLYLINE BLACK
25.830	-9.257
25.842	-9.120
25.858	-8.997
26.000	-8.950
26.053	-8.932
26.102	-8.921
26.158	-8.923
26.376	-8.931
26.389	-9.084
26.319	-9.254
26.292	-9.317
26.194	-9.455
26.173	-9.493
26.142	-9.548
26.117	-9.610
26.109	-9.674
26.089	-9.817
26.125	-9.841
26.202	-9.975
POLYLINE BLACK
26.044	-10.813
26.020	-10.875
POLYLINE BLACK
16.612	-3.770
16.668	-3.680
16.720	-3.587
16.780	-3.501
16.924	-3.295
17.313	-3.129
17.511	-3.350
17.551	-3.395
17.578	-3.449
17.579	-3.510
17.584	-3.643
17.469	-3.807
17.434	-3.906
17.368	-4.099
17.372	-4.279
17.356	-4.484
POLYLINE BLACK
17.318	-5.018
17.297	-5.014
POLYLINE BLACK
10.572	-16.094
10.551	-16.673
10.516	-16.950
10.653	-17.588
10.737	-17.982
10.877	-18.362
11.006	-18.744
11.051	-18.876
11.124	-19.040
11.251	-19.120
11.536	-19.302
11.930	-19.273
12.244	-19.212
12.654	-19.133
13.468	-18.950
13.881	-18.789
14.197	-18.666
14.423	-18.468
14.667	-18.249
POLYLINE BLACK
24.291	-20.386
24.349	-20.301
POLYLINE BLACK
14.325	-18.322
14.369	-18.226
14.420	-18.132
14.457	-18.034
14.625	-17.591
14.225	-16.999
14.099	-16.664
14.043	-16.512
14.028	-16.157
14.018	-16.039
POLYLINE BLACK
11.838	-17.197
12.667	-16.197
POLYLINE BLACK
47.415	0.810
46.983	0.897
POLYLINE BLACK
12.842	-16.424
12.811	-16.128
12.771	-15.833
12.750	-15.537
12.736	-15.329
12.803	-15.143
12.972	-15.021
13.064	-14.953
13.181	-14.910
13.296	-14.907
13.466	-14.902
13.638	-14.948
13.753	-15.080
14.038	-15.407
14.091	-16.143
14.154	-16.449
POLYLINE BLACK
12.000	-17.078
12.365	-18.806
12.267	-18.106
12.389	-19.164
POLYLINE BLACK
12.180	-17.548
12.520	-17.283
12.309	-17.432
12.834	-17.133
POLYLINE BLACK
12.209	-17.971
12.670	-17.945
12.721	-17.903
13.052	-17.608
POLYLINE BLACK
12.338	-18.617
12.820	-18.681
12.546	-18.662
13.163	-18.642
POLYLINE BLACK
12.440	-19.326
12.987	-19.296
POLYLINE BLACK
12.107	-20.587
12.194	-20.413
12.302	-20.205
12.488	-20.382
12.551	-20.443
12.594	-20.519
12.610	-20.606
12.633	-20.723
12.597	-20.839
12.635	-20.954
12.696	-21.144
13.030	-21.163
12.834	-21.408
12.744	-21.520
12.625	-21.621
12.477	-21.639
12.457	-21.641
12.428	-21.654
12.418	-21.637
12.409	-21.623
12.447	-21.621
12.462	-21.613
POLYLINE BLACK
13.488	-21.784
13.605	-21.409
13.668	-21.063
13.870	-20.733
13.945	-20.610
13.928	-20.947
14.067	-20.911
14.183	-20.880
14.252	-20.754
14.380	-20.760
14.444	-20.763
14.502	-20.803
14.541	-20.852
14.769	-21.145
14.678	-21.537
14.646	-21.874

ELEVATION
STATIONS
0.000	0.000	0
-0.271	4.419	1
1.482	4.973	2
-1.442	4.731	3
-4.887	2.324	4
7.474	4.882	2.1
10.716	6.567	2.2
13.133	3.383	2.3
14.341	3.718	2.4
22.410	6.535	2.5
25.391	7.797	2.6
29.345	8.249	2.7
30.890	8.555	2.8
33.276	4.007	2.9
11.730	6.590	2.2.1
13.284	3.278	2.2.2
13.169	3.385	2.2.3
SHOTS
0.000	0.000	-0.271	4.419
-0.271	4.419	1.281	4.447
-0.271	4.419	0.209	5.107
-0.271	4.419	0.227	3.387
-0.271	4.419	1.482	4.973
1.482	4.973	2.534	5.458
1.482	4.973	0.953	5.469
1.482	4.973	-1.442	4.731
-1.442	4.731	-1.483	4.585
-1.442	4.731	-1.537	4.089
-1.442	4.731	-1.337	4.235
-1.442	4.731	-4.887	2.324
1.482	4.973	7.474	4.882
7.474	4.882	7.067	4.904
7.474	4.882	7.095	5.970
7.474	4.882	7.358	3.854
7.474	4.882	10.716	6.567
10.716	6.567	11.658	6.404
10.716	6.567	10.601	6.582
10.716	6.567	11.440	6.753
10.716	6.567	12.608	5.840
10.716	6.567	10.883	5.141
10.716	6.567	10.918	7.486
10.716	6.567	13.133	3.383
13.133	3.383	12.249	3.183
13.133	3.383	12.981	4.344
13.133	3.383	12.882	2.512
13.133	3.383	14.229	3.715
13.133	3.383	14.275	3.719
13.133	3.383	14.257	3.714
13.133	3.383	14.341	3.718
14.341	3.718	14.386	2.522
14.341	3.718	14.641	3.567
14.341	3.718	14.259	3.590
14.341	3.718	22.410	6.535
22.410	6.535	22.367	7.446
22.410	6.535	21.539	5.638
22.410	6.535	22.323	6.927
22.410	6.535	25.391	7.797
25.391	7.797	25.477	8.395
25.391	7.797	25.285	6.949
25.391	7.797	25.401	7.884
25.391	7.797	25.270	7.958
25.391	7.797	29.345	8.249
29.345	8.249	29.280	8.426
29.345	8.249	29.477	7.203
29.345	8.249	29.626	8.842
29.345	8.249	30.890	8.555
30.890	8.555	33.276	4.007
10.716	6.567	11.730	6.590
11.730	6.590	13.284	3.278
13.284	3.278	12.768	3.218
13.284	3.278	13.169	3.385

