TRIP
DATE 2026-08-24
DECLINATION 0.0
DATA
0		228.18	18.01	2.778	>
0		295.44	12.86	2.521	>
0		359.15	0.15	2.523	>
0		318.54	6.05	2.823	>
0		291.10	12.71	2.513	>
0		104.12	-30.61	1.406	>
0		146.03	-28.22	1.475	>
0		145.98	-28.14	1.522	>
0		145.71	-28.34	1.537	>
0		145.77	-28.08	1.473	>
0		145.95	-28.07	1.470	>
0		145.78	-28.22	1.469	>
0		152.13	-24.69	1.417	>
0		164.11	-14.32	1.034	>
0		1.57	31.59	2.226	>
0		1.48	31.51	2.225	>
0		1.52	31.66	2.230	>
0	1	145.83	-28.12	1.471	>
0	0.1	1.52	31.59	2.227	>
0.1		249.32	3.55	2.572	>
0.1		233.75	2.35	4.972	>
0.1		215.30	1.78	0.623	>
0.1		186.21	-0.62	1.713	>
0.1		273.30	2.46	2.066	>
0.1		300.52	-10.02	1.414	>
0.1		292.32	-71.30	1.819	>
0.1		184.09	-1.06	1.732	>
0.1		171.58	-6.26	0.927	>
0.1		282.49	68.51	10.026	>
0.1		288.59	69.08	10.274	>
0.1		310.51	54.24	0.492	>
0.1		238.79	46.25	6.300	>
0.1		249.25	56.45	7.767	>
0.1		268.39	64.92	6.570	>
0.1		311.81	69.36	7.697	>
0.1		279.45	67.73	8.435	>
0.1		292.30	69.06	9.547	>
0.1		292.53	68.12	9.333	>
0.1		286.94	69.08	14.933	>
0.1		286.80	68.87	13.589	>
0.1		286.65	68.91	13.552	>
0.1		286.67	68.94	13.566	>
0.1		311.06	13.36	3.100	>
0.1		286.40	68.26	13.620	>
0.1		286.94	68.51	13.580	>
0.1		286.92	68.48	13.638	>
0.1		286.63	68.66	13.614	>
0.1		286.62	68.71	13.623	>
0.1		286.64	68.70	13.611	>
0.1		283.21	68.42	10.107	>
0.1		286.75	69.21	14.943	>
0.1		286.90	69.45	13.721	>
0.1		287.03	69.36	13.716	>
0.1		287.48	69.24	13.144	>
0.1		286.43	69.08	13.591	>
0.1		286.30	69.04	13.593	>
0.1		286.34	69.08	13.597	>
0.1	0.2	286.36	69.07	13.594	>
0.2		211.21	5.15	0.310	>
0.2		324.99	19.81	3.066	>
0.2		324.81	20.24	3.061	>
0.2		324.69	20.20	3.060	>
0.2	0.3	324.83	20.08	3.062	>
0.3		201.01	22.75	2.775	>
0.3		177.45	23.86	2.445	>
0.3		167.26	18.85	2.271	>
0.3		66.91	-12.60	2.138	>
0.3		68.43	-17.64	1.984	>
0.3		114.30	-4.74	1.576	>
0.3		133.87	-3.16	2.382	>
0.3		161.17	-11.42	2.108	>
0.3		146.06	-22.35	3.224	>
0.3		154.28	-23.36	2.700	>
0.3		143.15	-21.13	3.313	>
0.3		126.51	-83.36	1.435	>
0.3		201.95	34.71	3.010	>
0.3		201.92	34.50	3.001	>
0.3		202.22	34.70	3.005	>
0.3		10.86	60.71	0.923	>
0.3		353.61	74.65	17.613	>
0.3		354.06	74.66	17.620	>
0.3		353.86	74.69	17.012	>
0.3		353.97	74.65	17.577	>
0.3		354.05	74.97	17.753	>
0.3		359.59	76.78	19.248	>
0.3		359.12	76.93	19.240	>
0.3		359.24	76.94	19.243	>
0.3	0.4	202.03	34.63	3.005	>
0.4		111.48	67.93	0.689	>
0.4		306.37	11.55	0.410	>
0.4		134.16	11.21	0.895	>
0.4		357.05	-76.91	0.753	>
0.4		47.33	-64.86	1.023	>
0.4		289.31	72.53	10.453	>
0.4		263.99	80.45	6.489	>
0.4		275.06	77.50	6.217	>
0.4		227.23	25.70	8.596	>
0.4		227.38	25.72	8.589	>
0.4		227.08	25.87	8.571	>
0.4	0.5	227.23	25.76	8.585	>
0.5		289.84	-16.19	0.438	>
0.5		263.68	62.40	0.292	>
0.5		97.96	-5.83	0.272	>
0.5		283.75	-12.94	0.439	>
0.5		92.61	-8.79	0.258	>
0.5		106.38	-36.38	0.838	>
0.5		271.78	55.52	0.371	>
0.5		103.05	-66.32	1.281	>
0.5		179.08	-80.99	5.978	>
0.5		180.99	-80.96	6.011	>
0.5		181.74	-80.69	6.015	>
0.5	0.6	180.60	-80.88	6.001	>
0.3	0.3.1	359.32	76.88	19.244	>
0.3.1		358.96	74.82	25.913	>
0.3.1		359.79	74.54	23.737	>
0.3.1		0.43	76.53	25.435	>
0.3.1		0.08	76.24	19.146	>
0.3.1		359.91	76.24	19.113	>
0.3.1		359.87	76.21	19.134	>
0.3.1	0.3.2	359.95	76.23	19.131	>

PLAN
STATIONS
0.000	0.000	0
0.728	-1.073	1
0.050	1.896	0.1
-4.610	3.264	0.2
-6.266	5.615	0.3
-7.194	3.323	0.4
-12.869	-1.927	0.5
-12.880	-2.878	0.6
-6.318	9.983	0.3.1
-6.322	14.537	0.3.2
SHOTS
0.000	0.000	-1.969	-1.762
0.000	0.000	-2.219	1.056
0.000	0.000	-0.037	2.523
0.000	0.000	-1.859	2.104
0.000	0.000	-2.287	0.882
0.000	0.000	1.173	-0.295
0.000	0.000	0.726	-1.078
0.000	0.000	0.751	-1.112
0.000	0.000	0.762	-1.118
0.000	0.000	0.602	-1.138
0.000	0.000	0.274	-0.964
0.000	0.000	0.728	-1.073
0.000	0.000	0.050	1.896
0.050	1.896	-2.351	0.990
0.050	1.896	-3.956	-1.042
0.050	1.896	-0.309	1.388
0.050	1.896	-0.135	0.194
0.050	1.896	-2.010	2.015
0.050	1.896	-1.149	2.603
0.050	1.896	-0.489	2.118
0.050	1.896	-0.073	0.169
0.050	1.896	0.185	0.985
0.050	1.896	-3.535	2.691
0.050	1.896	-3.427	3.066
0.050	1.896	-0.168	2.083
0.050	1.896	-3.675	-0.361
0.050	1.896	-3.963	0.375
0.050	1.896	-2.734	1.818
0.050	1.896	-1.972	3.706
0.050	1.896	-3.103	2.422
0.050	1.896	-3.106	3.191
0.050	1.896	-3.163	3.229
0.050	1.896	-5.050	3.450
0.050	1.896	-2.224	3.877
0.050	1.896	-3.569	2.746
0.050	1.896	-5.029	3.425
0.050	1.896	-4.558	3.296
0.050	1.896	-4.572	3.312
0.050	1.896	-4.394	3.296
0.050	1.896	-4.610	3.264
-4.610	3.264	-4.770	3.000
-4.610	3.264	-6.266	5.615
-6.266	5.615	-7.184	3.226
-6.266	5.615	-6.167	3.382
-6.266	5.615	-5.792	3.519
-6.266	5.615	-4.347	6.434
-6.266	5.615	-4.508	6.310
-6.266	5.615	-4.835	4.969
-6.266	5.615	-4.552	3.967
-6.266	5.615	-5.599	3.660
-6.266	5.615	-4.602	3.141
-6.266	5.615	-5.191	3.382
-6.266	5.615	-4.413	3.142
-6.266	5.615	-6.133	5.517
-6.266	5.615	-6.181	6.059
-6.266	5.615	-6.785	10.248
-6.266	5.615	-6.749	10.251
-6.266	5.615	-6.747	10.081
-6.266	5.615	-6.755	10.242
-6.266	5.615	-6.743	10.194
-6.266	5.615	-7.194	3.323
-7.194	3.323	-6.953	3.228
-7.194	3.323	-7.517	3.561
-7.194	3.323	-6.564	2.711
-7.194	3.323	-7.203	3.493
-7.194	3.323	-6.874	3.618
-7.194	3.323	-10.156	4.361
-7.194	3.323	-8.265	3.210
-7.194	3.323	-8.534	3.442
-7.194	3.323	-12.869	-1.927
-12.869	-1.927	-13.265	-1.785
-12.869	-1.927	-13.004	-1.942
-12.869	-1.927	-12.601	-1.965
-12.869	-1.927	-13.285	-1.826
-12.869	-1.927	-12.615	-1.939
-12.869	-1.927	-12.222	-2.118
-12.869	-1.927	-13.079	-1.921
-12.869	-1.927	-12.368	-2.044
-12.869	-1.927	-12.880	-2.878
-6.266	5.615	-6.318	9.983
-6.318	9.983	-6.441	16.769
-6.318	9.983	-6.341	16.312
-6.318	9.983	-6.273	15.910
-6.318	9.983	-6.322	14.537
POLYLINE BLACK
0.009	0.061
0.026	0.119
POLYLINE BLACK
0.100	1.934
0.105	1.949
POLYLINE BLACK
0.452	0.055
0.460	-0.008
0.461	-0.073
0.474	-0.136
0.498	-0.250
0.580	-0.431
0.642	-0.516
0.761	-0.677
0.904	-0.819
1.028	-0.976
1.052	-1.007
1.065	-1.046
1.087	-1.080
1.112	-1.118
1.141	-1.154
1.167	-1.190
POLYLINE BLACK
-0.219	-0.107
-0.198	-0.154
-0.186	-0.207
-0.156	-0.249
-0.002	-0.465
0.181	-0.659
0.329	-0.878
0.459	-1.073
0.518	-1.275
0.649	-1.455
POLYLINE BLACK
0.443	0.018
0.452	0.088
0.465	0.158
0.471	0.229
0.474	0.261
0.475	0.294
0.469	0.326
0.415	0.575
0.335	0.818
0.289	1.069
0.120	2.001
0.352	1.453
0.013	2.308
-0.006	2.357
-0.083	2.502
-0.143	2.559
-0.298	2.706
-0.446	2.862
-0.617	2.992
-0.841	3.163
-1.259	3.291
-1.505	3.343
-2.702	3.596
-2.763	3.633
-3.762	3.593
-3.981	3.585
-4.221	3.554
-4.420	3.452
-4.464	3.429
-4.521	3.377
-4.548	3.342
-4.596	3.281
-4.640	3.216
-4.680	3.150
-4.697	3.122
-4.709	3.091
-4.720	3.059
-4.766	2.923
-4.753	2.814
-4.601	2.770
-4.293	2.680
-4.714	2.833
-4.261	2.710
-4.155	2.682
-4.048	2.648
-3.948	2.601
-3.763	2.514
-3.463	2.311
-3.303	2.183
-3.228	2.123
-3.013	1.954
-2.935	1.826
-2.919	1.802
-2.700	1.371
-2.587	1.288
-2.307	1.079
-1.998	0.909
-1.718	0.700
-1.553	0.577
-1.413	0.424
-1.255	0.293
-1.230	0.272
-1.202	0.255
-1.171	0.246
-0.945	0.176
-0.719	0.104
-0.488	0.055
-0.348	0.025
-0.204	0.004
-0.061	0.009
0.088	0.013
0.232	0.056
0.378	0.083
0.409	0.088
0.436	0.102
0.462	0.119
0.486	0.136
0.503	0.162
0.522	0.185
POLYLINE BLACK
-0.217	-0.114
-0.266	0.053
POLYLINE BLACK
-2.263	2.313
-1.143	2.404
-2.180	2.353
-0.672	2.276
-0.579	2.271
-0.486	2.289
-0.393	2.296
POLYLINE BLACK
-5.224	3.502
-5.230	3.482
-5.237	3.469
-5.236	3.450
-5.233	3.415
-5.201	3.379
-5.181	3.355
-5.097	3.254
-4.893	3.222
-4.784	3.184
-4.736	3.168
-4.690	3.146
-4.643	3.126
POLYLINE BLACK
-4.630	3.678
-4.642	3.664
-4.650	3.659
-4.655	3.644
-4.658	3.635
-4.657	3.623
-4.654	3.614
-4.630	3.561
-4.604	3.509
-4.581	3.456
-4.532	3.340
-4.572	3.384
-4.528	3.340
POLYLINE BLACK
-7.342	3.617
-7.427	3.598
-7.513	3.576
-7.573	3.505
-7.888	3.134
-7.957	3.075
-8.128	2.789
POLYLINE BLACK
-6.476	3.174
-6.472	3.068
-6.462	2.963
-6.464	2.857
-6.464	2.799
-6.497	2.682
-6.522	2.635
-6.662	2.378
-6.815	2.129
-6.961	1.876
POLYLINE BLACK
-8.088	2.812
-8.526	2.462
-7.486	3.301
-8.798	2.114
-9.756	1.248
-10.741	0.412
-11.704	-0.448
-11.824	-0.555
-11.926	-0.682
-12.048	-0.787
-12.197	-0.915
-12.361	-1.026
-12.517	-1.145
-12.668	-1.291
-12.813	-1.444
-12.971	-1.583
-13.048	-1.650
-13.140	-1.698
-13.222	-1.760
-13.278	-1.803
-13.296	-1.852
-13.333	-1.914
POLYLINE BLACK
-6.958	1.916
-7.400	1.513
-7.470	1.434
-8.070	0.996
-8.430	0.733
-8.825	0.519
-9.172	0.238
-9.404	0.050
-9.581	-0.199
-9.798	-0.405
-9.941	-0.542
-10.106	-0.653
-10.249	-0.790
-10.372	-0.906
-10.463	-1.055
-10.593	-1.163
-10.852	-1.378
-11.499	-1.749
-11.777	-1.936
-11.843	-1.981
-11.897	-2.041
-11.961	-2.088
-12.039	-2.145
-12.173	-2.177
-12.250	-2.210
-12.313	-2.236
-12.354	-2.302
-12.392	-2.353
POLYLINE BLACK
-13.223	-1.720
-13.460	-1.795
-13.764	-1.851
-13.989	-1.998
-14.314	-2.209
-14.585	-2.717
-14.466	-3.108
-14.322	-3.583
-13.899	-3.750
-13.433	-3.742
-13.204	-3.738
-12.979	-3.696
-12.780	-3.577
-12.634	-3.490
-12.507	-3.349
-12.441	-3.190
-12.388	-3.062
-12.273	-2.776
-12.268	-2.583
-12.258	-2.218
-12.484	-1.924
-12.794	-1.745
-12.998	-1.627
-13.249	-1.660
-13.471	-1.658
POLYLINE BLACK
-13.858	-2.577
-13.026	-2.731
-13.521	-2.680
-12.367	-2.628
POLYLINE BLACK
-14.385	-2.429
-14.452	-2.440
-14.520	-2.450
-14.587	-2.460
-14.718	-2.463
-14.850	-2.451
-14.979	-2.468
-15.284	-2.508
-15.586	-2.565
-15.886	-2.633
-15.939	-2.645
-16.110	-2.706
-16.188	-2.764
-16.271	-2.824
-16.309	-2.958
-16.337	-3.041
-16.387	-3.197
-16.394	-3.385
-16.274	-3.512
-16.206	-3.584
-16.078	-3.617
-15.992	-3.636
-15.785	-3.683
-15.554	-3.648
-15.352	-3.619
-15.243	-3.603
-15.138	-3.561
-15.029	-3.546
-14.894	-3.527
-14.756	-3.537
-14.621	-3.518
-14.464	-3.495
-14.464	-3.468
-14.350	-3.429
-14.322	-3.420
-14.288	-3.424
-14.260	-3.425
POLYLINE BLACK
-5.242	3.539
-4.977	3.759
-4.602	3.732
-4.326	3.922
-4.195	4.012
-4.093	4.152
-4.036	4.300
-3.986	4.427
-3.927	4.555
-3.913	4.690
-3.852	5.299
-3.761	5.914
-3.811	6.524
-3.953	8.260
-4.198	9.987
-4.488	11.704
-4.578	12.237
-4.760	12.751
-4.948	13.257
-5.054	13.541
-5.217	13.801
-5.369	14.063
-5.432	14.173
-5.509	14.275
-5.592	14.372
-5.692	14.488
-5.851	14.658
-6.015	14.713
-6.428	14.852
-6.684	14.421
-6.877	14.140
-6.921	14.076
-6.957	14.005
-6.987	13.933
-7.013	13.868
-7.039	13.800
-7.046	13.730
-7.245	11.610
-7.481	9.492
-7.606	7.366
-7.633	6.897
-7.509	6.430
-7.501	5.960
-7.492	5.436
-7.549	4.912
-7.555	4.388
-7.556	4.242
-7.469	4.033
-7.412	3.914
-7.353	3.789
-7.282	3.648
-7.181	3.547
-7.024	3.390
-6.717	3.289
-6.502	3.296
-6.164	3.306
-5.890	3.388
-5.570	3.510
-4.053	4.091
-5.706	3.522
-4.901	3.795
POLYLINE BLACK
-6.758	8.183
-4.588	8.387

ELEVATION
STATIONS
0.000	0.000	0
0.728	-0.693	1
0.050	1.167	0.1
-4.610	13.863	0.2
-6.266	14.915	0.3
-7.194	16.623	0.4
-12.869	20.355	0.5
-12.880	14.429	0.6
-6.318	33.656	0.3.1
-6.322	52.237	0.3.2
SHOTS
0.000	0.000	-1.969	0.859
0.000	0.000	-2.219	0.561
0.000	0.000	-0.037	0.007
0.000	0.000	-1.859	0.297
0.000	0.000	-2.287	0.553
0.000	0.000	1.173	-0.716
0.000	0.000	0.726	-0.698
0.000	0.000	0.751	-0.718
0.000	0.000	0.762	-0.730
0.000	0.000	0.602	-0.592
0.000	0.000	0.274	-0.256
0.000	0.000	0.728	-0.693
0.000	0.000	0.050	1.167
0.050	1.167	-2.351	1.326
0.050	1.167	-3.956	1.371
0.050	1.167	-0.309	1.186
0.050	1.167	-0.135	1.148
0.050	1.167	-2.010	1.255
0.050	1.167	-1.149	0.921
0.050	1.167	-0.489	-0.556
0.050	1.167	-0.073	1.135
0.050	1.167	0.185	1.066
0.050	1.167	-3.535	10.496
0.050	1.167	-3.427	10.763
0.050	1.167	-0.168	1.566
0.050	1.167	-3.675	5.718
0.050	1.167	-3.963	7.640
0.050	1.167	-2.734	7.117
0.050	1.167	-1.972	8.369
0.050	1.167	-3.103	8.972
0.050	1.167	-3.106	10.083
0.050	1.167	-3.163	9.827
0.050	1.167	-5.050	15.115
0.050	1.167	-2.224	1.883
0.050	1.167	-3.569	10.565
0.050	1.167	-5.029	15.136
0.050	1.167	-4.558	14.014
0.050	1.167	-4.572	14.002
0.050	1.167	-4.394	13.457
0.050	1.167	-4.610	13.863
-4.610	13.863	-4.770	13.891
-4.610	13.863	-6.266	14.915
-6.266	14.915	-7.184	15.988
-6.266	14.915	-6.167	15.904
-6.266	14.915	-5.792	15.648
-6.266	14.915	-4.347	14.448
-6.266	14.915	-4.508	14.313
-6.266	14.915	-4.835	14.785
-6.266	14.915	-4.552	14.783
-6.266	14.915	-5.599	14.497
-6.266	14.915	-4.602	13.689
-6.266	14.915	-5.191	13.844
-6.266	14.915	-4.413	13.720
-6.266	14.915	-6.133	13.489
-6.266	14.915	-6.181	15.720
-6.266	14.915	-6.785	31.900
-6.266	14.915	-6.749	31.907
-6.266	14.915	-6.747	31.323
-6.266	14.915	-6.755	31.865
-6.266	14.915	-6.743	32.060
-6.266	14.915	-7.194	16.623
-7.194	16.623	-6.953	17.261
-7.194	16.623	-7.517	16.705
-7.194	16.623	-6.564	16.797
-7.194	16.623	-7.203	15.889
-7.194	16.623	-6.874	15.697
-7.194	16.623	-10.156	26.593
-7.194	16.623	-8.265	23.022
-7.194	16.623	-8.534	22.692
-7.194	16.623	-12.869	20.355
-12.869	20.355	-13.265	20.232
-12.869	20.355	-13.004	20.613
-12.869	20.355	-12.601	20.327
-12.869	20.355	-13.285	20.256
-12.869	20.355	-12.615	20.315
-12.869	20.355	-12.222	19.858
-12.869	20.355	-13.079	20.660
-12.869	20.355	-12.368	19.181
-12.869	20.355	-12.880	14.429
-6.266	14.915	-6.318	33.656
-6.318	33.656	-6.441	58.665
-6.318	33.656	-6.341	56.534
-6.318	33.656	-6.273	58.391
-6.318	33.656	-6.322	52.237

