TRIP
DATE 2025-08-28
DECLINATION 0.0
DATA
0		321.65	-1.66	1.742	>
0		343.61	-3.12	2.222	>
0		7.25	-0.87	2.008	>
0		12.93	-0.79	2.603	>
0		35.38	0.40	3.685	>
0		58.45	8.48	3.018	>
0		66.08	8.22	3.181	>
0		83.85	6.45	2.881	>
0		351.87	1.06	2.180	>
0		280.52	3.38	1.452	>
0		246.47	-2.65	0.955	>
0		57.17	6.97	2.031	>
0		344.79	-1.77	2.207	>
0		9.93	-53.44	1.733	>
0		65.97	49.98	3.327	>
0		87.93	16.47	2.883	>
0		88.04	16.50	2.879	>
0		88.06	16.56	2.879	>
0		251.16	-36.57	6.312	>
0		251.04	-36.43	5.824	>
0		251.10	-36.49	6.288	>
0		251.00	-36.47	6.296	>
0		250.89	-36.63	6.301	>
0	1	88.01	16.51	2.880	>
1		256.10	60.23	6.229	>
1		256.90	59.91	6.234	>
1		54.72	-0.82	1.199	>
1		274.86	-40.37	1.074	>
1		56.30	-48.59	2.239	>
1		69.65	-0.10	1.003	>
1		46.07	-14.07	1.070	>
1		55.32	-12.39	2.511	>
1		55.28	-12.05	2.476	>
1		55.27	-12.16	2.480	>
1		55.38	-12.83	2.480	>
1	2	55.31	-12.35	2.479	>
2		201.30	0.42	0.700	>
2		291.00	-3.93	0.921	>
2		246.95	-1.64	1.298	>
2		229.91	3.43	0.940	>
2		322.69	39.44	1.008	>
2		118.06	-85.30	0.981	>
2		152.24	11.40	0.521	>
2		83.50	10.55	0.642	>
2		130.75	20.46	0.664	>
2		258.25	68.88	1.723	>
2		11.73	43.76	2.409	>
2		110.74	58.50	2.563	>
2		273.00	79.26	2.032	>
2		254.67	85.34	8.214	>
2		29.98	31.66	9.135	>
2		17.51	42.68	12.173	>
2		22.71	34.12	2.182	>
2		22.71	34.17	2.180	>
2		22.73	34.16	2.181	>
2	3	22.71	34.15	2.181	>
3		122.24	1.68	1.892	>
3		82.38	3.01	2.012	>
3		61.06	-1.66	4.139	>
3		35.76	-3.47	7.707	>
3		16.58	-2.66	5.105	>
3		257.39	69.15	19.730	>
3		230.81	55.13	13.589	>
3		229.17	47.74	9.058	>
3		71.23	-45.31	5.696	>
3		71.24	-45.35	5.688	>
3		71.30	-45.35	5.680	>
3	4	71.26	-45.34	5.688	>
4		320.02	39.24	5.304	>
4		315.93	33.97	3.321	>
4		124.67	-24.80	0.943	>
4		357.52	40.99	9.026	>
4		30.37	11.42	5.076	>
4		316.37	67.10	12.277	>
4		49.47	-64.13	5.909	>
4		49.61	-64.23	5.916	>
4		49.68	-64.15	5.914	>
4	5	49.58	-64.17	5.913	>
5		123.09	-1.81	1.247	>
5		68.12	-3.15	2.993	>
5		19.63	6.49	2.824	>
5		195.50	3.33	3.595	>
5		122.90	-1.57	1.226	>
5		142.33	-57.76	6.898	>
5		142.08	-57.74	6.875	>
5		142.08	-57.78	6.895	>
5	6	142.16	-57.76	6.889	>
6		267.75	0.26	1.371	>
6		101.90	-5.20	3.804	>
6		215.45	-14.99	2.099	>
6		35.81	-2.44	2.403	>
6		126.54	10.89	3.435	>
6		135.88	14.79	3.280	>
6		132.41	14.36	5.697	>
6		94.13	79.90	27.682	>
6		91.54	-61.88	7.867	>
6		91.32	-61.90	7.866	>
6		91.39	-61.91	7.879	>
6	7	91.42	-61.90	7.871	>
7		254.38	-0.74	3.701	>
7		323.21	-0.83	1.886	>
7		280.00	5.64	3.612	>
7		168.31	-16.96	1.637	>
7		190.12	-21.48	3.643	>
7		163.30	-26.02	1.859	>
7		186.31	-24.17	3.823	>
7		172.32	-18.66	6.746	>
7		172.27	-18.73	6.755	>
7		172.32	-18.65	6.744	>
7	8	172.30	-18.68	6.748	>
8		321.48	-12.01	1.961	>
8		46.27	7.42	1.523	>
8		26.73	2.01	3.024	>
8		7.62	8.65	4.673	>
8		349.77	-55.76	2.774	>
8		23.12	66.21	14.239	>
8		80.33	65.52	1.559	>
8		335.99	44.82	5.145	>
8		24.54	61.68	22.411	>
8		148.61	-6.87	0.971	>
8		148.45	-6.68	0.970	>
8		148.26	-6.80	0.970	>
8		100.11	2.19	3.303	>
8		100.11	2.06	3.311	>
8		100.20	2.09	3.323	>
8	9	148.44	-6.78	0.970	>
9		269.37	16.61	0.406	>
9		85.13	-16.46	0.252	>
9		299.98	-76.09	0.415	>
9		167.94	-14.72	7.309	>
9		167.95	-14.85	18.518	>
9		167.92	-14.62	7.290	>
9		168.35	-14.97	7.276	>
9		168.27	-15.01	7.271	>
9		168.26	-15.03	7.271	>
9	10	168.29	-15.00	7.273	>
10		78.70	22.36	1.421	>
10		76.57	20.70	1.360	>
10		108.06	67.81	1.153	>
10		174.85	-16.46	6.286	>
10		174.73	-16.46	6.301	>
10		174.63	-16.34	6.321	>
10	11	174.74	-16.42	6.303	>
11		52.44	26.21	1.405	>
11		65.66	79.58	0.851	>
11		277.22	8.87	1.428	>
11		127.90	2.79	2.274	>
11		128.01	2.87	2.270	>
11		127.93	2.91	2.270	>
11	12	127.94	2.85	2.271	>
12		268.42	3.77	1.263	>
12		260.19	54.94	0.900	>
12		254.80	-43.21	1.056	>
12		190.39	-15.30	4.526	>
12		190.27	-15.35	4.552	>
12		190.27	-15.35	4.525	>
12	13	190.31	-15.34	4.534	>
13		100.13	9.65	0.927	>
13		130.66	59.60	0.798	>
13		124.34	-50.60	0.728	>
13		185.08	-13.48	4.614	>
13		185.51	-12.95	3.908	>
13		185.51	-13.01	3.908	>
13		185.45	-12.97	3.905	>
13	14	185.49	-12.98	3.907	>
14		314.08	6.37	0.613	>
14		316.63	69.82	0.656	>
14		309.36	-58.97	0.722	>
14		176.69	15.27	2.169	>
14		271.23	8.37	1.987	>
14		227.47	21.35	3.316	>
14		227.64	21.29	3.310	>
14		227.58	21.30	3.315	>
14	15	227.56	21.31	3.314	>
15		63.25	54.88	1.243	>
8	8.1	100.14	2.11	3.312	>
8.1		191.71	-37.40	0.497	>
8.1		338.30	-13.34	0.452	>
8.1		43.60	-82.43	0.657	>
8.1		270.20	15.07	2.333	>
8.1		299.55	-3.50	1.915	>
8.1		123.29	-6.61	0.364	>
8.1		123.14	-6.67	0.364	>
8.1		123.09	-6.74	4.113	>
8.1		123.03	-6.70	0.366	>
8.1		122.93	-6.75	0.370	>
8.1		123.57	-6.97	0.375	>
8.1		123.41	-6.99	4.083	>
8.1		123.43	-6.92	4.084	>
8.1		123.31	-6.91	4.085	>
8.1	8.2	123.38	-6.94	4.084	>
8.2		234.43	-8.65	1.144	>
8.2		224.53	43.20	0.948	>
8.2		185.28	-7.47	1.810	>
8.2		190.76	-5.26	3.111	>
8.2		190.58	-5.09	3.106	>
8.2		190.55	-5.08	3.112	>
8.2	8.3	190.63	-5.14	3.110	>
8.3		40.22	3.79	1.257	>
8.3		63.85	-84.40	0.366	>
8.3		54.80	38.89	0.952	>
8.3		82.80	21.63	1.539	>
8.3		96.17	8.32	2.396	>
8.3		95.99	8.30	2.387	>
8.3		96.04	8.33	2.392	>
8.3	8.4	96.07	8.32	2.392	>
8.4		238.43	-10.96	1.107	>
8.4		214.29	31.92	0.722	>
8.4		207.70	-41.76	0.751	>
8.4		180.23	-12.40	8.322	>
8.4		180.37	-12.41	8.320	>
8.4		180.30	-12.41	8.312	>
8.4	8.5	180.30	-12.41	8.318	>
8.5		63.39	-0.24	1.125	>
8.5		71.47	-66.65	0.574	>
8.5		75.64	35.01	0.514	>
8.5		123.59	-4.42	3.902	>
8.5		123.29	-4.59	3.855	>
8.5		123.08	-4.50	3.869	>
8.5	8.6	123.32	-4.50	3.875	>
8.6		123.16	-4.39	3.877	>
8.6		123.16	-4.49	3.878	>
8.6		252.58	6.71	0.917	>
8.6		247.68	47.38	0.687	>
8.6		255.26	-38.64	0.577	>
8.6		178.02	-11.17	5.748	>
8.6		177.98	-11.17	5.748	>
8.6		178.01	-11.18	5.751	>
8.6	8.7	178.00	-11.17	5.749	>
8.7		53.65	12.73	1.602	>
8.7		109.08	-2.51	3.018	>
8.7		174.19	-19.39	2.181	>
8.7		240.03	-24.00	1.159	>
8.7		301.34	-5.91	1.278	>
8.7		69.74	-23.38	1.309	>
8.7		111.41	-30.31	2.436	>
8.7		149.09	-45.99	2.259	>
8.7		114.41	-63.13	0.738	>
8.7		79.76	73.32	2.003	>
8.7		103.45	-62.46	2.846	>
8.7		79.72	71.21	1.960	>
8.7		257.22	-15.56	8.518	>
8.7		256.26	-15.66	8.908	>
8.7		256.23	-15.80	8.903	>
8.7		256.28	-15.70	8.914	>
8.7		127.60	-44.29	2.835	>
8.7		127.76	-44.33	2.834	>
8.7		127.75	-44.32	2.829	>
8.7	8.8	256.26	-15.72	8.908	>
8.7	8.7.1	127.71	-44.32	2.833	>
8.7.1		333.14	-28.75	1.215	>
8.7.1		336.27	5.37	2.431	>
8.7.1		339.49	-1.66	4.482	>
8.7.1		339.43	-1.52	4.421	>
8.7.1		339.96	-1.64	4.507	>
8.7.1		339.69	-1.59	4.469	>
8.7.1		339.60	-1.60	4.507	>
8.7.1	8.7.2	339.75	-1.61	4.494	>
8.7.2		90.56	1.04	0.723	>
8.7.2		68.98	37.05	0.445	>
8.7.2		74.70	-64.20	0.684	>
8.7.2		19.49	1.62	3.752	>
8.7.2		19.47	1.20	3.762	>
8.7.2		19.39	1.38	3.761	>
8.7.2	8.7.3	19.45	1.40	3.758	>
8.7.3		251.24	-0.02	0.715	>
8.7.3		78.02	-30.07	0.778	>
8.7.3		240.65	-81.45	0.844	>
8.7.3		330.76	-14.45	2.654	>
8.7.3		330.71	-14.56	2.646	>
8.7.3		330.64	-14.14	2.665	>
8.7.3	8.7.4	330.70	-14.38	2.655	>
8.7.4		99.61	8.51	0.932	>
8.7.4		66.04	67.87	0.982	>
8.7.4		88.32	-45.16	0.539	>
8.7.4		35.11	9.27	1.883	>
8.7.4		35.04	9.01	1.883	>
8.7.4		34.97	8.96	1.885	>
8.7.4	8.7.5	35.04	9.08	1.884	>
8.7.5		272.40	8.42	1.006	>
8.7.5		89.40	-10.71	0.300	>
8.7.5		231.28	-83.36	0.837	>
8.7.5		267.51	57.74	0.773	>
8.7.5		326.46	-64.07	1.521	>
8.7.5		323.60	-55.13	2.040	>
8.7.5		2.55	-23.37	3.964	>
8.7.5		2.58	-23.28	3.990	>
8.7.5		2.52	-23.46	3.978	>
8.7.5	8.7.6	2.55	-23.37	3.977	>
8.7.6		96.25	2.03	1.372	>
8.7.6		131.76	69.53	2.003	>
8.7.6		145.82	-83.30	0.657	>
8.7.6		211.21	-25.08	1.912	>
8.7.6		166.40	-4.75	2.496	>
8.7.6		132.19	-8.53	1.555	>
8.7.6		172.57	-23.31	2.381	>
8.7.6		145.03	-31.49	1.348	>
8.7.6		126.86	-71.55	0.756	>
8.7.6		179.51	-70.10	2.789	>
8.7.6		358.43	0.31	5.754	>
8.7.6		358.29	0.19	5.751	>
8.7.6		358.15	0.15	5.747	>
8.7.6	8.7.7	358.29	0.22	5.751	>
8.7.7		134.32	1.24	1.395	>
8.7.7		142.19	32.83	0.839	>
8.7.7		93.04	-69.87	0.972	>
8.7.7		35.36	4.02	4.655	>
8.7.7		35.36	3.79	4.668	>
8.7.7		35.40	3.81	4.669	>
8.7.7	8.7.8	35.38	3.87	4.664	>
8.7.8		297.52	-8.33	1.114	>
8.7.8		295.15	-69.65	1.499	>
8.7.8		298.77	44.37	0.640	>
8.7.8		6.03	-37.11	3.143	>
8.7.8		354.64	-59.21	2.502	>
8.7.8		11.50	-40.52	3.394	>
8.7.8		11.17	-40.49	3.394	>
8.7.8		11.26	-40.56	3.389	>
8.7.8	8.7.9	11.31	-40.52	3.392	>
8.7.9		323.07	-38.57	5.167	>
8.7.9		323.01	-38.62	5.175	>
8.7.9		322.84	-38.66	5.170	>
8.7.9	8.7.10	322.98	-38.61	5.171	>
8.7.10		233.29	-88.97	2.386	>
8.7.10		106.79	74.71	6.634	>
8.7.10		255.17	-67.97	2.233	>
8.7.10		317.81	-47.67	5.610	>
8.7.10		192.73	-57.75	1.534	>
8.7.10		358.09	-34.07	4.836	>
8.7.10		328.02	-35.79	8.406	>
8.7.10		45.05	-1.92	3.517	>
8.7.10		6.79	-14.60	4.708	>
8.7.10		91.84	-26.59	2.119	>
8.7.10		46.77	1.09	7.354	>
8.7.10		27.20	-4.78	6.070	>
8.7.10		56.38	1.11	4.725	>
8.7.10		110.81	29.69	6.757	>
8.7.10		343.47	-33.77	6.788	>
8.7.10		343.34	-33.87	6.808	>
8.7.10		343.38	-33.91	6.821	>
8.7.10	8.7.11	343.40	-33.85	6.806	>
8.7.11		68.44	-63.81	2.243	>
8.7.11		333.10	-54.15	2.739	>
8.7.11		350.43	-82.34	2.007	>
8.7.11		222.41	3.33	2.576	>
8.7.11		260.76	-4.31	3.006	>
8.7.11		284.08	-0.98	1.666	>
8.7.11		285.17	30.10	2.352	>
8.7.11		271.08	30.29	6.144	>
8.7.11		283.43	30.95	6.913	>
8.7.11		356.68	-57.46	2.648	>
8.7.11		356.56	-57.49	2.643	>
8.7.11		356.63	-57.35	2.656	>
8.7.11	8.7.12	356.62	-57.43	2.649	>
8.7.12		313.76	71.76	0.443	>
8.7.12		6.44	6.90	2.540	>
8.7.12		6.69	6.78	2.544	>
8.7.12		6.78	6.67	2.543	>
8.7.12	8.7.13	6.64	6.79	2.542	>
8.7.13		200.27	-83.89	0.300	>
8.7.13		92.44	18.05	0.785	>
8.7.13		87.49	-17.95	1.709	>
8.7.13		258.38	-17.37	1.711	>
8.7.13		241.28	-29.28	2.374	>
8.7.13		5.76	-30.19	3.356	>
8.7.13		5.92	-30.05	3.356	>
8.7.13		5.91	-29.97	3.355	>
8.7.13	8.7.14	5.86	-30.07	3.356	>
8.7.14		251.15	8.88	2.283	>
8.7.14		256.11	52.68	0.915	>
8.7.14		237.89	-39.55	0.881	>
8.7.14		295.53	-12.05	2.676	>
8.7.14		314.69	-16.96	2.315	>
8.7.14		331.30	-12.21	1.790	>
8.7.14		316.37	-8.32	14.768	>
0	0.1	251.00	-36.53	6.295	>
0.1		314.58	72.83	3.946	>
0.1		315.30	72.73	3.942	>
0.1		315.29	72.76	3.945	>
0.1	0.2	315.05	72.78	3.944	>
0.2		283.63	32.03	6.133	>
0.2		283.56	32.06	6.113	>
0.2		283.53	32.02	6.112	>
0.2	0.3	283.57	32.04	6.119	>

PLAN
STATIONS
0.000	0.000	0
2.760	0.096	1
4.751	1.474	2
5.448	3.139	3
9.234	4.424	4
11.196	6.094	5
13.450	3.192	6
17.157	3.100	7
18.013	-3.235	8
18.518	-4.056	9
19.943	-10.935	10
20.498	-16.955	11
22.287	-18.350	12
21.504	-22.652	13
21.140	-26.442	14
18.861	-28.525	15
21.272	-3.818	8.1
24.657	-6.048	8.2
24.085	-9.092	8.3
26.439	-9.343	8.4
26.396	-17.466	8.5
29.624	-19.588	8.6
29.821	-25.225	8.7
21.491	-27.262	8.8
31.424	-26.465	8.7.1
29.869	-22.250	8.7.2
31.120	-18.707	8.7.3
29.862	-16.464	8.7.4
30.930	-14.941	8.7.5
31.092	-11.294	8.7.6
30.921	-5.546	8.7.7
33.615	-1.752	8.7.8
34.120	0.777	8.7.9
31.688	4.003	8.7.10
30.073	9.419	8.7.11
29.989	10.843	8.7.12
30.280	13.350	8.7.13
30.577	16.239	8.7.14
-4.782	-1.647	0.1
-5.608	-0.820	0.2
-10.650	0.397	0.3
SHOTS
0.000	0.000	-1.080	1.366
0.000	0.000	-0.626	2.129
0.000	0.000	0.253	1.992
0.000	0.000	0.582	2.537
0.000	0.000	2.133	3.005
0.000	0.000	2.544	1.562
0.000	0.000	2.878	1.277
0.000	0.000	2.846	0.307
0.000	0.000	-0.308	2.158
0.000	0.000	-1.425	0.265
0.000	0.000	-0.875	-0.381
0.000	0.000	1.694	1.093
0.000	0.000	-0.579	2.129
0.000	0.000	0.178	1.017
0.000	0.000	1.954	0.871
0.000	0.000	-4.798	-1.637
0.000	0.000	-4.432	-1.523
0.000	0.000	2.760	0.096
2.760	0.096	-0.243	-0.647
2.760	0.096	-0.284	-0.612
2.760	0.096	3.739	0.788
2.760	0.096	1.945	0.165
2.760	0.096	3.992	0.917
2.760	0.096	3.700	0.445
2.760	0.096	3.507	0.816
2.760	0.096	4.777	1.491
2.760	0.096	4.751	1.474
4.751	1.474	4.497	0.822
4.751	1.474	3.893	1.803
4.751	1.474	3.557	0.966
4.751	1.474	4.033	0.870
4.751	1.474	4.279	2.093
4.751	1.474	4.822	1.436
4.751	1.474	4.989	1.022
4.751	1.474	5.378	1.545
4.751	1.474	5.222	1.068
4.751	1.474	4.143	1.348
4.751	1.474	5.104	3.178
4.751	1.474	6.003	1.000
4.751	1.474	4.373	1.494
4.751	1.474	4.107	1.297
4.751	1.474	8.636	8.209
4.751	1.474	7.443	10.008
4.751	1.474	5.448	3.139
5.448	3.139	7.047	2.130
5.448	3.139	7.439	3.405
5.448	3.139	9.068	5.141
5.448	3.139	9.943	9.382
5.448	3.139	6.903	8.026
5.448	3.139	-1.406	1.605
5.448	3.139	-0.573	-1.770
5.448	3.139	0.838	-0.844
5.448	3.139	9.234	4.424
9.234	4.424	6.595	7.571
9.234	4.424	7.318	6.403
9.234	4.424	9.938	3.937
9.234	4.424	8.940	11.230
9.234	4.424	11.750	8.716
9.234	4.424	5.938	7.882
9.234	4.424	11.196	6.094
11.196	6.094	12.240	5.414
11.196	6.094	13.969	7.208
11.196	6.094	12.138	8.737
11.196	6.094	10.237	2.636
11.196	6.094	12.225	5.428
11.196	6.094	13.450	3.192
13.450	3.192	12.080	3.138
13.450	3.192	17.157	2.410
13.450	3.192	12.274	1.540
13.450	3.192	14.855	5.139
13.450	3.192	16.160	1.184
13.450	3.192	15.658	0.915
13.450	3.192	17.525	-0.530
13.450	3.192	18.290	2.843
13.450	3.192	17.157	3.100
17.157	3.100	13.593	2.104
17.157	3.100	16.027	4.610
17.157	3.100	13.617	3.725
17.157	3.100	17.474	1.567
17.157	3.100	16.561	-0.237
17.157	3.100	17.637	1.500
17.157	3.100	16.773	-0.367
17.157	3.100	18.013	-3.235
18.013	-3.235	16.819	-1.734
18.013	-3.235	19.105	-2.191
18.013	-3.235	19.373	-0.536
18.013	-3.235	18.626	1.344
18.013	-3.235	17.736	-1.699
18.013	-3.235	20.268	2.047
18.013	-3.235	18.650	-3.127
18.013	-3.235	16.528	0.099
18.013	-3.235	22.430	6.437
18.013	-3.235	18.518	-4.056
18.518	-4.056	18.129	-4.060
18.518	-4.056	18.758	-4.036
18.518	-4.056	18.431	-4.006
18.518	-4.056	19.995	-10.969
18.518	-4.056	22.255	-21.561
18.518	-4.056	19.994	-10.954
18.518	-4.056	19.943	-10.935
19.943	-10.935	21.232	-10.677
19.943	-10.935	21.180	-10.639
19.943	-10.935	20.357	-11.070
19.943	-10.935	20.498	-16.955
20.498	-16.955	21.497	-16.186
20.498	-16.955	20.638	-16.891
20.498	-16.955	19.098	-16.777
20.498	-16.955	22.287	-18.350
22.287	-18.350	21.027	-18.385
22.287	-18.350	21.777	-18.438
22.287	-18.350	21.544	-18.551
22.287	-18.350	21.504	-22.652
21.504	-22.652	22.404	-22.813
21.504	-22.652	21.810	-22.915
21.504	-22.652	21.886	-22.913
21.504	-22.652	21.107	-27.121
21.504	-22.652	21.140	-26.442
21.140	-26.442	20.702	-26.018
21.140	-26.442	20.984	-26.277
21.140	-26.442	20.852	-26.206
21.140	-26.442	21.260	-28.531
21.140	-26.442	19.174	-26.400
21.140	-26.442	18.861	-28.525
18.861	-28.525	19.500	-28.203
18.013	-3.235	21.272	-3.818
21.272	-3.818	21.192	-4.204
21.272	-3.818	21.109	-3.409
21.272	-3.818	21.331	-3.755
21.272	-3.818	19.019	-3.810
21.272	-3.818	19.609	-2.875
21.272	-3.818	21.574	-4.016
21.272	-3.818	21.574	-4.015
21.272	-3.818	24.694	-6.048
21.272	-3.818	21.576	-4.016
21.272	-3.818	21.580	-4.017
21.272	-3.818	21.582	-4.024
21.272	-3.818	24.657	-6.048
24.657	-6.048	23.737	-6.706
24.657	-6.048	24.172	-6.541
24.657	-6.048	24.492	-7.835
24.657	-6.048	24.085	-9.092
24.085	-9.092	24.895	-8.135
24.085	-9.092	24.118	-9.077
24.085	-9.092	24.691	-8.665
24.085	-9.092	25.505	-8.913
24.085	-9.092	26.439	-9.343
26.439	-9.343	25.513	-9.912
26.439	-9.343	26.093	-9.849
26.439	-9.343	26.178	-9.838
26.439	-9.343	26.396	-17.466
26.396	-17.466	27.402	-16.962
26.396	-17.466	26.612	-17.394
26.396	-17.466	26.804	-17.362
26.396	-17.466	29.624	-19.588
29.624	-19.588	32.860	-21.703
29.624	-19.588	32.861	-21.703
29.624	-19.588	28.755	-19.861
29.624	-19.588	29.194	-19.765
29.624	-19.588	29.188	-19.703
29.624	-19.588	29.821	-25.225
29.821	-25.225	31.079	-24.299
29.821	-25.225	32.670	-26.210
29.821	-25.225	30.029	-27.272
29.821	-25.225	28.904	-25.754
29.821	-25.225	28.735	-24.564
29.821	-25.225	30.948	-24.809
29.821	-25.225	31.779	-25.992
29.821	-25.225	30.627	-26.572
29.821	-25.225	30.125	-25.363
29.821	-25.225	30.386	-25.123
29.821	-25.225	31.101	-25.531
29.821	-25.225	30.442	-25.112
29.821	-25.225	21.818	-27.041
29.821	-25.225	21.491	-27.262
29.821	-25.225	31.424	-26.465
31.424	-26.465	30.943	-25.514
31.424	-26.465	30.450	-24.249
31.424	-26.465	29.855	-22.268
31.424	-26.465	29.872	-22.327
31.424	-26.465	29.869	-22.250
29.869	-22.250	30.592	-22.257
29.869	-22.250	30.201	-22.122
29.869	-22.250	30.156	-22.171
29.869	-22.250	31.120	-18.707
31.120	-18.707	30.443	-18.937
31.120	-18.707	31.779	-18.567
31.120	-18.707	31.011	-18.768
31.120	-18.707	29.862	-16.464
29.862	-16.464	30.771	-16.618
29.862	-16.464	30.200	-16.314
29.862	-16.464	30.242	-16.453
29.862	-16.464	30.930	-14.941
30.930	-14.941	29.935	-14.900
30.930	-14.941	31.224	-14.938
30.930	-14.941	30.854	-15.002
30.930	-14.941	30.518	-14.959
30.930	-14.941	30.562	-14.387
30.930	-14.941	30.238	-14.003
30.930	-14.941	31.092	-11.294
31.092	-11.294	32.455	-11.443
31.092	-11.294	31.614	-11.760
31.092	-11.294	31.135	-11.357
31.092	-11.294	30.195	-12.775
31.092	-11.294	31.677	-13.711
31.092	-11.294	32.231	-12.326
31.092	-11.294	31.375	-13.462
31.092	-11.294	31.751	-12.236
31.092	-11.294	31.283	-11.437
31.092	-11.294	31.100	-12.243
31.092	-11.294	30.921	-5.546
30.921	-5.546	31.919	-6.520
30.921	-5.546	31.353	-6.103
30.921	-5.546	31.255	-5.563
30.921	-5.546	33.615	-1.752
33.615	-1.752	32.637	-1.242
33.615	-1.752	33.143	-1.530
33.615	-1.752	33.214	-1.531
33.615	-1.752	33.878	0.741
33.615	-1.752	33.495	-0.476
33.615	-1.752	34.120	0.777
34.120	0.777	31.688	4.003
31.688	4.003	31.653	3.977
31.688	4.003	33.362	3.498
31.688	4.003	30.878	3.788
31.688	4.003	29.151	6.802
31.688	4.003	31.507	3.204
31.688	4.003	31.554	8.006
31.688	4.003	28.076	9.786
31.688	4.003	34.175	6.486
31.688	4.003	32.226	8.527
31.688	4.003	33.582	3.942
31.688	4.003	37.045	9.039
31.688	4.003	34.452	9.383
31.688	4.003	35.621	6.619
31.688	4.003	37.175	1.917
31.688	4.003	30.073	9.419
30.073	9.419	30.993	9.783
30.073	9.419	29.347	10.850
30.073	9.419	30.028	9.683
30.073	9.419	28.338	7.521
30.073	9.419	27.114	8.938
30.073	9.419	28.457	9.825
30.073	9.419	28.109	9.952
30.073	9.419	24.769	9.519
30.073	9.419	24.306	10.796
30.073	9.419	29.989	10.843
29.989	10.843	29.888	10.938
29.989	10.843	30.280	13.350
30.280	13.350	30.269	13.320
30.280	13.350	31.026	13.318
30.280	13.350	31.905	13.421
30.280	13.350	28.681	13.021
30.280	13.350	28.464	12.355
30.280	13.350	30.577	16.239
30.577	16.239	28.442	15.510
30.577	16.239	30.038	16.106
30.577	16.239	30.002	15.878
30.577	16.239	28.215	17.367
30.577	16.239	29.003	17.796
30.577	16.239	29.737	17.774
30.577	16.239	20.494	26.815
0.000	0.000	-4.782	-1.647
-4.782	-1.647	-5.608	-0.820
-5.608	-0.820	-10.650	0.397
POLYLINE BLACK
-1.484	0.270
-1.485	0.284
-1.493	0.326
-1.486	0.345
-1.283	0.860
-1.459	0.423
-1.308	0.724
-1.299	0.743
-1.293	0.763
-1.287	0.783
-1.243	0.934
-1.209	1.089
-1.157	1.237
-1.113	1.360
-1.056	1.478
-1.000	1.595
-0.972	1.654
-0.941	1.712
-0.906	1.767
-0.849	1.856
-0.787	1.942
-0.724	2.028
-0.712	2.044
-0.688	2.065
-0.668	2.075
-0.658	2.079
-0.648	2.083
-0.638	2.086
-0.584	2.102
-0.542	2.117
-0.489	2.116
-0.459	2.116
-0.409	2.103
-0.384	2.100
-0.378	2.099
-0.372	2.099
-0.366	2.099
-0.340	2.101
-0.314	2.105
-0.288	2.107
POLYLINE BLACK
-0.325	2.181
-0.327	2.141
-0.327	2.106
-0.299	2.075
-0.206	1.976
-0.190	1.924
-0.067	1.915
-0.034	1.913
0.026	1.908
0.059	1.932
0.132	1.985
0.223	2.070
0.279	2.131
0.305	2.159
0.324	2.192
0.348	2.222
0.361	2.238
0.377	2.253
0.389	2.270
0.439	2.344
0.483	2.421
0.534	2.495
0.549	2.516
0.634	2.597
0.640	2.603
POLYLINE BLACK
0.600	2.591
0.881	2.765
0.897	2.793
1.285	2.910
1.610	3.008
1.800	3.083
2.081	3.080
POLYLINE BLACK
-0.016	0.005
-0.038	0.000
-0.060	-0.002
-0.081	-0.009
-0.102	-0.016
-0.123	-0.026
-0.143	-0.036
-0.281	-0.109
-0.415	-0.190
-0.555	-0.260
-0.889	-0.429
-0.531	-0.214
-0.809	-0.377
-0.818	-0.382
-0.827	-0.387
-0.833	-0.396
-0.842	-0.409
-0.845	-0.425
-0.851	-0.439
POLYLINE BLACK
0.792	0.205
0.625	0.477
0.614	0.470
0.492	0.841
0.462	0.934
0.441	1.031
0.429	1.128
0.267	2.448
0.441	1.340
0.390	1.662
POLYLINE BLACK
0.474	1.869
0.933	1.808
0.857	1.798
1.299	1.816
1.333	1.817
1.367	1.824
1.400	1.832
1.404	1.833
1.409	1.836
1.408	1.840
1.407	1.845
1.400	1.847
1.396	1.849
1.384	1.856
1.372	1.861
1.360	1.867
POLYLINE BLACK
2.425	1.562
2.258	1.658
2.149	1.710
1.955	1.723
1.797	1.733
1.756	1.706
1.647	1.732
1.643	1.733
1.639	1.735
1.635	1.737
1.621	1.743
1.607	1.750
1.593	1.756
POLYLINE BLACK
-0.345	0.497
-0.323	0.455
POLYLINE BLACK
2.930	0.703
2.930	0.703
POLYLINE BLACK
2.927	0.628
2.927	0.628
POLYLINE BLACK
0.019	0.025
0.034	0.028
0.049	0.032
0.065	0.034
0.077	0.035
0.089	0.033
0.102	0.034
0.175	0.034
0.248	0.041
0.321	0.037
0.351	0.035
0.653	0.029
0.762	-0.024
0.823	-0.053
0.882	-0.088
0.939	-0.124
1.030	-0.183
1.055	-0.241
1.141	-0.319
1.182	-0.356
1.228	-0.390
1.274	-0.421
1.297	-0.436
1.322	-0.448
1.348	-0.457
1.536	-0.525
1.622	-0.554
1.825	-0.563
2.006	-0.570
2.242	-0.558
2.409	-0.474
2.524	-0.417
2.617	-0.272
2.679	-0.181
2.712	-0.132
2.740	-0.079
2.764	-0.025
2.822	0.111
2.792	0.097
2.821	0.231
2.822	0.235
2.828	0.235
2.831	0.237
POLYLINE BLACK
2.482	1.464
2.509	1.032
2.544	0.945
2.433	0.494
2.395	0.337
2.322	0.191
2.267	0.039
POLYLINE BLACK
2.078	3.099
2.328	2.576
2.333	2.626
2.482	2.105
2.529	1.942
2.562	1.775
2.607	1.612
2.614	1.586
2.625	1.560
2.639	1.537
2.680	1.469
2.729	1.404
2.772	1.337
2.822	1.257
2.805	1.266
2.853	1.218
POLYLINE BLACK
0.739	2.530
0.765	2.494
0.832	2.382
0.887	2.339
1.056	2.207
1.282	2.224
1.483	2.243
1.619	2.256
1.754	2.281
1.888	2.310
1.960	2.325
2.106	2.374
2.168	2.433
2.184	2.447
2.197	2.464
2.212	2.479
POLYLINE BLACK
2.878	1.433
2.883	1.303
2.847	1.104
2.962	1.000
3.018	0.949
3.106	0.968
3.173	0.961
3.326	0.944
3.385	0.910
3.539	0.938
3.703	0.968
3.759	0.996
3.886	1.049
POLYLINE BLACK
2.807	0.102
2.915	0.149
3.020	0.201
3.131	0.242
3.178	0.260
3.229	0.269
3.279	0.277
3.423	0.299
3.516	0.277
3.639	0.358
3.678	0.384
3.715	0.414
3.750	0.445
3.770	0.464
3.785	0.486
3.802	0.508
3.856	0.580
3.909	0.654
3.963	0.727
POLYLINE BLACK
4.091	0.234
4.188	-1.700
4.264	-1.043
4.178	-1.746
POLYLINE BLACK
4.105	0.275
4.076	0.196
4.047	0.117
4.017	0.038
4.017	0.037
4.000	0.002
3.998	0.028
3.994	0.066
3.989	0.104
3.992	0.142
3.997	0.208
4.010	0.273
4.021	0.338
4.028	0.374
4.056	0.337
4.062	0.324
4.079	0.286
4.097	0.248
4.109	0.208
4.196	-0.078
4.188	-0.040
4.216	-0.215
POLYLINE BLACK
2.894	-2.006
2.802	-2.256
2.856	-2.089
2.882	-2.703
2.885	-2.770
2.898	-2.858
2.927	-2.926
2.936	-2.946
2.956	-2.973
2.968	-2.991
POLYLINE BLACK
2.913	-3.000
3.019	-2.729
3.130	-2.494
3.337	-2.288
3.351	-2.273
3.361	-2.302
3.362	-2.309
3.388	-2.476
3.411	-2.644
3.439	-2.810
3.441	-2.823
3.446	-2.836
3.451	-2.848
3.462	-2.871
3.476	-2.844
3.479	-2.834
3.489	-2.802
3.502	-2.770
3.506	-2.736
3.535	-2.463
3.555	-2.190
3.579	-1.916
3.583	-1.868
3.567	-1.896
3.602	-1.859
POLYLINE BLACK
3.775	-2.542
3.767	-3.159
POLYLINE BLACK
4.346	-2.453
4.296	-2.441
4.253	-2.424
4.204	-2.424
4.140	-2.425
4.036	-2.476
3.993	-2.519
3.968	-2.543
3.938	-2.572
3.940	-2.609
3.942	-2.642
3.966	-2.673
3.984	-2.696
3.995	-2.710
4.006	-2.723
4.020	-2.734
4.095	-2.793
4.175	-2.847
4.250	-2.906
4.304	-2.949
4.325	-2.985
4.267	-3.027
4.258	-3.034
4.249	-3.040
4.239	-3.043
4.121	-3.075
4.001	-3.102
3.883	-3.131
POLYLINE BLACK
4.322	-2.695
4.359	-2.675
4.400	-2.646
4.445	-2.647
4.476	-2.647
4.508	-2.650
4.539	-2.653
4.595	-2.660
4.590	-2.730
4.576	-2.769
4.572	-2.780
4.563	-2.795
4.554	-2.804
4.535	-2.823
4.516	-2.842
4.496	-2.860
4.407	-2.935
4.423	-2.903
4.365	-2.979
4.325	-3.033
4.354	-3.111
4.415	-3.133
4.454	-3.147
4.484	-3.154
4.524	-3.155
4.553	-3.155
4.592	-3.145
4.617	-3.139
POLYLINE BLACK
5.114	-2.708
5.086	-2.696
5.060	-2.682
5.032	-2.672
4.971	-2.650
4.878	-2.654
4.820	-2.682
4.764	-2.708
4.720	-2.759
4.688	-2.810
4.653	-2.867
4.630	-2.928
4.628	-2.995
4.626	-3.085
4.668	-3.111
4.750	-3.132
4.779	-3.139
4.815	-3.142
4.843	-3.130
4.914	-3.100
4.983	-3.044
5.017	-2.974
5.044	-2.918
5.047	-2.870
4.978	-2.859
4.957	-2.855
4.939	-2.857
4.918	-2.861
4.894	-2.866
4.868	-2.883
4.867	-2.910
4.866	-2.960
4.859	-3.011
4.864	-3.061
4.875	-3.166
4.902	-3.270
4.917	-3.375
4.923	-3.424
4.907	-3.485
4.882	-3.527
4.871	-3.544
4.858	-3.561
4.845	-3.577
4.827	-3.598
4.784	-3.629
4.776	-3.664
4.774	-3.673
4.773	-3.697
4.786	-3.700
4.810	-3.707
4.835	-3.711
4.860	-3.717
POLYLINE BLACK
5.375	-2.726
5.350	-2.727
5.324	-2.726
5.299	-2.728
5.203	-2.738
5.030	-2.919
5.025	-2.924
4.989	-2.956
4.884	-3.069
4.879	-3.137
4.870	-3.279
5.026	-3.323
5.141	-3.305
5.337	-3.275
5.411	-3.225
5.622	-3.139
POLYLINE BLACK
5.449	-3.028
5.496	-3.043
5.563	-3.073
5.611	-3.039
5.646	-3.013
5.672	-2.973
5.680	-2.930
5.691	-2.875
5.670	-2.776
5.593	-2.806
5.498	-2.843
5.436	-2.940
5.394	-3.026
5.368	-3.080
5.348	-3.136
5.329	-3.192
5.311	-3.245
5.298	-3.315
5.334	-3.364
5.379	-3.424
5.467	-3.428
5.533	-3.436
POLYLINE BLACK
1.965	-3.040
1.914	-3.986
POLYLINE BLACK
2.451	-3.441
2.430	-3.445
2.408	-3.447
2.387	-3.453
2.365	-3.460
2.344	-3.467
2.326	-3.478
2.191	-3.563
2.064	-3.661
1.927	-3.742
1.859	-3.781
1.783	-3.803
1.713	-3.836
1.710	-3.838
1.708	-3.842
1.710	-3.844
1.712	-3.848
1.717	-3.851
1.721	-3.851
1.769	-3.860
1.817	-3.870
1.866	-3.871
1.998	-3.872
2.130	-3.856
2.261	-3.856
2.310	-3.856
2.401	-3.905
2.441	-3.848
2.475	-3.799
2.494	-3.721
2.497	-3.660
2.499	-3.608
2.506	-3.501
2.489	-3.434
2.482	-3.405
2.463	-3.378
2.463	-3.348
2.462	-3.316
2.478	-3.286
2.485	-3.255
POLYLINE BLACK
3.034	-3.786
2.960	-3.718
2.901	-3.677
2.804	-3.653
2.737	-3.637
2.665	-3.639
2.605	-3.674
2.524	-3.720
2.480	-3.818
2.455	-3.903
2.417	-4.038
2.415	-4.200
2.520	-4.306
2.560	-4.345
2.612	-4.368
2.669	-4.367
2.718	-4.366
2.765	-4.361
2.812	-4.343
2.967	-4.284
3.063	-4.129
3.113	-3.978
3.115	-3.971
3.174	-3.794
3.094	-3.818
3.057	-3.829
3.046	-3.865
3.046	-3.902
3.046	-4.026
3.101	-4.138
3.196	-4.218
3.236	-4.251
3.307	-4.302
3.348	-4.242
3.359	-4.226
3.366	-4.209
3.370	-4.190
3.373	-4.176
3.372	-4.162
3.375	-4.149
3.377	-4.141
3.379	-4.118
3.383	-4.126
3.400	-4.161
3.405	-4.201
3.419	-4.238
3.426	-4.258
3.438	-4.279
3.453	-4.294
3.488	-4.331
3.540	-4.351
3.584	-4.317
3.600	-4.306
3.649	-4.246
3.683	-4.264
3.723	-4.285
3.762	-4.435
3.769	-4.454
3.790	-4.506
3.825	-4.518
3.873	-4.559
POLYLINE BLACK
4.095	-3.606
4.074	-4.679
POLYLINE BLACK
3.819	-4.169
3.867	-4.211
3.913	-4.257
3.963	-4.297
4.063	-4.377
4.190	-4.417
4.317	-4.409
4.400	-4.404
4.516	-4.375
4.566	-4.301
4.576	-4.286
4.582	-4.268
4.582	-4.251
4.581	-4.234
4.571	-4.193
4.546	-4.200
4.532	-4.204
4.515	-4.224
4.510	-4.232
4.465	-4.308
4.419	-4.383
4.380	-4.462
4.355	-4.515
4.337	-4.571
4.317	-4.625
4.314	-4.633
4.313	-4.641
4.312	-4.649
4.305	-4.734
4.363	-4.838
4.394	-4.906
4.421	-4.967
4.455	-5.026
4.481	-5.087
4.490	-5.109
4.495	-5.132
4.500	-5.154
4.510	-5.197
4.502	-5.239
4.456	-5.255
4.316	-5.305
4.116	-5.233
4.003	-5.210
3.969	-5.203
3.848	-5.177
3.829	-5.121
3.818	-5.090
3.838	-5.048
3.851	-5.024
3.905	-4.928
3.972	-4.863
4.062	-4.790
4.243	-4.642
4.389	-4.585
4.613	-4.493
4.652	-4.477
4.693	-4.469
4.733	-4.456
POLYLINE BLACK
0.521	-4.903
0.538	-4.897
0.554	-4.669
0.598	-4.652
0.609	-4.648
0.616	-4.667
0.617	-4.670
0.621	-4.686
0.626	-4.703
0.627	-4.719
0.661	-5.195
0.624	-5.166
0.689	-5.456
0.690	-5.462
0.695	-5.460
0.697	-5.457
0.699	-5.454
0.701	-5.451
0.702	-5.448
0.725	-5.366
0.741	-5.282
0.770	-5.202
0.788	-5.152
0.814	-5.104
0.841	-5.058
0.873	-5.003
0.924	-4.913
0.991	-4.878
1.064	-4.840
1.100	-4.902
1.126	-4.965
1.131	-4.980
1.138	-4.994
1.139	-5.010
1.143	-5.080
1.146	-5.149
1.142	-5.219
1.137	-5.297
1.120	-5.375
1.111	-5.453
1.109	-5.467
1.117	-5.484
1.128	-5.492
1.131	-5.494
1.135	-5.496
1.138	-5.497
1.163	-5.505
1.189	-5.512
1.214	-5.520
POLYLINE BLACK
1.684	-5.122
1.632	-5.110
1.581	-5.097
1.529	-5.114
1.418	-5.149
1.322	-5.265
1.252	-5.346
1.200	-5.407
1.131	-5.498
1.150	-5.587
1.157	-5.624
1.177	-5.658
1.203	-5.685
1.320	-5.812
1.514	-5.752
1.633	-5.659
1.743	-5.573
1.828	-5.453
1.772	-5.310
1.729	-5.200
1.604	-5.167
1.497	-5.182
1.464	-5.187
1.422	-5.198
1.396	-5.220
1.374	-5.239
1.361	-5.266
1.352	-5.293
1.331	-5.363
1.349	-5.412
1.394	-5.468
1.425	-5.506
1.455	-5.526
1.493	-5.557
POLYLINE BLACK
2.062	-5.270
1.964	-5.278
1.901	-5.297
1.830	-5.368
1.780	-5.419
1.743	-5.481
1.727	-5.550
1.718	-5.590
1.714	-5.630
1.717	-5.671
1.721	-5.709
1.741	-5.747
1.776	-5.766
1.882	-5.821
2.010	-5.732
2.079	-5.656
2.118	-5.612
2.190	-5.529
2.191	-5.461
2.191	-5.446
2.186	-5.430
2.178	-5.417
2.145	-5.371
2.119	-5.373
2.066	-5.372
POLYLINE BLACK
2.372	-4.595
2.310	-5.230
2.383	-4.627
2.129	-5.751
2.120	-5.793
2.118	-5.836
2.119	-5.879
2.120	-5.927
2.129	-5.975
2.134	-6.023
POLYLINE BLACK
3.107	-5.511
3.036	-5.488
2.959	-5.457
2.885	-5.488
2.836	-5.508
2.800	-5.537
2.760	-5.574
2.732	-5.600
2.664	-5.675
2.665	-5.722
2.665	-5.774
2.756	-5.812
2.798	-5.818
2.852	-5.826
2.917	-5.805
2.964	-5.781
2.971	-5.777
3.111	-5.703
3.138	-5.663
3.141	-5.658
3.125	-5.662
3.119	-5.663
3.112	-5.665
3.106	-5.668
3.100	-5.672
3.087	-5.680
3.074	-5.687
3.064	-5.698
3.009	-5.761
2.951	-5.823
2.904	-5.893
2.861	-5.957
2.828	-6.027
2.797	-6.098
2.725	-6.261
2.715	-6.491
2.686	-6.644
2.675	-6.703
2.637	-6.792
2.574	-6.816
2.469	-6.854
2.363	-6.819
2.264	-6.778
2.248	-6.772
2.129	-6.719
2.131	-6.678
2.131	-6.666
2.142	-6.648
2.151	-6.642
2.509	-6.438
2.875	-6.248
3.229	-6.037
3.299	-5.995
3.361	-5.941
3.420	-5.885
3.545	-5.765
3.650	-5.618
3.705	-5.454
3.725	-5.395
3.740	-5.303
3.689	-5.254
3.611	-5.178
3.469	-5.225
3.393	-5.275
3.275	-5.352
3.184	-5.461
3.119	-5.585
3.083	-5.653
3.061	-5.733
3.066	-5.810
3.078	-6.000
3.218	-6.163
3.385	-6.241
3.445	-6.269
3.516	-6.285
3.583	-6.278
3.685	-6.268
3.730	-6.217
3.815	-6.154
POLYLINE BLACK
2.893	-5.073
3.746	-5.186
3.380	-5.165
3.988	-5.178
POLYLINE BLACK
3.958	-5.873
3.916	-5.891
3.873	-5.907
3.832	-5.928
3.747	-5.970
3.684	-6.055
3.638	-6.135
3.612	-6.178
3.589	-6.243
3.615	-6.293
3.655	-6.372
3.784	-6.376
3.857	-6.357
3.979	-6.324
4.088	-6.247
4.161	-6.144
4.317	-5.924
4.226	-5.540
3.918	-5.540
3.810	-5.539
3.699	-5.586
3.612	-5.645
3.548	-5.687
3.493	-5.740
3.433	-5.788
POLYLINE BLACK
4.290	-6.213
4.296	-6.183
4.300	-6.153
4.307	-6.124
4.312	-6.106
4.322	-6.088
4.334	-6.074
4.337	-6.070
4.340	-6.066
4.344	-6.063
4.347	-6.061
4.352	-6.061
4.348	-6.067
4.266	-6.206
4.181	-6.343
4.100	-6.483
4.098	-6.485
4.102	-6.490
4.105	-6.491
4.110	-6.492
4.116	-6.490
4.121	-6.488
4.141	-6.480
4.160	-6.470
4.179	-6.459
4.196	-6.450
4.210	-6.436
4.227	-6.427
4.241	-6.420
4.252	-6.440
4.254	-6.449
4.259	-6.466
4.262	-6.483
4.264	-6.500
4.265	-6.518
4.258	-6.557
4.268	-6.580
4.282	-6.612
4.311	-6.635
4.339	-6.653
4.412	-6.698
4.497	-6.697
4.579	-6.680
4.655	-6.665
4.761	-6.631
4.800	-6.555
4.841	-6.472
4.791	-6.383
4.737	-6.320
4.706	-6.284
4.671	-6.252
4.637	-6.219
4.632	-6.214
4.627	-6.209
4.620	-6.207
4.610	-6.205
4.600	-6.208
4.589	-6.208
POLYLINE BLACK
5.294	-6.476
5.232	-6.452
5.172	-6.422
5.108	-6.403
5.044	-6.385
4.977	-6.376
4.911	-6.367
4.861	-6.360
4.803	-6.364
4.755	-6.383
4.699	-6.406
4.733	-6.480
4.773	-6.499
4.799	-6.512
4.826	-6.525
4.855	-6.533
4.921	-6.553
4.990	-6.565
5.057	-6.582
5.070	-6.585
5.085	-6.596
5.092	-6.608
5.114	-6.643
5.107	-6.706
5.106	-6.737
5.104	-6.780
5.102	-6.824
5.096	-6.867
5.091	-6.906
5.059	-6.970
5.040	-6.996
4.943	-7.128
4.657	-7.423
4.596	-7.647
4.573	-7.729
4.602	-7.800
4.679	-7.840
4.737	-7.869
4.782	-7.891
4.842	-7.904
4.857	-7.907
4.901	-7.905
4.908	-7.905
POLYLINE BLACK
3.857	0.656
3.913	0.701
3.971	0.744
4.027	0.789
4.041	0.801
4.052	0.816
4.066	0.828
4.095	0.852
4.158	0.872
4.181	0.878
4.211	0.886
4.307	0.914
4.361	0.908
4.418	0.902
4.442	0.884
4.502	0.859
4.511	0.856
4.520	0.851
4.529	0.848
4.610	0.823
4.684	0.880
4.754	0.912
POLYLINE BLACK
3.791	1.015
3.781	1.156
3.755	1.324
3.781	1.469
3.792	1.532
3.813	1.592
3.833	1.653
3.841	1.678
3.852	1.702
3.864	1.725
3.879	1.756
3.903	1.767
3.932	1.781
POLYLINE BLACK
3.887	1.748
3.891	1.759
3.895	1.771
3.900	1.782
3.928	1.835
3.964	1.852
4.011	1.903
4.034	1.929
4.054	1.958
4.076	1.985
4.079	1.989
4.083	1.992
4.087	1.995
4.142	2.028
4.182	2.044
4.245	2.068
4.252	2.070
4.259	2.072
4.266	2.072
4.294	2.074
4.322	2.073
4.350	2.075
4.360	2.076
4.370	2.079
4.380	2.081
POLYLINE BLACK
4.366	2.066
4.460	2.154
4.392	2.095
4.591	2.214
POLYLINE BLACK
4.895	1.554
4.840	1.515
4.814	1.498
4.750	1.489
4.744	1.488
4.731	1.488
4.725	1.490
4.693	1.500
4.647	1.548
4.635	1.565
4.537	1.704
4.449	1.849
4.354	1.989
4.279	2.098
4.318	2.019
4.296	2.066
POLYLINE BLACK
5.308	1.592
5.291	1.605
5.280	1.617
5.260	1.624
5.200	1.644
5.066	1.575
5.043	1.568
4.910	1.530
5.004	1.569
4.878	1.547
4.844	1.541
4.812	1.530
4.779	1.521
POLYLINE BLACK
4.722	0.849
4.744	0.867
4.767	0.891
4.794	0.902
4.896	0.942
5.000	0.976
5.101	1.019
5.135	1.033
5.201	1.090
5.228	1.109
5.252	1.125
5.277	1.139
5.301	1.155
5.326	1.173
5.311	1.169
5.331	1.188
5.348	1.204
5.367	1.219
5.385	1.235
POLYLINE BLACK
5.414	1.193
5.410	1.223
5.402	1.254
5.401	1.285
5.399	1.355
5.406	1.425
5.407	1.495
5.407	1.502
5.406	1.509
5.404	1.516
5.401	1.532
5.397	1.538
5.388	1.552
5.344	1.626
5.367	1.595
5.303	1.659
POLYLINE BLACK
4.573	2.264
4.599	2.274
4.627	2.282
4.652	2.295
4.747	2.342
4.818	2.436
4.867	2.525
4.905	2.594
5.000	2.771
5.023	2.885
5.034	2.941
5.027	2.986
5.022	3.043
5.022	3.050
5.019	3.058
5.020	3.065
5.022	3.075
5.028	3.083
5.033	3.093
POLYLINE BLACK
4.883	3.123
5.023	3.219
5.013	3.203
5.160	3.404
5.237	3.509
5.322	3.611
5.368	3.732
6.666	7.148
5.444	4.046
6.282	7.383
6.413	7.902
6.636	8.393
6.821	8.895
7.120	9.705
6.987	9.446
7.408	10.035
POLYLINE BLACK
6.346	1.663
8.708	1.925
7.889	1.934
8.791	1.918
POLYLINE BLACK
6.645	1.878
6.510	1.818
6.373	1.761
6.239	1.697
6.207	1.682
6.077	1.617
6.169	1.572
6.329	1.495
6.395	1.469
6.589	1.438
6.696	1.421
6.804	1.419
6.911	1.410
POLYLINE BLACK
9.118	3.000
8.976	2.403
9.019	2.666
8.962	2.218
POLYLINE BLACK
9.617	2.745
9.271	2.646
9.430	2.705
8.934	2.434
8.895	2.413
8.851	2.378
8.821	2.342
8.762	2.270
8.761	2.180
8.842	2.126
8.856	2.117
8.869	2.106
8.885	2.102
9.066	2.066
9.249	2.038
9.431	2.006
POLYLINE BLACK
9.354	2.063
9.403	2.079
9.458	2.091
9.486	2.139
9.525	2.207
9.540	2.343
9.551	2.382
9.559	2.410
9.587	2.450
9.613	2.464
9.618	2.466
9.628	2.468
9.629	2.463
9.633	2.451
9.627	2.439
9.624	2.427
9.605	2.361
9.562	2.278
9.564	2.201
9.567	2.106
9.629	2.083
9.715	2.065
9.734	2.061
9.776	2.058
9.797	2.064
9.878	2.086
9.925	2.114
9.999	2.165
10.051	2.201
10.140	2.274
10.132	2.350
10.131	2.358
10.127	2.391
10.114	2.396
10.100	2.402
10.082	2.378
10.078	2.373
10.037	2.315
10.015	2.255
10.028	2.184
10.052	2.053
10.102	1.926
10.240	1.883
10.300	1.864
10.333	1.870
10.404	1.868
POLYLINE BLACK
10.684	2.474
10.639	2.465
10.593	2.460
10.549	2.448
10.452	2.423
10.322	2.326
10.304	2.219
10.300	2.194
10.298	2.160
10.311	2.136
10.347	2.072
10.453	2.134
10.479	2.176
10.513	2.230
10.551	2.283
10.573	2.342
10.626	2.486
10.666	2.634
10.704	2.783
10.710	2.806
10.678	2.742
10.669	2.719
10.632	2.630
10.592	2.541
10.566	2.447
10.539	2.350
10.522	2.250
10.510	2.150
10.498	2.052
10.487	1.888
10.559	1.798
10.584	1.767
10.622	1.751
10.653	1.728
POLYLINE BLACK
10.423	2.131
10.602	2.218
10.527	2.192
10.848	2.234
10.893	2.240
10.939	2.239
10.984	2.238
11.211	2.234
10.966	1.907
10.933	1.844
10.921	1.821
10.913	1.796
10.907	1.771
10.883	1.683
10.913	1.683
10.961	1.575
POLYLINE BLACK
11.349	2.135
11.314	2.122
11.278	2.111
11.244	2.097
11.170	2.066
11.119	1.947
11.095	1.883
11.074	1.827
11.072	1.757
11.113	1.709
11.135	1.683
11.171	1.662
11.199	1.647
11.279	1.605
11.367	1.617
11.435	1.678
11.475	1.714
11.516	1.757
11.531	1.810
11.550	1.874
11.479	1.984
11.415	1.992
11.376	1.997
11.334	1.960
11.345	1.918
11.400	1.700
11.462	1.483
11.520	1.265
POLYLINE BLACK
8.710	1.046
8.694	0.964
8.675	0.883
8.663	0.800
8.652	0.729
8.664	0.626
8.721	0.573
8.726	0.568
8.729	0.586
8.727	0.593
8.689	0.776
8.638	0.958
8.602	1.142
8.585	1.224
8.590	1.339
8.640	1.412
8.687	1.482
8.817	1.553
8.903	1.547
8.997	1.541
9.107	1.524
9.188	1.474
9.246	1.439
9.168	1.387
9.132	1.377
8.998	1.339
8.861	1.311
8.727	1.273
8.686	1.261
8.766	1.234
8.768	1.233
8.812	1.220
8.856	1.208
8.899	1.195
POLYLINE BLACK
9.540	1.460
9.442	1.481
9.375	1.475
9.280	1.442
9.250	1.431
9.201	1.412
9.180	1.382
9.148	1.336
9.213	1.283
9.249	1.265
9.281	1.249
9.326	1.243
9.359	1.240
9.378	1.238
9.490	1.220
9.464	1.282
9.459	1.293
9.454	1.303
9.447	1.312
9.401	1.372
9.374	1.407
9.319	1.447
9.282	1.474
9.234	1.483
9.202	1.444
9.191	1.432
9.186	1.415
9.186	1.399
9.186	1.374
9.198	1.323
9.201	1.307
POLYLINE BLACK
9.812	1.408
9.782	1.390
9.751	1.374
9.722	1.354
9.707	1.344
9.636	1.278
9.662	1.254
9.673	1.243
9.703	1.250
9.712	1.252
9.757	1.262
9.798	1.295
9.810	1.342
9.839	1.454
9.879	1.576
9.862	1.695
9.862	1.696
9.861	1.692
9.861	1.691
9.868	1.613
9.870	1.535
9.881	1.458
9.895	1.362
9.936	1.226
10.042	1.193
10.126	1.167
10.211	1.208
10.277	1.258
10.297	1.273
10.311	1.295
10.334	1.306
10.339	1.308
10.343	1.296
10.343	1.290
10.344	1.271
10.324	1.230
10.357	1.222
10.364	1.221
10.371	1.221
10.378	1.222
10.405	1.225
10.486	1.260
10.453	1.191
10.325	0.925
10.198	0.659
10.065	0.395
10.055	0.375
10.040	0.358
10.025	0.342
10.004	0.320
9.980	0.300
9.957	0.280
9.897	0.230
9.880	0.294
9.886	0.345
9.890	0.381
9.907	0.435
9.935	0.459
10.163	0.657
10.409	0.837
10.630	1.044
10.717	1.126
10.790	1.223
10.858	1.322
10.915	1.404
10.962	1.492
11.005	1.582
11.029	1.651
11.053	1.720
11.078	1.788
11.077	1.796
11.081	1.818
11.077	1.811
10.968	1.602
10.962	1.469
10.916	1.198
10.909	1.154
10.910	1.108
10.909	1.064
10.909	1.030
10.914	0.975
10.960	0.982
11.033	0.993
11.075	1.212
11.075	1.205
11.063	1.089
11.020	0.979
10.995	0.865
10.993	0.853
10.992	0.840
10.993	0.827
10.995	0.804
11.025	0.797
11.043	0.799
11.110	0.805
11.184	0.828
11.237	0.870
11.301	0.920
11.356	0.980
11.420	1.028
11.425	1.032
11.420	1.015
11.420	1.008
11.405	0.969
11.388	0.931
11.375	0.892
11.369	0.874
11.366	0.855
11.364	0.836
11.353	0.756
11.453	0.677
11.488	0.630
11.502	0.613
11.515	0.579
11.520	0.558
11.524	0.539
11.522	0.503
11.536	0.482
11.555	0.455
11.589	0.465
11.617	0.462
11.679	0.456
11.682	0.334
11.688	0.302
POLYLINE BLACK
6.535	1.160
6.533	1.165
POLYLINE BLACK
6.533	1.161
6.341	0.097
POLYLINE BLACK
6.324	0.134
6.220	-0.310
POLYLINE BLACK
5.893	0.146
5.891	0.169
5.888	0.193
5.887	0.217
5.887	0.233
5.889	0.251
5.898	0.265
5.925	0.303
5.994	0.300
6.023	0.266
6.040	0.247
6.046	0.217
6.049	0.194
6.056	0.138
6.040	0.076
6.008	0.031
5.994	0.010
5.965	-0.014
5.949	-0.029
POLYLINE BLACK
5.963	-0.218
5.955	-0.216
POLYLINE BLACK
5.957	-0.145
5.955	-0.156
5.954	-0.167
5.951	-0.178
5.943	-0.207
5.936	-0.202
5.922	-0.233
5.922	-0.234
5.924	-0.237
5.926	-0.236
5.936	-0.234
5.946	-0.221
5.940	-0.211
5.938	-0.209
5.937	-0.203
5.934	-0.204
5.925	-0.210
5.918	-0.219
5.910	-0.227
POLYLINE BLACK
7.199	1.931
7.755	2.080
7.396	2.001
8.290	2.089
POLYLINE BLACK
6.990	1.686
7.626	1.639
7.710	1.682
8.159	1.558
8.172	1.554
8.182	1.545
8.193	1.539
POLYLINE BLACK
8.365	2.008
8.381	2.061
8.389	2.075
8.435	2.103
8.467	2.123
8.532	2.122
8.552	2.086
8.572	2.050
8.558	2.009
8.533	1.979
8.498	1.937
8.446	1.908
8.402	1.879
8.371	1.858
8.369	1.865
8.348	1.843
8.341	1.834
8.334	1.825
8.330	1.814
8.326	1.804
8.322	1.779
8.337	1.774
8.342	1.772
8.348	1.774
8.353	1.776
8.370	1.782
8.381	1.795
8.385	1.813
8.390	1.831
8.394	1.849
8.398	1.868
POLYLINE BLACK
8.335	1.733
8.328	1.723
8.320	1.713
8.313	1.704
8.313	1.701
8.312	1.699
8.313	1.697
8.314	1.695
8.316	1.693
8.319	1.692
8.323	1.691
8.332	1.686
8.334	1.691
8.336	1.695
8.325	1.695
8.321	1.697
8.318	1.698
8.316	1.700
8.314	1.702
POLYLINE BLACK
7.118	1.602
7.079	1.550
7.035	1.501
7.002	1.445
6.956	1.367
6.926	1.280
6.883	1.201
6.873	1.182
6.858	1.166
6.843	1.150
6.764	1.067
6.690	1.058
6.582	1.047
POLYLINE BLACK
6.000	0.994
5.447	-0.352
5.723	0.061
5.426	-0.377
POLYLINE BLACK
5.881	0.944
5.881	0.944
POLYLINE BLACK
5.881	0.941
5.604	1.264
5.796	1.059
5.254	1.506
POLYLINE BLACK
7.371	2.370
7.393	2.409
7.442	2.522
7.490	2.563
7.584	2.642
7.683	2.715
7.779	2.790
7.970	2.939
8.158	3.091
8.351	3.236
8.462	3.319
8.584	3.387
8.692	3.475
8.750	3.522
8.801	3.577
8.846	3.636
9.028	3.877
9.180	4.051
9.283	4.305
9.288	4.317
9.291	4.330
9.293	4.343
9.304	4.410
9.313	4.477
9.322	4.544
POLYLINE BLACK
11.901	4.554
11.901	4.565
POLYLINE BLACK
7.393	9.823
7.609	10.144
7.825	10.466
8.040	10.787
8.061	10.807
8.079	10.830
8.102	10.847
8.289	10.995
8.640	11.063
8.798	11.110
9.073	11.191
9.491	11.109
9.717	10.937
9.797	10.876
9.899	10.769
9.945	10.684
10.070	10.454
10.297	10.043
10.356	9.733
10.384	9.581
10.392	9.426
10.411	9.273
POLYLINE BLACK
7.684	7.841
7.680	7.840
POLYLINE BLACK
9.804	8.373
9.733	8.391
9.662	8.415
9.590	8.429
9.406	8.464
9.146	8.360
9.002	8.300
8.893	8.255
8.788	8.200
8.690	8.136
8.414	7.958
8.158	7.742
8.009	7.443
7.841	7.104
7.748	6.674
7.770	6.297
7.791	5.930
8.004	5.366
8.111	5.121
8.383	4.498
8.505	4.381
8.860	3.916
POLYLINE BLACK
10.675	9.252
10.709	9.246
10.745	9.243
10.779	9.234
10.806	9.228
10.831	9.216
10.855	9.205
11.029	9.121
11.203	9.039
11.374	8.949
11.443	8.913
11.503	8.860
11.574	8.826
11.662	8.783
11.817	8.758
11.910	8.755
12.010	8.753
12.111	8.764
12.211	8.766
12.237	8.766
12.274	8.753
12.294	8.735
12.327	8.706
12.365	8.678
12.391	8.642
12.425	8.594
12.553	8.331
12.666	8.240
13.569	7.511
11.952	8.869
13.281	7.696
13.480	7.520
13.660	7.470
13.901	7.319
14.598	6.883
14.001	7.202
14.340	7.025
POLYLINE BLACK
9.159	4.400
9.230	4.423
9.276	4.447
9.349	4.447
9.520	4.446
9.667	4.386
9.800	4.279
9.906	4.194
10.012	4.013
10.059	3.924
10.105	3.836
10.143	3.743
10.169	3.647
10.242	3.370
10.290	3.086
10.356	2.807
10.360	2.788
10.370	2.770
10.380	2.753
10.395	2.729
10.411	2.706
10.429	2.684
10.468	2.634
10.528	2.593
10.575	2.555
POLYLINE BLACK
14.184	7.075
15.102	5.062
POLYLINE BLACK
10.474	2.633
10.675	2.803
10.949	2.663
11.185	2.734
11.321	2.774
11.452	2.831
11.589	2.871
11.642	2.886
11.752	2.899
11.816	2.887
11.887	2.874
11.957	2.855
12.027	2.836
12.036	2.833
12.043	2.828
12.051	2.822
12.102	2.786
12.125	2.705
12.132	2.649
12.161	2.425
12.172	2.200
12.206	1.977
12.213	1.930
12.235	1.886
12.256	1.844
12.425	1.504
12.567	1.440
12.884	1.178
POLYLINE BLACK
17.102	3.205
17.142	3.384
17.199	3.580
17.147	3.765
17.100	3.932
17.002	4.076
16.908	4.220
16.880	4.263
16.849	4.305
16.810	4.339
16.697	4.441
16.578	4.535
16.456	4.626
16.411	4.660
16.363	4.687
16.313	4.711
16.202	4.764
16.009	4.792
15.910	4.801
15.642	4.825
15.445	4.815
15.181	4.761
15.120	4.749
15.058	4.730
15.002	4.700
14.690	4.534
14.380	4.363
14.079	4.175
14.071	4.170
13.750	3.938
13.690	3.839
13.602	3.692
13.455	3.430
13.405	3.232
13.369	3.086
13.355	2.934
13.312	2.790
13.250	2.586
13.147	2.396
13.091	2.190
13.017	1.920
13.036	1.600
13.122	1.336
13.171	1.184
13.242	1.033
13.363	0.925
13.385	0.904
13.428	0.877
13.458	0.869
13.691	0.802
13.920	0.720
14.158	0.676
14.452	0.622
14.750	0.589
15.049	0.576
15.193	0.569
15.646	0.587
15.858	0.657
15.986	0.699
16.165	0.813
16.267	0.890
16.584	1.130
16.897	1.373
17.206	1.622
17.236	1.646
17.259	1.676
17.280	1.707
17.434	1.921
17.479	2.180
17.449	2.441
17.436	2.552
17.416	2.664
17.377	2.769
17.328	2.900
17.251	3.019
17.189	3.145
POLYLINE BLACK
17.299	1.791
17.748	1.358
POLYLINE BLACK
16.217	0.785
16.216	0.731
16.212	0.678
16.215	0.624
16.226	0.458
16.367	0.224
16.414	0.128
16.442	0.072
16.520	-0.009
16.568	-0.039
16.684	-0.112
16.810	-0.170
16.929	-0.237
16.938	-0.242
16.944	-0.249
16.950	-0.256
17.012	-0.324
17.021	-0.439
17.033	-0.526
POLYLINE BLACK
15.833	0.687
15.874	0.295
16.020	-0.079
16.182	-0.438
POLYLINE BLACK
16.379	0.980
16.507	0.641
16.521	0.509
16.699	0.257
16.737	0.203
16.782	0.155
16.825	0.106
16.835	0.094
16.848	0.084
16.860	0.075
16.904	0.040
16.949	0.007
16.994	-0.027
POLYLINE BLACK
17.857	1.292
17.987	1.335
18.123	1.374
18.262	1.348
18.445	1.312
18.592	1.178
18.706	1.039
18.807	0.916
18.919	0.800
19.002	0.664
19.089	0.520
19.308	0.070
19.335	-0.158
19.421	-0.879
19.357	-0.734
19.355	-1.301
19.355	-1.481
19.373	-1.660
19.368	-1.839
19.363	-2.021
19.302	-2.209
19.207	-2.364
19.188	-2.396
19.166	-2.426
19.145	-2.457
POLYLINE BLACK
17.102	-0.431
17.122	-0.487
17.175	-0.600
17.178	-0.678
17.186	-0.925
17.019	-1.323
16.980	-1.447
16.946	-1.553
16.839	-1.749
16.839	-1.887
16.840	-2.192
16.851	-2.427
16.995	-2.689
17.107	-2.891
17.455	-3.117
17.548	-3.186
17.731	-3.320
17.848	-3.350
18.047	-3.425
POLYLINE BLACK
15.318	-0.328
15.345	-0.299
15.371	-0.269
15.399	-0.241
15.469	-0.174
15.607	-0.190
15.686	-0.197
15.735	-0.201
15.810	-0.214
15.851	-0.250
15.915	-0.307
15.908	-0.419
15.881	-0.492
15.832	-0.625
15.700	-0.717
15.617	-0.822
15.584	-0.863
15.561	-0.912
15.534	-0.957
POLYLINE BLACK
15.415	-1.089
15.406	-1.100
POLYLINE BLACK
10.703	9.102
10.659	9.101
10.441	9.114
10.342	9.078
10.090	8.985
9.935	8.773
9.778	8.570
POLYLINE BLACK
18.001	-3.106
17.925	-3.078
17.893	-3.074
17.827	-3.126
17.789	-3.156
17.730	-3.216
17.757	-3.272
17.783	-3.326
17.855	-3.355
17.906	-3.374
17.937	-3.386
17.988	-3.397
18.022	-3.385
18.086	-3.364
18.153	-3.334
18.198	-3.282
18.211	-3.267
18.232	-3.243
18.234	-3.220
18.236	-3.201
18.225	-3.182
18.211	-3.170
18.177	-3.141
18.128	-3.108
18.082	-3.111
18.060	-3.112
18.038	-3.115
18.016	-3.117
POLYLINE BLACK
18.159	-3.312
18.409	-3.561
18.390	-3.532
18.703	-3.929
18.735	-3.969
18.801	-4.109
18.823	-4.156
POLYLINE BLACK
18.044	-3.464
18.243	-4.214
18.062	-3.619
18.238	-4.070
18.246	-4.092
18.249	-4.116
18.255	-4.140
POLYLINE BLACK
18.257	-4.169
18.255	-4.189
18.245	-4.210
18.250	-4.229
18.510	-5.391
18.778	-6.551
19.050	-7.710
19.110	-7.965
19.191	-8.215
19.244	-8.471
19.660	-10.474
19.109	-8.509
19.840	-10.737
19.927	-11.002
19.817	-10.777
19.931	-10.987
POLYLINE BLACK
15.687	-6.242
15.688	-6.212
POLYLINE BLACK
15.696	-6.099
15.696	-6.105
POLYLINE BLACK
18.061	-5.067
17.872	-5.115
17.682	-5.163
17.493	-5.210
17.477	-5.216
17.430	-5.235
17.446	-5.229
17.452	-5.226
17.810	-5.054
17.962	-5.037
18.022	-5.031
18.085	-5.040
18.142	-5.054
18.179	-5.063
18.250	-5.081
18.260	-5.129
18.267	-5.161
18.242	-5.202
18.232	-5.224
18.224	-5.241
18.209	-5.269
18.191	-5.283
18.135	-5.331
18.021	-5.303
17.979	-5.246
17.968	-5.230
17.958	-5.213
17.948	-5.196
17.940	-5.182
17.931	-5.166
17.912	-5.171
17.880	-5.180
17.783	-5.316
17.773	-5.327
17.733	-5.373
17.643	-5.410
17.608	-5.437
17.563	-5.470
17.524	-5.511
17.483	-5.548
POLYLINE BLACK
18.248	-5.593
18.135	-5.573
18.066	-5.548
17.960	-5.557
17.900	-5.563
17.807	-5.580
17.773	-5.640
17.739	-5.698
17.784	-5.768
17.823	-5.810
17.862	-5.852
17.921	-5.888
17.972	-5.910
18.045	-5.942
18.171	-5.996
18.265	-5.991
18.304	-5.989
18.348	-5.960
18.372	-5.929
18.378	-5.921
18.375	-5.913
18.367	-5.909
18.351	-5.901
18.314	-5.901
18.306	-5.901
18.234	-5.905
18.161	-5.909
18.090	-5.920
17.994	-5.935
17.894	-5.968
17.818	-6.030
17.802	-6.043
17.781	-6.054
17.773	-6.073
17.756	-6.116
17.755	-6.164
17.745	-6.210
POLYLINE BLACK
18.566	-6.351
18.249	-6.358
18.320	-6.341
18.043	-6.395
18.031	-6.399
18.018	-6.403
18.006	-6.407
18.004	-6.409
18.000	-6.410
18.001	-6.412
18.003	-6.415
18.008	-6.414
18.011	-6.414
18.180	-6.405
18.350	-6.394
18.519	-6.387
18.531	-6.387
18.542	-6.390
18.553	-6.392
18.608	-6.405
18.632	-6.451
18.627	-6.506
18.624	-6.534
18.616	-6.562
18.596	-6.584
18.575	-6.607
18.546	-6.618
18.515	-6.625
18.445	-6.640
18.403	-6.593
18.369	-6.536
18.338	-6.486
18.312	-6.433
18.282	-6.382
18.265	-6.355
18.244	-6.389
18.237	-6.403
18.194	-6.490
18.155	-6.580
18.109	-6.666
18.087	-6.707
18.057	-6.743
18.033	-6.783
18.027	-6.794
18.021	-6.805
18.019	-6.817
18.016	-6.836
18.019	-6.855
18.019	-6.874
POLYLINE BLACK
18.767	-7.065
18.613	-7.011
18.460	-6.955
18.305	-6.904
18.295	-6.901
18.321	-6.915
18.330	-6.921
18.470	-6.966
18.611	-7.009
18.750	-7.058
18.754	-7.059
18.755	-7.067
18.752	-7.069
18.746	-7.075
18.737	-7.076
18.729	-7.079
18.657	-7.105
18.582	-7.125
18.511	-7.154
18.429	-7.187
18.300	-7.285
18.253	-7.340
18.227	-7.371
18.222	-7.414
18.207	-7.451
POLYLINE BLACK
18.437	-7.023
18.532	-7.239
POLYLINE BLACK
19.009	-5.114
19.025	-5.318
19.029	-5.524
19.055	-5.727
19.090	-6.010
19.248	-6.235
19.348	-6.499
19.536	-6.993
19.325	-6.630
19.510	-7.221
20.005	-8.801
19.756	-7.952
20.126	-8.829
20.249	-9.120
20.348	-9.422
20.481	-9.709
20.531	-9.815
20.599	-9.913
20.671	-10.005
20.928	-10.334
21.051	-10.333
21.141	-10.635
21.146	-10.652
21.147	-10.670
21.150	-10.687
POLYLINE BLACK
18.938	-4.186
18.928	-4.209
18.917	-4.232
18.909	-4.256
18.904	-4.270
18.900	-4.284
18.901	-4.298
18.920	-4.769
18.913	-4.507
19.011	-5.001
19.086	-5.374
18.961	-4.907
19.054	-5.238
POLYLINE BLACK
21.328	-10.644
21.845	-13.480
21.544	-11.293
21.563	-15.811
21.564	-15.906
21.599	-15.996
21.617	-16.089
POLYLINE BLACK
19.892	-10.903
19.841	-11.426
19.823	-11.390
19.908	-12.064
19.955	-12.432
20.066	-12.792
20.093	-13.162
20.117	-13.490
20.164	-14.365
20.035	-14.866
19.989	-15.045
19.933	-15.094
19.841	-15.252
19.649	-15.580
19.452	-15.904
19.270	-16.237
19.190	-16.383
19.108	-16.653
19.253	-16.792
19.499	-17.027
20.039	-17.072
20.256	-17.141
20.376	-17.179
20.489	-17.235
20.605	-17.282
POLYLINE BLACK
20.270	-15.794
20.210	-15.847
20.167	-15.872
20.132	-15.937
20.061	-16.067
20.033	-16.239
20.065	-16.384
20.094	-16.522
20.268	-16.551
20.346	-16.436
20.430	-16.314
20.456	-16.191
20.494	-16.038
20.509	-15.979
20.516	-15.918
20.521	-15.858
20.523	-15.833
20.521	-15.807
20.518	-15.782
20.517	-15.776
20.515	-15.768
20.510	-15.766
20.446	-15.743
20.380	-15.727
20.315	-15.707
POLYLINE BLACK
7.901	-10.769
8.104	-11.324
8.102	-11.231
8.185	-11.894
8.193	-11.963
8.185	-12.033
8.180	-12.103
8.177	-12.138
8.183	-12.182
8.158	-12.208
8.144	-12.222
8.134	-12.175
8.128	-12.155
8.085	-12.007
8.058	-11.854
8.012	-11.706
7.997	-11.655
7.972	-11.607
7.945	-11.560
7.921	-11.516
7.826	-11.354
7.838	-11.513
7.870	-11.951
7.917	-12.387
7.940	-12.826
7.941	-12.845
7.911	-12.798
7.905	-12.780
7.838	-12.574
7.783	-12.364
7.722	-12.156
POLYLINE BLACK
7.623	-12.224
7.602	-11.817
POLYLINE BLACK
21.618	-15.910
21.737	-17.077
21.631	-17.039
21.950	-17.872
22.351	-18.918
22.073	-18.063
22.222	-18.529
POLYLINE BLACK
7.560	-17.419
7.561	-17.420
POLYLINE BLACK
20.649	-17.266
21.052	-18.685
20.747	-18.255
21.143	-18.767
POLYLINE BLACK
21.149	-18.780
21.539	-22.984
POLYLINE BLACK
22.377	-18.384
22.421	-21.740
22.175	-20.538
22.534	-22.063
POLYLINE BLACK
22.552	-21.833
22.402	-22.296
22.436	-22.758
22.455	-23.234
POLYLINE BLACK
22.481	-23.187
22.429	-23.265
22.377	-23.343
22.326	-23.422
22.233	-23.537
22.131	-23.645
22.048	-23.767
21.997	-23.842
21.951	-23.924
21.926	-24.012
21.722	-24.722
21.249	-25.776
21.280	-26.681
POLYLINE BLACK
21.544	-22.515
21.306	-24.252
21.597	-22.523
20.927	-24.909
20.880	-25.077
20.887	-25.255
20.854	-25.426
20.845	-25.472
20.824	-25.516
20.803	-25.558
20.738	-25.687
20.659	-25.807
20.598	-25.937
20.562	-26.011
20.540	-26.140
20.524	-26.222
POLYLINE BLACK
21.325	-26.452
21.436	-27.031
21.434	-26.818
21.415	-27.283
21.410	-27.393
21.400	-27.503
21.397	-27.614
21.395	-27.720
21.407	-27.827
21.401	-27.934
21.393	-28.092
21.335	-28.280
21.236	-28.406
21.063	-28.627
20.902	-28.754
20.645	-28.859
20.600	-28.877
20.553	-28.893
20.504	-28.899
20.392	-28.914
20.279	-28.920
20.166	-28.921
20.109	-28.922
20.052	-28.913
19.996	-28.905
19.679	-28.859
19.362	-28.820
19.048	-28.761
18.886	-28.730
18.642	-28.629
18.547	-28.476
18.397	-28.236
18.315	-27.951
18.347	-27.669
18.352	-27.624
18.360	-27.578
18.377	-27.536
18.484	-27.283
18.593	-27.032
18.717	-26.787
18.822	-26.579
19.030	-26.341
19.241	-26.233
19.443	-26.129
19.632	-26.080
19.862	-26.051
19.981	-26.036
20.198	-26.016
20.346	-26.049
20.458	-26.075
20.647	-26.201
20.697	-26.228
POLYLINE BLACK
21.350	-26.681
21.468	-26.705
21.585	-26.738
21.704	-26.752
21.913	-26.778
22.361	-26.721
22.502	-26.708
POLYLINE BLACK
21.342	-28.173
21.427	-28.093
21.505	-28.003
21.598	-27.931
21.933	-27.674
22.374	-27.554
22.789	-27.513
22.846	-27.507
22.903	-27.515
22.959	-27.516
POLYLINE BLACK
18.674	1.016
18.642	0.954
18.605	0.894
18.579	0.829
18.556	0.769
18.538	0.707
18.529	0.644
18.467	0.178
18.505	-0.134
18.664	-0.582
18.799	-0.963
19.069	-1.351
19.496	-1.418
19.552	-1.427
19.610	-1.433
19.667	-1.429
19.699	-1.427
20.063	-1.401
20.158	-1.325
20.245	-1.255
20.334	-1.187
20.413	-1.109
20.581	-0.942
20.717	-0.558
20.775	-0.408
20.816	-0.299
20.848	-0.185
20.867	-0.070
20.942	0.368
20.981	0.966
20.737	1.368
20.567	1.646
20.363	1.843
20.055	1.952
19.858	2.022
19.595	1.969
19.411	1.916
19.217	1.859
18.808	1.732
18.637	1.551
18.573	1.484
18.517	1.410
18.457	1.340
POLYLINE BLACK
12.735	9.000
12.820	9.056
POLYLINE BLACK
19.216	-2.329
19.217	-2.387
19.210	-2.430
19.230	-2.481
19.289	-2.641
19.725	-2.907
19.730	-2.911
19.822	-2.976
19.912	-3.047
20.013	-3.098
20.216	-3.200
20.455	-3.272
20.682	-3.302
20.784	-3.315
20.889	-3.308
20.991	-3.322
21.126	-3.339
21.235	-3.395
21.349	-3.463
POLYLINE BLACK
18.953	-4.216
18.923	-4.147
18.884	-4.075
18.911	-3.999
18.929	-3.948
18.968	-3.901
19.012	-3.870
19.065	-3.834
19.141	-3.789
19.208	-3.770
19.373	-3.723
19.689	-3.798
19.859	-3.819
19.974	-3.833
20.091	-3.836
20.206	-3.854
20.345	-3.876
20.430	-3.932
20.570	-3.965
20.678	-3.990
20.789	-3.999
20.897	-4.022
20.921	-4.027
20.943	-4.036
20.964	-4.047
21.105	-4.119
21.243	-4.196
21.382	-4.271
POLYLINE BLACK
17.097	-7.988
17.063	-8.314
17.066	-8.176
17.069	-8.402
POLYLINE BLACK
17.007	-10.891
17.007	-10.892
POLYLINE BLACK
17.022	-10.751
17.006	-10.355
POLYLINE BLACK
21.431	-3.401
22.941	-4.814
21.474	-3.496
22.358	-4.198
22.847	-4.587
22.464	-4.357
23.018	-4.737
23.129	-4.813
23.252	-4.870
23.361	-4.946
23.507	-5.049
23.641	-5.167
23.784	-5.273
23.830	-5.307
23.882	-5.330
23.926	-5.365
24.112	-5.510
24.299	-5.655
24.474	-5.813
24.715	-6.086
24.605	-5.983
24.787	-6.140
POLYLINE BLACK
21.391	-4.257
21.595	-4.389
21.800	-4.522
22.004	-4.655
22.045	-4.679
22.090	-4.696
22.127	-4.726
22.281	-4.851
22.420	-4.995
22.575	-5.118
22.711	-5.225
22.867	-5.304
23.000	-5.415
23.102	-5.501
23.181	-5.611
23.276	-5.705
23.521	-5.947
23.340	-5.689
23.623	-6.099
23.733	-6.260
23.694	-6.319
23.772	-6.541
23.785	-6.577
23.814	-6.605
23.834	-6.637
POLYLINE BLACK
16.879	1.970
16.880	1.944
POLYLINE BLACK
24.740	-6.052
24.764	-6.173
24.796	-6.294
24.811	-6.417
24.849	-6.726
24.704	-7.329
24.673	-7.484
24.639	-7.656
24.602	-7.710
24.531	-7.850
POLYLINE BLACK
17.473	-1.809
17.500	-1.458
17.452	-1.921
17.377	-2.496
17.368	-2.566
17.370	-2.650
17.279	-2.590
17.213	-2.547
17.200	-2.472
17.163	-2.405
17.136	-2.354
17.105	-2.305
17.076	-2.256
POLYLINE BLACK
23.844	-6.676
23.552	-7.955
23.667	-7.133
23.649	-8.227
23.646	-8.424
23.602	-8.563
23.634	-8.738
23.646	-8.802
23.689	-8.860
23.734	-8.904
23.801	-8.971
23.868	-9.038
23.942	-9.097
24.030	-9.169
24.159	-9.217
24.258	-9.262
POLYLINE BLACK
24.618	-7.767
24.602	-7.798
24.584	-7.829
24.569	-7.861
24.527	-7.955
24.654	-8.074
24.710	-8.124
24.716	-8.130
24.724	-8.134
24.733	-8.138
24.786	-8.159
24.841	-8.178
24.895	-8.198
POLYLINE BLACK
24.945	-8.113
25.445	-8.361
25.536	-8.381
26.048	-8.801
27.503	-9.995
26.025	-8.912
26.688	-9.392
POLYLINE BLACK
24.217	-9.287
24.277	-9.292
24.338	-9.293
24.397	-9.303
24.545	-9.329
24.911	-9.494
24.951	-9.513
25.029	-9.549
25.098	-9.606
25.178	-9.638
25.506	-9.769
25.833	-9.787
26.077	-10.033
26.269	-10.227
26.287	-10.574
26.279	-10.821
26.271	-11.057
26.242	-11.292
26.218	-11.527
26.175	-11.934
26.082	-12.336
26.076	-12.745
26.066	-13.404
26.232	-15.677
26.306	-16.409
26.320	-16.553
26.368	-16.692
26.384	-16.836
26.485	-17.735
26.337	-17.179
26.509	-17.735
POLYLINE BLACK
26.747	-9.253
26.714	-11.045
26.687	-10.390
26.962	-12.938
26.991	-13.206
27.077	-13.466
27.093	-13.734
27.144	-14.637
27.116	-15.543
27.162	-16.446
27.170	-16.614
27.219	-16.779
27.257	-16.944
27.266	-16.987
27.281	-17.031
27.304	-17.069
27.336	-17.121
27.382	-17.164
27.421	-17.212
POLYLINE BLACK
26.433	-17.630
26.766	-18.110
26.798	-18.171
27.492	-18.823
28.340	-19.621
28.295	-19.587
28.831	-19.896
POLYLINE BLACK
27.461	-17.214
27.721	-17.601
28.206	-18.354
28.518	-18.689
28.797	-18.989
29.217	-19.326
29.593	-19.542
29.675	-19.590
29.765	-19.621
29.852	-19.661
POLYLINE BLACK
29.676	-19.500
29.997	-19.539
29.999	-19.582
30.315	-19.783
30.892	-20.150
31.460	-20.532
32.045	-20.886
33.313	-21.654
32.562	-21.068
33.197	-21.588
POLYLINE BLACK
29.923	-19.998
30.375	-20.283
30.825	-20.572
31.280	-20.853
31.365	-20.906
31.456	-20.949
31.543	-20.999
32.050	-21.295
32.560	-21.585
33.062	-21.891
33.123	-21.929
33.173	-21.982
33.229	-22.027
POLYLINE BLACK
29.882	-19.957
30.012	-21.808
29.866	-22.221
30.239	-23.500
30.286	-23.662
30.345	-23.754
30.453	-23.884
30.518	-23.964
30.608	-24.069
30.706	-24.125
31.197	-24.404
30.922	-24.216
31.150	-24.376
POLYLINE BLACK
31.077	-24.309
31.373	-24.424
31.382	-24.458
31.629	-24.732
31.698	-24.809
31.755	-24.898
31.826	-24.973
32.185	-25.346
32.518	-25.520
32.634	-26.013
32.677	-26.193
32.591	-26.359
32.501	-26.510
32.341	-26.779
31.914	-27.030
31.608	-27.092
31.380	-27.139
31.145	-27.154
30.915	-27.196
30.539	-27.265
30.380	-27.369
30.031	-27.297
29.889	-27.267
29.636	-27.125
29.544	-27.013
29.431	-26.876
29.328	-26.730
29.235	-26.578
29.220	-26.553
28.920	-26.078
28.914	-25.879
28.911	-25.792
28.930	-25.730
28.948	-25.640
POLYLINE BLACK
29.000	-25.547
28.329	-25.573
28.608	-25.532
28.156	-25.619
POLYLINE BLACK
28.428	-24.483
28.435	-24.484
POLYLINE BLACK
28.664	-24.489
28.110	-24.717
POLYLINE BLACK
28.836	-19.904
29.008	-21.479
29.126	-21.954
29.088	-23.394
29.082	-23.633
29.045	-23.870
29.012	-24.107
28.991	-24.256
28.964	-24.266
28.918	-24.388
28.899	-24.437
28.885	-24.487
28.868	-24.536
POLYLINE BLACK
31.028	-24.807
30.936	-24.776
30.867	-24.740
30.775	-24.739
30.685	-24.737
30.606	-24.773
30.524	-24.808
30.292	-24.909
30.094	-25.110
30.032	-25.359
29.970	-25.614
30.002	-25.914
30.126	-26.147
30.170	-26.231
30.254	-26.374
30.351	-26.425
30.426	-26.463
30.503	-26.501
30.582	-26.528
30.784	-26.596
31.023	-26.567
31.220	-26.507
31.375	-26.461
31.563	-26.399
31.700	-26.293
31.811	-26.207
31.853	-26.067
31.897	-25.940
31.910	-25.903
31.921	-25.817
31.914	-25.777
31.895	-25.674
31.874	-25.570
31.844	-25.470
31.822	-25.397
31.749	-25.256
31.695	-25.198
31.613	-25.112
31.524	-25.032
31.433	-24.955
31.349	-24.885
31.221	-24.845
31.123	-24.813
31.106	-24.808
31.088	-24.800
31.071	-24.806
31.026	-24.821
30.987	-24.852
30.945	-24.875
POLYLINE BLACK
32.309	-18.637
32.276	-18.681
POLYLINE BLACK
32.534	-19.361
32.431	-19.334
32.336	-19.300
32.238	-19.354
32.156	-19.399
32.110	-19.446
32.043	-19.520
32.009	-19.558
31.931	-19.650
31.964	-19.713
31.979	-19.742
32.015	-19.759
32.045	-19.766
32.178	-19.798
32.356	-19.697
32.389	-19.562
32.399	-19.521
32.405	-19.480
32.410	-19.439
32.411	-19.429
32.411	-19.418
32.406	-19.408
32.404	-19.404
32.397	-19.404
32.393	-19.406
32.385	-19.410
32.379	-19.419
32.373	-19.427
32.364	-19.440
32.354	-19.454
32.349	-19.469
32.335	-19.508
32.284	-19.662
32.290	-19.719
32.299	-19.806
32.325	-19.890
32.343	-19.976
POLYLINE BLACK
33.095	-19.648
33.070	-19.622
33.045	-19.594
33.018	-19.568
32.962	-19.514
32.833	-19.562
32.782	-19.581
32.734	-19.599
32.685	-19.634
32.668	-19.685
32.642	-19.762
32.712	-19.843
32.675	-19.917
32.663	-19.941
32.646	-19.944
32.624	-19.955
32.570	-19.981
32.518	-20.009
32.465	-20.037
POLYLINE BLACK
33.186	-19.732
33.101	-19.853
33.017	-19.975
32.933	-20.096
32.924	-20.115
32.895	-20.168
32.907	-20.152
32.971	-20.068
33.027	-19.977
33.089	-19.891
33.112	-19.858
33.137	-19.875
33.137	-19.912
33.135	-19.995
33.132	-20.077
33.124	-20.159
33.121	-20.190
33.111	-20.221
33.104	-20.251
33.101	-20.265
33.093	-20.278
33.094	-20.291
33.097	-20.316
33.109	-20.339
33.116	-20.362
POLYLINE BLACK
33.610	-20.083
33.492	-20.150
33.373	-20.216
33.256	-20.286
33.247	-20.291
33.239	-20.299
33.232	-20.307
33.187	-20.359
33.315	-20.344
33.332	-20.340
33.448	-20.312
33.457	-20.239
33.536	-20.167
33.541	-20.163
33.542	-20.177
33.545	-20.183
33.540	-20.206
33.535	-20.230
33.528	-20.254
33.508	-20.328
33.484	-20.400
33.467	-20.474
33.447	-20.563
33.464	-20.641
33.477	-20.730
POLYLINE BLACK
34.164	-20.587
34.130	-20.664
34.096	-20.740
34.062	-20.816
34.064	-20.824
34.060	-20.834
34.066	-20.839
34.094	-20.862
34.169	-20.767
34.177	-20.753
34.190	-20.731
34.200	-20.708
34.209	-20.685
34.231	-20.623
34.234	-20.549
34.297	-20.513
34.355	-20.480
34.431	-20.497
34.491	-20.515
34.519	-20.523
34.567	-20.542
34.578	-20.576
34.586	-20.604
34.567	-20.627
34.551	-20.647
34.515	-20.693
34.475	-20.735
34.443	-20.783
34.413	-20.828
34.390	-20.877
34.366	-20.925
34.355	-20.948
34.350	-20.987
34.370	-21.007
34.422	-21.060
34.575	-21.004
34.626	-20.973
34.639	-20.965
34.724	-20.872
34.765	-20.916
34.787	-20.939
34.779	-20.955
34.791	-20.984
34.816	-21.049
34.845	-21.113
34.872	-21.178
POLYLINE BLACK
35.240	-20.885
35.200	-20.944
35.157	-21.001
35.120	-21.062
35.103	-21.091
35.122	-21.118
35.150	-21.125
35.214	-21.141
35.296	-21.121
35.349	-21.083
35.444	-21.014
35.424	-20.881
35.532	-20.841
35.624	-20.807
35.769	-20.865
35.837	-20.879
POLYLINE BLACK
36.111	-20.543
35.779	-20.997
35.891	-20.792
35.729	-21.130
POLYLINE BLACK
36.493	-21.025
36.278	-21.096
36.061	-21.162
35.847	-21.238
35.757	-21.270
35.671	-21.354
35.738	-21.449
35.787	-21.520
35.896	-21.564
35.960	-21.601
POLYLINE BLACK
36.610	-21.380
36.550	-21.368
36.500	-21.348
36.440	-21.358
36.368	-21.369
36.314	-21.390
36.247	-21.424
36.218	-21.439
36.184	-21.463
36.162	-21.489
36.129	-21.530
36.113	-21.615
36.187	-21.620
36.255	-21.624
36.365	-21.548
36.401	-21.643
36.430	-21.721
36.399	-21.983
36.399	-21.987
36.401	-22.036
36.414	-22.083
36.421	-22.132
POLYLINE BLACK
22.836	-27.553
24.123	-26.906
23.430	-27.244
26.687	-26.339
27.473	-26.120
28.275	-25.970
29.070	-25.785
POLYLINE BLACK
28.835	-24.462
28.477	-24.654
28.121	-24.850
27.761	-25.039
27.730	-25.055
27.696	-25.066
27.662	-25.076
26.328	-25.489
25.001	-25.927
23.658	-26.307
23.452	-26.366
23.232	-26.348
23.022	-26.391
22.873	-26.437
22.723	-26.484
22.573	-26.530
22.567	-26.533
22.559	-26.533
22.557	-26.539
22.548	-26.562
22.546	-26.588
22.541	-26.612
POLYLINE BLACK
30.607	-22.285
30.535	-23.170
30.789	-24.059
31.045	-24.907
POLYLINE BLACK
29.875	-22.296
30.068	-23.648
29.834	-22.271
30.277	-23.953
30.316	-24.104
30.327	-24.261
30.350	-24.415
30.399	-24.739
30.390	-24.653
30.403	-24.887
POLYLINE BLACK
30.582	-22.300
30.592	-21.763
30.563	-21.574
30.662	-21.095
30.678	-21.021
30.703	-20.949
30.735	-20.881
30.771	-20.803
30.821	-20.732
30.864	-20.657
POLYLINE BLACK
29.976	-21.799
29.975	-21.725
29.961	-21.463
29.991	-21.366
30.093	-21.045
30.205	-20.726
30.328	-20.411
30.346	-20.364
30.384	-20.328
30.412	-20.286
POLYLINE BLACK
31.828	-18.427
31.717	-18.960
31.792	-18.646
31.279	-19.727
31.240	-19.809
31.176	-19.877
31.136	-19.958
31.098	-20.034
31.075	-20.117
31.044	-20.196
POLYLINE BLACK
30.429	-19.782
30.418	-19.640
30.359	-19.191
30.386	-18.956
30.390	-18.923
30.403	-18.891
30.412	-18.859
POLYLINE BLACK
31.058	-20.269
30.949	-20.449
30.888	-20.535
30.851	-20.705
POLYLINE BLACK
30.440	-19.876
30.411	-20.013
30.382	-20.150
30.353	-20.287
30.352	-20.306
30.349	-20.324
30.350	-20.343
30.352	-20.366
30.358	-20.389
30.362	-20.412
POLYLINE BLACK
31.471	-19.941
31.428	-19.973
31.399	-19.985
31.370	-20.025
31.355	-20.045
31.333	-20.079
31.343	-20.106
31.358	-20.149
31.439	-20.159
31.476	-20.157
31.527	-20.153
31.570	-20.124
31.614	-20.101
POLYLINE BLACK
31.738	-19.993
31.717	-20.138
31.722	-20.053
31.744	-20.246
POLYLINE BLACK
31.640	-19.743
31.631	-19.745
POLYLINE BLACK
33.834	-20.882
33.648	-20.976
33.461	-21.069
33.275	-21.163
33.225	-21.179
33.178	-21.205
33.126	-21.211
33.101	-21.214
33.077	-21.195
33.053	-21.187
POLYLINE BLACK
33.316	-21.026
33.212	-21.083
33.108	-21.139
33.005	-21.198
32.990	-21.206
32.975	-21.226
32.995	-21.238
33.003	-21.242
33.011	-21.245
33.019	-21.246
33.077	-21.254
33.135	-21.258
33.193	-21.264
33.225	-21.267
33.257	-21.269
33.288	-21.272
POLYLINE BLACK
30.402	-18.842
30.296	-17.828
30.381	-18.428
30.155	-17.305
30.137	-17.216
30.129	-17.125
30.105	-17.037
30.070	-16.907
30.019	-16.781
29.979	-16.652
29.956	-16.579
29.937	-16.505
29.916	-16.432
POLYLINE BLACK
31.818	-18.434
31.518	-17.989
30.831	-17.293
30.708	-16.625
30.704	-16.603
30.703	-16.580
30.701	-16.557
POLYLINE BLACK
30.678	-16.578
30.940	-15.621
30.765	-16.357
30.963	-14.983
30.968	-14.952
30.982	-14.924
30.991	-14.894
POLYLINE BLACK
29.825	-16.345
29.932	-15.983
29.933	-16.054
29.951	-15.633
29.958	-15.483
29.880	-14.926
29.880	-14.924
POLYLINE BLACK
30.023	-14.851
30.003	-14.799
29.981	-14.748
29.964	-14.695
29.952	-14.655
29.943	-14.566
29.952	-14.527
30.078	-13.965
30.179	-13.395
30.347	-12.845
30.475	-12.427
30.667	-12.032
30.839	-11.631
30.882	-11.532
30.930	-11.434
30.992	-11.345
31.020	-11.305
31.067	-11.281
31.104	-11.249
POLYLINE BLACK
30.926	-14.870
30.930	-14.626
30.914	-14.491
31.104	-14.326
31.223	-14.222
31.359	-14.139
31.471	-14.028
31.656	-13.845
31.823	-13.646
31.990	-13.447
32.034	-13.395
32.080	-13.341
32.104	-13.277
32.259	-12.864
32.479	-12.356
32.518	-11.877
32.522	-11.829
32.520	-11.779
32.514	-11.731
32.472	-11.396
32.461	-11.578
32.472	-11.440
POLYLINE BLACK
31.157	-11.594
31.138	-11.592
31.085	-11.580
31.055	-11.589
30.971	-11.613
30.882	-11.754
30.853	-11.811
30.775	-11.966
30.698	-12.123
30.643	-12.288
30.569	-12.509
30.527	-12.726
30.547	-12.956
30.562	-13.139
30.599	-13.268
30.702	-13.416
30.745	-13.478
30.810	-13.553
30.891	-13.565
31.050	-13.589
31.195	-13.544
31.359	-13.513
31.394	-13.506
31.431	-13.495
31.462	-13.476
31.658	-13.358
31.820	-13.228
31.931	-13.027
32.049	-12.812
32.056	-12.647
32.092	-12.374
32.101	-12.304
32.099	-12.231
32.097	-12.160
32.091	-11.984
32.008	-11.826
31.892	-11.696
31.834	-11.631
31.667	-11.585
31.586	-11.589
31.470	-11.596
31.354	-11.613
31.239	-11.628
31.228	-11.630
31.185	-11.637
31.167	-11.651
31.160	-11.657
31.151	-11.663
31.146	-11.671
31.075	-11.788
31.008	-11.909
30.939	-12.028
POLYLINE BLACK
32.084	-11.923
31.327	-10.445
POLYLINE BLACK
30.562	-12.652
30.097	-11.876
30.125	-10.890
30.111	-9.999
POLYLINE BLACK
29.364	-10.701
29.386	-10.613
29.399	-10.520
29.481	-10.471
29.498	-10.460
29.542	-10.433
29.571	-10.434
29.652	-10.437
29.713	-10.606
29.717	-10.669
29.722	-10.727
29.728	-10.785
29.721	-10.842
29.643	-11.457
29.656	-10.992
29.651	-11.282
POLYLINE BLACK
29.721	-11.366
29.599	-11.512
29.661	-11.430
29.538	-11.614
POLYLINE BLACK
29.483	-11.455
29.781	-11.629
29.674	-11.532
29.834	-11.706
POLYLINE BLACK
31.033	-11.162
31.142	-9.381
31.036	-11.843
30.714	-8.012
30.661	-7.374
30.684	-6.730
30.702	-6.090
30.704	-6.033
30.761	-5.617
30.851	-5.496
30.875	-5.464
30.902	-5.437
30.928	-5.408
POLYLINE BLACK
26.810	-15.149
26.780	-15.180
POLYLINE BLACK
32.483	-11.396
32.443	-11.328
32.390	-11.266
32.363	-11.192
32.189	-10.719
32.001	-10.249
31.881	-9.760
31.777	-9.339
31.725	-8.616
31.765	-8.136
31.780	-7.963
31.837	-7.795
31.849	-7.621
31.871	-7.289
31.855	-6.956
31.868	-6.623
31.871	-6.559
31.900	-6.457
31.932	-6.399
31.964	-6.340
32.004	-6.286
32.040	-6.229
POLYLINE BLACK
32.675	-4.566
32.896	-3.870
33.043	-3.179
33.450	-2.582
POLYLINE BLACK
31.952	-6.261
32.418	-5.262
32.181	-5.842
32.610	-4.501
POLYLINE BLACK
33.366	-2.678
33.609	-1.791
POLYLINE BLACK
30.938	-5.429
31.372	-4.026
31.268	-4.179
31.984	-2.741
32.114	-2.479
32.286	-2.239
32.424	-1.981
32.489	-1.859
32.559	-1.679
32.581	-1.532
32.617	-1.288
32.551	-1.430
32.635	-1.282
POLYLINE BLACK
33.231	0.307
33.238	0.119
33.191	-0.125
33.272	-0.315
33.286	-0.350
33.315	-0.384
33.341	-0.409
33.373	-0.440
33.422	-0.481
33.469	-0.490
33.559	-0.506
33.692	-0.554
33.784	-0.497
33.899	-0.426
33.991	-0.222
34.035	-0.160
POLYLINE BLACK
33.982	-0.359
33.689	-1.712
33.861	-1.220
33.612	-1.879
POLYLINE BLACK
33.140	0.275
32.797	-0.203
33.102	0.237
32.714	-1.276
POLYLINE BLACK
34.091	-0.436
34.105	-0.375
34.114	-0.311
34.135	-0.252
34.203	-0.054
34.416	0.190
34.522	0.307
34.635	0.431
34.759	0.544
34.889	0.649
34.990	0.729
35.105	0.790
35.212	0.861
POLYLINE BLACK
32.921	0.121
32.958	0.238
32.995	0.355
33.032	0.472
33.035	0.496
33.042	0.519
33.041	0.543
33.037	0.626
33.037	0.711
33.017	0.793
32.960	1.033
32.869	1.302
32.723	1.509
32.235	2.200
31.711	2.867
31.227	3.562
30.876	4.067
30.574	4.605
30.217	5.107
29.876	5.586
29.493	6.032
29.137	6.500
29.133	6.507
29.018	6.644
29.059	6.698
29.074	6.719
29.124	6.735
29.138	6.742
POLYLINE BLACK
31.695	7.991
31.635	7.987
31.575	7.980
31.515	7.980
31.418	7.980
31.249	8.040
31.189	8.071
30.801	8.272
30.859	8.199
30.744	8.382
POLYLINE BLACK
32.253	8.494
33.761	1.790
32.240	8.099
33.367	4.194
33.430	3.973
33.457	3.743
33.502	3.518
POLYLINE BLACK
33.502	3.749
33.759	3.874
33.652	3.812
34.039	4.212
34.248	4.428
34.399	4.714
34.425	5.015
34.452	5.318
34.478	5.622
34.496	5.925
34.498	5.966
34.499	6.010
34.484	6.048
34.343	6.412
34.201	6.776
34.031	7.127
33.809	7.584
33.501	7.864
33.125	8.218
32.947	8.385
32.802	8.482
32.585	8.573
32.543	8.591
32.496	8.598
32.452	8.611
POLYLINE BLACK
31.590	8.014
31.664	8.031
31.744	8.038
31.812	8.077
31.975	8.173
32.109	8.318
32.215	8.474
POLYLINE BLACK
33.211	7.919
33.075	7.900
32.938	7.881
32.802	7.862
32.789	7.859
32.774	7.859
32.763	7.851
32.736	7.833
32.714	7.809
32.689	7.787
POLYLINE BLACK
33.102	7.655
32.972	7.700
32.840	7.740
32.711	7.791
32.695	7.797
32.746	7.791
32.763	7.788
32.806	7.782
32.848	7.775
32.890	7.764
32.941	7.750
32.984	7.729
33.027	7.699
33.111	7.640
33.066	7.516
33.057	7.438
33.044	7.331
33.150	7.318
33.231	7.338
33.348	7.367
33.303	7.366
33.411	7.411
33.459	7.431
33.508	7.447
33.557	7.465
POLYLINE BLACK
33.403	7.009
33.354	7.067
33.305	7.147
33.223	7.160
33.134	7.174
32.965	7.102
32.997	6.988
33.044	6.818
33.277	6.773
33.410	6.868
33.438	6.888
33.455	6.910
33.474	6.940
33.510	7.000
33.407	6.993
33.378	6.984
33.328	6.967
33.279	6.929
33.250	6.886
33.235	6.864
33.130	6.716
33.105	6.637
33.104	6.633
33.105	6.629
33.106	6.626
33.110	6.604
33.115	6.583
33.120	6.561
POLYLINE BLACK
33.423	6.757
33.349	6.672
33.274	6.588
33.202	6.502
33.189	6.486
33.186	6.459
33.212	6.457
33.254	6.454
33.349	6.506
33.354	6.428
33.355	6.402
33.346	6.376
33.339	6.351
33.252	6.047
33.284	6.196
33.248	6.008
POLYLINE BLACK
34.008	6.270
33.356	5.831
33.554	6.040
33.310	5.764
POLYLINE BLACK
33.513	6.286
33.525	6.238
33.534	6.190
33.550	6.144
33.592	6.022
33.740	5.858
33.791	5.790
POLYLINE BLACK
33.876	5.498
33.880	5.543
33.900	5.604
33.879	5.651
33.869	5.674
33.849	5.693
33.828	5.707
33.730	5.766
33.631	5.727
33.542	5.667
33.504	5.641
33.428	5.588
33.439	5.529
33.444	5.497
33.476	5.474
33.503	5.459
33.621	5.396
33.712	5.411
33.831	5.465
33.846	5.471
33.885	5.491
33.895	5.512
33.905	5.536
33.868	5.547
33.851	5.546
33.840	5.545
33.826	5.539
33.816	5.534
33.730	5.481
33.666	5.384
33.618	5.297
33.548	5.170
33.592	5.123
33.659	5.007
POLYLINE BLACK
34.474	0.286
34.456	0.321
34.440	0.357
34.420	0.391
34.386	0.446
34.334	0.494
34.282	0.531
34.092	0.663
34.045	0.703
33.856	0.767
33.762	0.799
33.616	0.792
33.537	0.791
33.505	0.790
33.472	0.787
33.442	0.777
33.352	0.748
33.264	0.710
33.177	0.673
33.157	0.665
33.139	0.654
33.121	0.642
33.066	0.604
33.014	0.507
32.988	0.470
POLYLINE BLACK
32.952	0.980
33.022	1.035
33.080	1.093
33.161	1.127
33.278	1.175
33.487	1.160
33.564	1.160
33.598	1.160
33.632	1.154
33.664	1.145
33.748	1.123
33.832	1.098
33.913	1.067
34.009	1.031
34.222	0.864
34.253	0.837
34.480	0.634
34.511	0.593
34.642	0.435
POLYLINE BLACK
28.493	6.808
28.569	6.961
POLYLINE BLACK
31.913	8.272
31.961	8.324
32.003	8.384
32.058	8.429
32.154	8.507
32.256	8.580
32.366	8.640
32.747	8.847
33.134	9.043
33.526	9.229
33.600	9.264
33.680	9.287
33.760	9.302
34.322	9.406
34.784	9.526
35.333	9.472
36.006	9.405
36.146	9.384
36.711	9.187
36.933	9.110
36.965	9.088
37.126	8.978
POLYLINE BLACK
35.886	1.748
36.159	1.804
36.447	1.887
36.728	1.823
36.764	1.815
36.800	1.803
36.834	1.788
37.088	1.674
37.038	1.701
37.200	1.579
POLYLINE BLACK
36.894	2.828
36.886	2.785
36.876	2.743
36.872	2.699
36.861	2.599
36.907	2.484
36.951	2.397
36.972	2.356
37.028	2.274
37.067	2.246
37.257	2.112
37.442	2.018
37.644	1.907
POLYLINE BLACK
35.015	0.706
35.155	0.901
35.482	1.441
35.765	1.703
35.828	1.761
35.888	1.787
35.963	1.827
POLYLINE BLACK
36.979	2.799
36.967	2.766
POLYLINE BLACK
36.860	2.735
36.894	2.794
36.938	2.847
36.961	2.910
37.124	3.363
37.169	3.841
37.077	4.316
37.039	4.509
36.977	4.698
36.911	4.884
36.874	4.987
36.826	5.087
36.769	5.180
36.512	5.600
36.231	6.006
35.968	6.423
35.924	6.493
35.944	6.496
35.914	6.558
35.905	6.576
35.894	6.592
35.883	6.609
35.873	6.625
35.857	6.635
35.856	6.655
35.855	6.680
35.867	6.714
35.882	6.731
35.971	6.833
36.063	6.930
36.156	7.028
36.167	7.039
36.179	7.049
36.192	7.058
36.229	7.082
36.267	7.104
36.305	7.127
POLYLINE BLACK
38.350	8.520
38.101	8.496
37.852	8.478
37.604	8.447
37.544	8.440
37.304	8.390
37.346	8.269
37.354	8.246
37.370	8.219
37.386	8.203
37.567	8.020
37.790	7.931
38.013	7.784
38.081	7.740
38.213	7.622
38.100	7.549
38.085	7.538
38.069	7.527
38.051	7.521
37.998	7.502
37.943	7.485
37.887	7.473
37.662	7.426
37.435	7.388
37.208	7.345
POLYLINE BLACK
39.104	8.283
38.935	8.213
38.750	8.162
38.630	8.016
38.518	7.880
38.477	7.714
38.444	7.544
38.439	7.521
38.429	7.446
38.462	7.428
38.491	7.412
38.539	7.451
38.554	7.465
38.601	7.509
38.646	7.555
38.689	7.602
38.702	7.616
38.711	7.632
38.721	7.647
38.734	7.669
38.743	7.703
38.712	7.712
38.705	7.714
38.696	7.717
38.689	7.714
38.679	7.711
38.681	7.697
38.684	7.690
38.690	7.677
38.694	7.663
38.703	7.652
38.870	7.452
39.042	7.255
39.212	7.056
POLYLINE BLACK
39.530	8.729
39.509	8.330
39.481	7.931
39.468	7.532
39.466	7.472
39.476	7.411
39.484	7.351
39.494	7.276
39.533	7.232
39.574	7.168
POLYLINE BLACK
40.110	7.638
40.032	7.648
39.974	7.659
39.927	7.590
39.904	7.556
39.881	7.522
39.864	7.485
39.855	7.468
39.751	7.252
39.780	7.193
39.812	7.127
39.958	7.294
40.019	7.200
40.028	7.186
40.031	7.173
40.035	7.157
40.047	7.106
40.046	7.068
40.082	7.021
40.241	6.816
40.411	6.619
40.575	6.418
POLYLINE BLACK
37.157	9.740
37.987	9.874
38.814	10.118
39.662	10.039
40.006	10.007
40.368	9.908
40.679	9.757
40.847	9.675
41.008	9.576
41.161	9.469
41.523	9.217
41.824	8.855
41.935	8.422
42.029	8.056
41.989	7.677
41.884	7.318
41.778	6.957
41.605	6.608
41.334	6.342
41.129	6.140
40.861	5.995
40.580	5.930
39.965	5.788
39.261	5.910
38.676	5.965
38.535	5.978
38.395	6.007
38.262	6.053
38.067	6.120
37.886	6.219
37.698	6.303
POLYLINE BLACK
30.994	9.885
31.030	10.092
31.158	10.225
31.243	10.396
POLYLINE BLACK
29.406	10.981
29.596	11.291
29.495	11.169
29.683	11.364
POLYLINE BLACK
30.816	8.274
30.801	8.485
30.774	8.608
30.820	8.813
30.862	9.002
30.921	9.186
30.975	9.372
30.985	9.406
31.002	9.438
31.009	9.472
31.041	9.618
31.029	9.642
31.019	9.791
POLYLINE BLACK
29.000	6.659
28.972	6.729
28.956	6.804
28.917	6.869
28.548	7.487
27.684	8.181
27.319	8.541
27.313	8.547
27.309	8.554
27.307	8.561
27.299	8.588
27.295	8.615
27.289	8.643
POLYLINE BLACK
28.209	9.955
27.951	9.828
27.731	9.624
27.546	9.405
27.428	9.265
27.311	9.124
27.196	8.981
27.178	8.959
27.169	8.924
27.170	8.896
27.171	8.876
27.185	8.820
27.187	8.810
POLYLINE BLACK
27.178	8.927
27.070	8.887
26.966	8.835
26.854	8.807
26.628	8.749
26.289	8.716
26.057	8.750
25.848	8.781
25.641	8.831
25.440	8.894
25.069	9.011
24.764	9.194
24.460	9.436
24.295	9.567
24.145	9.716
23.999	9.868
23.908	9.962
23.778	10.110
23.752	10.257
23.710	10.493
23.827	10.742
23.945	10.938
24.077	11.155
24.270	11.321
24.500	11.429
24.636	11.494
24.776	11.555
24.922	11.593
25.419	11.724
25.791	11.751
26.307	11.695
26.622	11.661
26.933	11.596
27.243	11.531
27.300	11.519
27.353	11.495
27.403	11.465
27.548	11.379
27.688	11.282
27.826	11.185
27.857	11.162
27.887	11.135
27.911	11.105
27.991	11.007
28.100	10.863
28.150	10.736
28.194	10.622
28.229	10.505
28.269	10.390
POLYLINE BLACK
23.892	10.213
23.911	10.205
23.973	10.174
24.011	10.174
24.112	10.172
24.228	10.233
24.308	10.278
24.555	10.419
24.760	10.727
24.800	11.008
24.811	11.086
24.814	11.165
24.815	11.244
24.815	11.254
24.808	11.372
24.791	11.402
24.769	11.439
24.739	11.471
24.713	11.505
POLYLINE BLACK
24.277	11.005
24.304	10.948
POLYLINE BLACK
28.221	10.457
28.130	9.953
POLYLINE BLACK
29.374	10.938
29.332	10.930
29.073	10.893
28.991	10.838
28.036	10.195
28.528	10.441
28.131	10.248
POLYLINE BLACK
29.342	10.406
29.311	10.375
29.280	10.346
29.251	10.314
29.239	10.301
29.228	10.285
29.220	10.269
29.171	10.173
29.123	10.075
29.080	9.977
29.056	9.925
28.923	9.742
29.011	9.656
29.023	9.644
29.034	9.631
29.049	9.623
29.274	9.500
29.497	9.371
29.730	9.264
29.916	9.194
30.101	9.124
30.287	9.054
30.290	9.055
30.292	9.055
30.295	9.057
30.306	9.063
30.311	9.085
30.309	9.095
30.297	9.185
30.284	9.275
30.265	9.364
30.257	9.401
30.255	9.443
30.231	9.472
30.010	9.739
29.769	9.991
29.536	10.248
29.518	10.267
29.499	10.284
29.478	10.298
29.441	10.324
29.400	10.346
29.361	10.370
POLYLINE BLACK
28.135	7.797
28.405	8.071
28.694	8.354
28.843	8.717
28.858	8.752
28.869	8.788
28.875	8.826
28.913	9.076
28.955	9.327
28.975	9.579
28.984	9.687
28.976	9.796
28.962	9.903
28.942	10.065
28.919	10.194
28.862	10.334
28.860	10.339
28.857	10.343
28.854	10.347
28.834	10.377
28.813	10.407
28.793	10.437
POLYLINE BLACK
28.750	10.600
28.775	10.458
28.815	10.319
28.827	10.175
28.837	10.040
28.834	9.902
28.815	9.767
28.766	9.417
28.684	9.021
28.523	8.695
28.326	8.294
28.260	8.215
28.047	7.913
POLYLINE BLACK
24.542	11.457
24.619	11.295
24.809	11.102
24.829	10.899
24.843	10.762
24.794	10.612
24.690	10.520
24.652	10.486
24.613	10.451
24.568	10.427
24.160	10.214
24.174	10.224
23.899	10.130
POLYLINE BLACK
21.038	10.833
21.064	10.753
21.067	10.788
21.050	10.730
POLYLINE BLACK
21.013	10.687
21.098	10.994
21.109	10.877
21.085	11.030
POLYLINE BLACK
21.017	10.885
21.209	11.416
POLYLINE BLACK
21.747	7.021
21.836	6.969
21.786	7.008
21.876	6.880
POLYLINE BLACK
31.314	10.411
31.166	10.885
31.221	10.675
31.204	11.696
31.198	12.044
31.295	12.448
31.494	12.740
31.649	12.967
31.829	13.175
31.996	13.393
POLYLINE BLACK
29.611	11.298
29.617	11.330
29.626	11.362
29.631	11.395
29.644	11.494
29.556	11.640
29.524	11.702
29.506	11.737
29.461	11.797
29.428	11.821
29.187	11.991
28.898	12.099
28.642	12.232
28.547	12.281
28.435	12.388
28.447	12.507
28.477	12.800
28.836	13.127
28.941	13.274
28.958	13.299
28.970	13.327
28.984	13.353
POLYLINE BLACK
36.268	7.712
36.150	7.445
36.027	7.180
35.913	6.912
35.899	6.879
35.892	6.844
35.884	6.809
35.872	6.755
35.893	6.725
35.913	6.672
POLYLINE BLACK
28.859	13.495
28.885	13.534
28.921	13.574
28.919	13.625
28.916	13.686
28.919	13.748
28.903	13.807
28.738	14.424
28.550	15.035
28.377	15.651
28.354	15.733
28.395	15.731
28.464	15.802
POLYLINE BLACK
31.923	13.321
31.926	13.370
31.933	13.418
31.932	13.467
31.930	13.506
31.929	13.546
31.915	13.582
31.592	14.374
31.227	15.148
30.922	15.947
30.870	16.085
30.872	16.237
30.846	16.382
POLYLINE BLACK
25.433	13.538
25.418	13.487
POLYLINE BLACK
28.342	15.853
28.169	17.378
POLYLINE BLACK
30.898	16.319
29.027	19.356
30.611	16.960
29.945	17.782
29.908	17.828
29.878	17.880
29.844	17.928
POLYLINE BLACK
28.058	18.008
28.142	17.928
28.197	17.858
28.299	17.809
28.612	17.659
28.962	17.662
29.301	17.694
29.596	17.721
29.783	17.764
30.033	17.871
30.082	17.892
30.128	17.920
30.176	17.944
POLYLINE BLACK
28.480	17.866
23.592	21.845
24.861	20.435
21.040	24.878
20.935	25.001
20.862	25.149
20.797	25.296
20.463	26.051
20.493	25.896
20.505	26.469
POLYLINE BLACK
30.329	18.345
30.314	18.975
30.347	19.608
30.284	20.235
30.209	20.984
29.971	21.855
29.640	22.545
29.294	23.266
28.769	23.866
28.179	24.402
27.798	24.748
27.369	25.039
26.948	25.334
26.853	25.400
26.452	25.544
26.327	25.724
26.303	25.758
26.253	25.875
26.248	25.888
POLYLINE BLACK
21.966	28.920
22.026	28.904
22.202	29.961
22.456	30.203
22.685	30.422
22.987	30.578
23.269	30.703
23.831	30.952
24.557	31.107
25.136	30.818
25.546	30.613
25.801	30.223
25.972	29.812
26.064	29.591
26.177	29.263
26.086	29.016
25.944	28.631
25.546	28.188
25.179	27.997
24.876	27.839
24.560	27.710
24.256	27.555
24.203	27.528
24.155	27.492
24.109	27.454
23.914	27.288
23.787	27.051
23.661	26.831
POLYLINE BLACK
23.900	26.046
23.648	25.982
23.396	25.917
23.145	25.852
23.137	25.853
23.127	25.851
23.121	25.856
23.103	25.870
23.091	25.890
23.075	25.908
POLYLINE BLACK
23.059	26.493
24.236	25.371
POLYLINE BLACK
27.596	28.743
27.702	28.293
27.807	27.844
27.913	27.395
27.912	27.385
27.915	27.373
27.910	27.364
27.907	27.360
27.898	27.364
27.894	27.367
27.883	27.378
27.876	27.392
27.866	27.404
27.762	27.635
27.646	27.860
27.552	28.096
27.471	28.300
27.414	28.572
27.494	28.788
27.560	28.965
27.747	29.062
27.919	29.109
28.223	29.192
28.541	29.105
28.818	28.974
29.249	28.772
29.592	28.275
29.077	27.948
28.966	27.877
28.854	27.805
28.732	27.758
28.458	27.651
28.173	27.578
27.894	27.488
POLYLINE BLACK
29.805	29.033
29.792	28.805
29.772	28.579
29.766	28.351
29.765	28.311
29.775	28.270
29.784	28.230
29.825	28.038
30.006	27.936
30.188	28.031
30.270	28.073
30.342	28.156
30.383	28.236
30.430	28.326
30.468	28.419
30.505	28.513
30.571	28.684
30.581	28.808
30.672	28.944
30.689	28.969
30.722	29.001
30.756	28.990
30.777	28.982
30.799	28.957
30.808	28.939
30.908	28.736
30.997	28.528
31.100	28.326
31.184	28.161
31.372	27.954
31.471	27.832
POLYLINE BLACK
31.388	29.352
31.507	29.394
31.624	29.444
31.746	29.478
31.806	29.496
31.869	29.503
31.932	29.508
32.026	29.514
32.186	29.535
32.175	29.398
32.167	29.301
32.119	29.199
32.077	29.120
31.913	28.806
31.787	28.693
31.708	28.410
31.645	28.182
31.751	27.983
31.967	27.893
32.230	27.784
32.536	27.725
32.801	27.868
32.946	27.946
33.086	28.034
33.228	28.117
POLYLINE BLACK
31.557	30.860
31.781	30.501
POLYLINE BLACK
33.973	29.455
33.710	29.379
33.446	29.312
33.186	29.228
33.042	29.182
32.894	29.071
32.826	28.933
32.800	28.879
32.782	28.815
32.779	28.755
32.774	28.650
32.789	28.355
32.963	28.382
33.171	28.414
33.620	29.023
33.668	29.076
33.678	29.087
33.755	29.166
33.793	29.151
33.819	29.140
33.805	29.087
33.813	29.071
33.974	28.732
34.119	28.385
34.308	28.063
34.480	27.770
34.699	27.507
34.894	27.230
POLYLINE BLACK
31.228	25.931
30.940	25.932
30.651	25.944
30.363	25.934
30.102	25.924
29.304	25.668
29.618	25.267
29.650	25.226
29.682	25.185
29.722	25.153
29.834	25.065
29.952	24.985
30.071	24.908
30.239	24.798
30.416	24.703
30.584	24.592
30.641	24.554
30.809	24.428
30.775	24.325
30.748	24.243
30.557	24.195
30.529	24.186
30.451	24.162
30.371	24.140
30.290	24.134
30.108	24.119
29.926	24.127
29.743	24.123
POLYLINE BLACK
32.315	27.138
32.250	26.302
32.187	26.260
32.290	25.573
32.326	25.333
32.486	24.914
32.548	24.734
POLYLINE BLACK
31.055	25.722
33.433	26.143
POLYLINE BLACK
33.356	26.231
33.392	26.039
33.302	25.625
33.445	25.391
33.635	25.078
34.264	25.420
34.445	25.544
34.504	25.584
34.559	25.641
34.587	25.708
34.597	25.731
34.600	25.756
34.600	25.780
34.600	25.817
34.585	25.926
34.598	25.891
34.614	25.848
34.647	25.406
34.834	25.409
34.845	25.409
34.855	25.410
34.865	25.414
34.932	25.438
34.997	25.466
35.063	25.492
POLYLINE BLACK
36.064	26.497
35.925	26.374
35.782	26.255
35.647	26.127
35.563	26.047
35.563	25.934
35.675	25.886
35.854	25.811
36.113	25.779
36.286	25.889
36.446	25.990
36.486	26.189
36.494	26.363
36.499	26.477
36.474	26.637
36.353	26.687
36.177	26.759
35.811	26.645
35.693	26.623
POLYLINE BLACK
36.608	28.654
36.687	26.273
36.553	27.166
36.768	25.948
POLYLINE BLACK
37.122	27.261
37.120	27.098
37.111	26.935
37.115	26.772
37.118	26.656
37.164	26.528
37.232	26.434
37.511	26.045
37.785	26.572
37.965	26.777
38.006	26.824
38.090	26.882
38.152	26.833
38.217	26.781
38.232	26.664
38.247	26.597
38.290	26.407
38.320	26.214
38.373	26.027
38.424	25.845
38.560	25.598
38.643	25.433
POLYLINE BLACK
39.084	26.736
39.093	25.852
POLYLINE BLACK
39.174	28.144
39.201	28.005
POLYLINE BLACK
40.085	27.224
39.868	27.153
39.482	27.113
39.709	26.827
40.065	26.380
40.425	25.935
40.783	25.489
POLYLINE BLACK
32.923	22.659
32.919	22.711
32.873	22.976
32.904	23.107
32.928	23.210
33.015	23.279
33.122	23.282
33.617	23.296
34.112	23.293
34.606	23.314
34.821	23.324
34.963	23.414
35.147	23.513
POLYLINE BLACK
35.912	24.035
35.925	24.136
35.930	24.238
35.949	24.338
35.962	24.408
36.032	24.377
36.064	24.350
36.135	24.292
36.159	24.213
36.135	24.124
36.096	23.981
36.022	23.862
35.930	23.741
35.794	23.563
35.649	23.393
35.497	23.228
35.439	23.165
35.366	23.117
35.303	23.058
35.266	23.023
35.325	22.989
35.355	22.990
35.688	22.998
36.021	23.015
36.355	23.027
POLYLINE BLACK
37.385	24.274
37.218	24.212
36.999	24.169
36.845	24.051
36.691	23.933
36.654	23.719
36.693	23.539
36.705	23.485
36.737	23.430
36.793	23.416
36.955	23.374
37.216	23.618
37.301	23.697
37.389	23.778
37.481	23.899
37.484	24.026
37.485	24.080
37.469	24.136
37.438	24.181
37.364	24.291
37.120	24.500
36.966	24.419
36.849	24.356
36.779	24.091
36.751	24.027
POLYLINE BLACK
37.914	23.908
38.789	24.097
POLYLINE BLACK
39.597	24.631
39.665	24.675
39.733	24.720
39.800	24.765
39.809	24.764
39.821	24.769
39.825	24.762
39.832	24.752
39.828	24.739
39.825	24.728
39.812	24.690
39.794	24.654
39.776	24.618
39.741	24.546
39.698	24.477
39.665	24.404
39.629	24.322
39.608	24.221
39.623	24.131
39.639	24.041
39.638	24.101
39.656	24.023
39.678	23.925
39.570	23.853
39.495	23.822
39.439	23.799
39.382	23.778
39.323	23.765
39.213	23.739
39.101	23.725
38.989	23.706
POLYLINE BLACK
40.710	24.623
40.566	24.554
40.421	24.485
40.276	24.416
40.263	24.403
40.247	24.392
40.236	24.376
40.205	24.330
40.243	24.287
40.284	24.266
40.415	24.196
40.595	24.147
40.725	24.248
40.775	24.287
40.819	24.336
40.848	24.393
40.887	24.472
41.057	24.825
40.840	24.844
40.612	24.865
40.265	24.589
40.145	24.518
POLYLINE BLACK
41.151	24.116
41.229	24.222
41.307	24.329
41.386	24.435
41.399	24.445
41.409	24.459
41.425	24.464
41.458	24.475
41.454	24.417
41.454	24.410
41.457	24.311
41.453	24.211
41.456	24.112
41.457	24.084
41.485	24.077
41.507	24.082
41.605	24.106
41.837	24.328
41.878	24.360
41.904	24.380
41.962	24.410
41.996	24.388
42.043	24.358
42.032	24.217
42.035	24.195
42.059	24.048
42.198	24.044
42.318	24.021
POLYLINE BLACK
40.613	6.088
40.701	5.159
40.606	5.846
41.247	4.107
POLYLINE BLACK
41.373	6.241
42.104	4.893
POLYLINE BLACK
39.741	9.802
39.535	10.428
39.688	10.022
38.582	11.102
38.452	11.229
38.299	11.330
38.153	11.436
37.598	11.839
38.572	11.040
37.737	11.746
POLYLINE BLACK
40.447	9.840
40.084	10.558
39.845	11.227
39.338	11.824
39.211	11.973
39.061	12.101
38.923	12.239
POLYLINE BLACK
42.175	4.839
42.167	5.046
42.152	5.175
42.356	5.270
42.455	5.316
42.543	5.343
42.651	5.353
42.849	5.371
43.149	5.285
43.121	5.037
43.118	5.007
43.115	4.977
43.104	4.949
43.021	4.729
42.935	4.585
42.777	4.397
42.430	3.983
42.356	4.028
42.198	3.703
POLYLINE BLACK
42.325	3.410
41.824	3.291
POLYLINE BLACK
41.791	3.883
42.335	3.020
42.051	3.396
42.617	2.735
POLYLINE BLACK
37.118	13.568
37.135	13.663
37.139	13.773
37.219	13.843
37.538	14.123
37.714	14.292
38.064	14.464
38.174	14.518
38.308	14.557
38.431	14.570
38.624	14.589
38.910	14.529
38.879	14.278
38.874	14.239
38.872	14.198
38.855	14.163
38.760	13.957
38.660	13.753
38.545	13.558
38.367	13.254
38.166	12.964
37.976	12.668
POLYLINE BLACK
38.116	12.451
37.721	12.189
POLYLINE BLACK
37.693	12.601
38.430	11.935
POLYLINE BLACK
22.246	11.682
22.328	11.867
22.403	12.056
22.492	12.238
22.598	12.454
22.784	12.567
23.018	12.511
23.066	12.499
23.115	12.476
23.154	12.447
23.290	12.344
23.335	12.148
23.327	11.986
23.319	11.842
23.267	11.711
23.199	11.584
22.988	11.187
22.925	11.135
22.667	10.809
POLYLINE BLACK
22.777	10.198
22.230	9.798
POLYLINE BLACK
22.264	10.328
23.003	9.439

ELEVATION
STATIONS
0.000	0.000	0
2.760	0.818	1
4.751	0.288	2
5.448	1.513	3
9.234	-2.533	4
11.196	-7.855	5
13.450	-13.682	6
17.157	-20.625	7
18.013	-22.786	8
18.518	-22.901	9
19.943	-24.784	10
20.498	-26.565	11
22.287	-26.452	12
21.504	-27.651	13
21.140	-28.529	14
18.861	-27.324	15
21.272	-22.664	8.1
24.657	-23.157	8.2
24.085	-23.436	8.3
26.439	-23.090	8.4
26.396	-24.878	8.5
29.624	-25.182	8.6
29.821	-26.296	8.7
21.491	-28.709	8.8
31.424	-28.275	8.7.1
29.869	-28.401	8.7.2
31.120	-28.309	8.7.3
29.862	-28.969	8.7.4
30.930	-28.671	8.7.5
31.092	-30.249	8.7.6
30.921	-30.227	8.7.7
33.615	-29.913	8.7.8
34.120	-32.117	8.7.9
31.688	-35.344	8.7.10
30.073	-39.135	8.7.11
29.989	-41.367	8.7.12
30.280	-41.067	8.7.13
30.577	-42.748	8.7.14
-4.782	-3.747	0.1
-5.608	0.020	0.2
-10.650	3.266	0.3
SHOTS
0.000	0.000	-1.080	-0.050
0.000	0.000	-0.626	-0.121
0.000	0.000	0.253	-0.031
0.000	0.000	0.582	-0.036
0.000	0.000	2.133	0.026
0.000	0.000	2.544	0.445
0.000	0.000	2.878	0.455
0.000	0.000	2.846	0.324
0.000	0.000	-0.308	0.040
0.000	0.000	-1.425	0.086
0.000	0.000	-0.875	-0.044
0.000	0.000	1.694	0.246
0.000	0.000	-0.579	-0.068
0.000	0.000	0.178	-1.392
0.000	0.000	1.954	2.548
0.000	0.000	-4.798	-3.761
0.000	0.000	-4.432	-3.458
0.000	0.000	2.760	0.818
2.760	0.818	-0.243	6.225
2.760	0.818	-0.284	6.212
2.760	0.818	3.739	0.801
2.760	0.818	1.945	0.123
2.760	0.818	3.992	-0.861
2.760	0.818	3.700	0.817
2.760	0.818	3.507	0.558
2.760	0.818	4.777	0.280
2.760	0.818	4.751	0.288
4.751	0.288	4.497	0.294
4.751	0.288	3.893	0.225
4.751	0.288	3.557	0.251
4.751	0.288	4.033	0.345
4.751	0.288	4.279	0.929
4.751	0.288	4.822	-0.689
4.751	0.288	4.989	0.391
4.751	0.288	5.378	0.406
4.751	0.288	5.222	0.521
4.751	0.288	4.143	1.896
4.751	0.288	5.104	1.955
4.751	0.288	6.003	2.474
4.751	0.288	4.373	2.285
4.751	0.288	4.107	8.475
4.751	0.288	8.636	5.084
4.751	0.288	7.443	8.541
4.751	0.288	5.448	1.513
5.448	1.513	7.047	1.568
5.448	1.513	7.439	1.618
5.448	1.513	9.068	1.393
5.448	1.513	9.943	1.047
5.448	1.513	6.903	1.275
5.448	1.513	-1.406	19.951
5.448	1.513	-0.573	12.663
5.448	1.513	0.838	8.216
5.448	1.513	9.234	-2.533
9.234	-2.533	6.595	0.823
9.234	-2.533	7.318	-0.677
9.234	-2.533	9.938	-2.928
9.234	-2.533	8.940	3.388
9.234	-2.533	11.750	-1.528
9.234	-2.533	5.938	8.777
9.234	-2.533	11.196	-7.855
11.196	-7.855	12.240	-7.894
11.196	-7.855	13.969	-8.019
11.196	-7.855	12.138	-7.536
11.196	-7.855	10.237	-7.646
11.196	-7.855	12.225	-7.888
11.196	-7.855	13.450	-13.682
13.450	-13.682	12.080	-13.676
13.450	-13.682	17.157	-14.027
13.450	-13.682	12.274	-14.225
13.450	-13.682	14.855	-13.785
13.450	-13.682	16.160	-13.033
13.450	-13.682	15.658	-12.845
13.450	-13.682	17.525	-12.269
13.450	-13.682	18.290	13.571
13.450	-13.682	17.157	-20.625
17.157	-20.625	13.593	-20.672
17.157	-20.625	16.027	-20.652
17.157	-20.625	13.617	-20.270
17.157	-20.625	17.474	-21.102
17.157	-20.625	16.561	-21.959
17.157	-20.625	17.637	-21.440
17.157	-20.625	16.773	-22.190
17.157	-20.625	18.013	-22.786
18.013	-22.786	16.819	-23.194
18.013	-22.786	19.105	-22.590
18.013	-22.786	19.373	-22.680
18.013	-22.786	18.626	-22.084
18.013	-22.786	17.736	-25.079
18.013	-22.786	20.268	-9.757
18.013	-22.786	18.650	-21.367
18.013	-22.786	16.528	-19.160
18.013	-22.786	22.430	-3.058
18.013	-22.786	18.518	-22.901
18.518	-22.901	18.129	-22.785
18.518	-22.901	18.758	-22.972
18.518	-22.901	18.431	-23.304
18.518	-22.901	19.995	-24.758
18.518	-22.901	22.255	-27.648
18.518	-22.901	19.994	-24.740
18.518	-22.901	19.943	-24.784
19.943	-24.784	21.232	-24.243
19.943	-24.784	21.180	-24.303
19.943	-24.784	20.357	-23.716
19.943	-24.784	20.498	-26.565
20.498	-26.565	21.497	-25.945
20.498	-26.565	20.638	-25.728
20.498	-26.565	19.098	-26.345
20.498	-26.565	22.287	-26.452
22.287	-26.452	21.027	-26.369
22.287	-26.452	21.777	-25.715
22.287	-26.452	21.544	-27.175
22.287	-26.452	21.504	-27.651
21.504	-27.651	22.404	-27.496
21.504	-27.651	21.810	-26.963
21.504	-27.651	21.886	-28.214
21.504	-27.651	21.107	-28.727
21.504	-27.651	21.140	-28.529
21.140	-28.529	20.702	-28.461
21.140	-28.529	20.984	-27.913
21.140	-28.529	20.852	-29.147
21.140	-28.529	21.260	-27.957
21.140	-28.529	19.174	-28.239
21.140	-28.529	18.861	-27.324
18.861	-27.324	19.500	-26.308
18.013	-22.786	21.272	-22.664
21.272	-22.664	21.192	-22.966
21.272	-22.664	21.109	-22.768
21.272	-22.664	21.331	-23.315
21.272	-22.664	19.019	-22.058
21.272	-22.664	19.609	-22.781
21.272	-22.664	21.574	-22.706
21.272	-22.664	21.574	-22.706
21.272	-22.664	24.694	-23.147
21.272	-22.664	21.576	-22.707
21.272	-22.664	21.580	-22.707
21.272	-22.664	21.582	-22.710
21.272	-22.664	24.657	-23.157
24.657	-23.157	23.737	-23.329
24.657	-23.157	24.172	-22.509
24.657	-23.157	24.492	-23.393
24.657	-23.157	24.085	-23.436
24.085	-23.436	24.895	-23.353
24.085	-23.436	24.118	-23.800
24.085	-23.436	24.691	-22.839
24.085	-23.436	25.505	-22.869
24.085	-23.436	26.439	-23.090
26.439	-23.090	25.513	-23.301
26.439	-23.090	26.093	-22.709
26.439	-23.090	26.178	-23.590
26.439	-23.090	26.396	-24.878
26.396	-24.878	27.402	-24.882
26.396	-24.878	26.612	-25.405
26.396	-24.878	26.804	-24.583
26.396	-24.878	29.624	-25.182
29.624	-25.182	32.860	-25.479
29.624	-25.182	32.861	-25.485
29.624	-25.182	28.755	-25.075
29.624	-25.182	29.194	-24.676
29.624	-25.182	29.188	-25.542
29.624	-25.182	29.821	-26.296
29.821	-26.296	31.079	-25.943
29.821	-26.296	32.670	-26.428
29.821	-26.296	30.029	-27.020
29.821	-26.296	28.904	-26.767
29.821	-26.296	28.735	-26.427
29.821	-26.296	30.948	-26.815
29.821	-26.296	31.779	-27.525
29.821	-26.296	30.627	-27.920
29.821	-26.296	30.125	-26.954
29.821	-26.296	30.386	-24.377
29.821	-26.296	31.101	-28.819
29.821	-26.296	30.442	-24.440
29.821	-26.296	21.818	-28.580
29.821	-26.296	21.491	-28.709
29.821	-26.296	31.424	-28.275
31.424	-28.275	30.943	-28.859
31.424	-28.275	30.450	-28.047
31.424	-28.275	29.855	-28.405
31.424	-28.275	29.872	-28.392
31.424	-28.275	29.869	-28.401
29.869	-28.401	30.592	-28.388
29.869	-28.401	30.201	-28.133
29.869	-28.401	30.156	-29.017
29.869	-28.401	31.120	-28.309
31.120	-28.309	30.443	-28.309
31.120	-28.309	31.779	-28.699
31.120	-28.309	31.011	-29.144
31.120	-28.309	29.862	-28.969
29.862	-28.969	30.771	-28.831
29.862	-28.969	30.200	-28.059
29.862	-28.969	30.242	-29.351
29.862	-28.969	30.930	-28.671
30.930	-28.671	29.935	-28.524
30.930	-28.671	31.224	-28.727
30.930	-28.671	30.854	-29.503
30.930	-28.671	30.518	-28.018
30.930	-28.671	30.562	-30.039
30.930	-28.671	30.238	-30.345
30.930	-28.671	31.092	-30.249
31.092	-30.249	32.455	-30.200
31.092	-30.249	31.614	-28.373
31.092	-30.249	31.135	-30.902
31.092	-30.249	30.195	-31.059
31.092	-30.249	31.677	-30.456
31.092	-30.249	32.231	-30.480
31.092	-30.249	31.375	-31.191
31.092	-30.249	31.751	-30.953
31.092	-30.249	31.283	-30.966
31.092	-30.249	31.100	-32.872
31.092	-30.249	30.921	-30.227
30.921	-30.227	31.919	-30.197
30.921	-30.227	31.353	-29.773
30.921	-30.227	31.255	-31.140
30.921	-30.227	33.615	-29.913
33.615	-29.913	32.637	-30.074
33.615	-29.913	33.143	-31.318
33.615	-29.913	33.214	-29.465
33.615	-29.913	33.878	-31.809
33.615	-29.913	33.495	-32.062
33.615	-29.913	34.120	-32.117
34.120	-32.117	31.688	-35.344
31.688	-35.344	31.653	-37.729
31.688	-35.344	33.362	-28.944
31.688	-35.344	30.878	-37.414
31.688	-35.344	29.151	-39.491
31.688	-35.344	31.507	-36.641
31.688	-35.344	31.554	-38.053
31.688	-35.344	28.076	-40.260
31.688	-35.344	34.175	-35.462
31.688	-35.344	32.226	-36.530
31.688	-35.344	33.582	-36.292
31.688	-35.344	37.045	-35.204
31.688	-35.344	34.452	-35.850
31.688	-35.344	35.621	-35.252
31.688	-35.344	37.175	-31.997
31.688	-35.344	30.073	-39.135
30.073	-39.135	30.993	-41.147
30.073	-39.135	29.347	-41.355
30.073	-39.135	30.028	-41.124
30.073	-39.135	28.338	-38.985
30.073	-39.135	27.114	-39.360
30.073	-39.135	28.457	-39.163
30.073	-39.135	28.109	-37.955
30.073	-39.135	24.769	-36.035
30.073	-39.135	24.306	-35.579
30.073	-39.135	29.989	-41.367
29.989	-41.367	29.888	-40.946
29.989	-41.367	30.280	-41.067
30.280	-41.067	30.269	-41.365
30.280	-41.067	31.026	-40.823
30.280	-41.067	31.905	-41.593
30.280	-41.067	28.681	-41.578
30.280	-41.067	28.464	-42.228
30.280	-41.067	30.577	-42.748
30.577	-42.748	28.442	-42.396
30.577	-42.748	30.038	-42.020
30.577	-42.748	30.002	-43.309
30.577	-42.748	28.215	-43.307
30.577	-42.748	29.003	-43.424
30.577	-42.748	29.737	-43.127
30.577	-42.748	20.494	-44.884
0.000	0.000	-4.782	-3.747
-4.782	-3.747	-5.608	0.020
-5.608	0.020	-10.650	3.266

