TRIP
DATE 2026-08-19
DECLINATION 0.0
DATA
0		132.10	4.83	5.407	>
0		132.06	4.83	5.393	>
0		132.06	4.87	5.412	>
0	1	132.07	4.84	5.404	>
1		88.67	14.18	8.483	>
1		88.65	14.11	8.452	>
1		88.72	14.08	8.471	>
1		85.50	15.19	9.316	>
1		85.41	15.22	9.320	>
1		85.43	15.13	9.326	>
1	2	85.45	15.18	9.321	>
2		246.30	24.99	7.927	>
2		246.29	24.98	7.928	>
2		246.43	24.99	7.918	>
2	3	246.34	24.99	7.924	>
3		28.68	-21.98	3.375	>
3		50.44	-10.72	3.437	>
3		65.08	-2.18	3.689	>
3		91.98	10.99	1.644	>
3		333.76	24.11	1.673	>
3		127.49	30.06	1.450	>
3		27.75	73.63	1.260	>
3		207.95	50.21	6.135	>
3		208.01	50.31	6.159	>
3		207.94	50.38	6.147	>
3	4	207.97	50.30	6.147	>
4		311.31	4.64	1.449	>
4		316.94	-52.78	1.278	>
4		314.21	-4.02	1.844	>
4		125.26	5.53	0.714	>
4		217.90	39.49	4.132	>
4		217.91	39.60	4.149	>
4		217.82	39.61	4.139	>
4	5	217.88	39.57	4.140	>
5		92.13	-13.96	0.664	>
5		92.32	-81.07	0.915	>
5		57.56	72.60	1.313	>
5		139.93	41.88	4.414	>
5		139.45	41.82	4.366	>
5		139.37	41.76	4.373	>
5	6	139.58	41.82	4.384	>
6		351.79	-86.79	0.770	>
6		216.91	-9.04	0.508	>
6		172.03	-1.09	1.761	>
6		171.86	-1.15	1.758	>
6		171.86	-1.37	1.752	>
6	7	171.92	-1.20	1.757	>
7		190.08	-82.65	2.326	>
7		139.67	-61.07	1.980	>
7		48.24	-73.19	2.444	>
7		308.15	-68.23	2.706	>
7		228.26	-53.16	2.224	>
7		121.32	-8.23	0.898	>
7		33.23	-38.64	0.680	>
7		186.22	60.19	5.080	>
7		186.96	60.69	5.102	>
7		187.00	60.69	5.100	>
7	8	186.73	60.52	5.094	>
8		240.46	-86.13	1.736	>
8		45.69	-28.65	0.708	>
8		338.68	-19.87	0.386	>
8		86.58	-39.14	0.537	>
8		107.23	-7.92	0.384	>
8		174.61	-20.57	1.142	>
8		61.24	-8.02	0.592	>
8		129.35	-25.75	5.273	>
8		129.41	-25.72	5.261	>
8		129.35	-25.78	5.265	>
8	9	129.37	-25.75	5.266	>
9		264.05	-86.28	7.523	>
9		98.83	-66.12	1.791	>
9		253.37	-75.25	1.339	>
9		10.80	-15.58	0.700	>
9		190.14	-22.65	1.389	>
9		229.05	-39.39	6.205	>
9		228.27	-38.39	1.562	>
9		244.64	-31.95	1.918	>
9		229.67	-40.20	6.657	>
9		95.84	-2.03	2.263	>
9		95.88	-2.04	2.261	>
9		95.97	-2.10	2.267	>
9	10	95.90	-2.06	2.264	>
10		96.75	-80.84	1.786	>
10		310.71	-12.46	1.360	>
10		243.35	-12.10	1.517	>
10		189.71	-16.27	2.285	>
10		31.50	-0.47	3.277	>
10		43.97	-54.78	7.468	>
10		51.48	-57.22	4.785	>
10		31.33	-58.40	5.443	>
10		188.19	-59.10	7.148	>
10		172.94	-47.58	4.025	>
10		203.31	-50.86	3.778	>
10		120.09	-0.07	5.646	>
10		120.19	-0.27	5.687	>
10		120.19	-0.21	5.696	>
10	11	120.16	-0.18	5.676	>
11		58.82	-79.18	4.551	>
11		27.25	-64.79	1.486	>
11		94.33	-79.78	1.296	>
11		260.29	3.99	1.998	>
11		98.10	-3.29	0.564	>
11		257.92	63.09	2.041	>
11		227.94	10.11	3.028	>
11		227.81	10.20	3.073	>
11		227.74	10.10	3.040	>
11		227.72	10.12	3.043	>
11	12	227.75	10.14	3.052	>
12		112.77	2.64	0.783	>
12		135.03	64.58	2.996	>
12		159.18	-44.84	2.378	>
12		106.51	-74.64	1.650	>
12		136.54	63.65	2.941	>

PLAN
STATIONS
0.000	0.000	0
3.997	-3.608	1
12.964	-2.894	2
6.385	-5.777	3
4.544	-9.245	4
2.584	-11.764	5
4.703	-14.251	6
4.949	-15.991	7
4.656	-18.480	8
8.323	-21.489	9
10.573	-21.721	10
15.481	-24.573	11
13.257	-26.593	12
SHOTS
0.000	0.000	3.997	-3.608
3.997	-3.608	12.964	-2.894
12.964	-2.894	6.385	-5.777
6.385	-5.777	7.887	-3.031
6.385	-5.777	8.989	-3.626
6.385	-5.777	9.728	-4.223
6.385	-5.777	7.998	-5.833
6.385	-5.777	5.710	-4.407
6.385	-5.777	7.381	-6.541
6.385	-5.777	6.550	-5.463
6.385	-5.777	4.544	-9.245
4.544	-9.245	3.459	-8.291
4.544	-9.245	4.016	-8.680
4.544	-9.245	3.225	-7.962
4.544	-9.245	5.124	-9.655
4.544	-9.245	2.584	-11.764
2.584	-11.764	3.228	-11.788
2.584	-11.764	2.726	-11.770
2.584	-11.764	2.916	-11.553
2.584	-11.764	4.703	-14.251
4.703	-14.251	4.696	-14.209
4.703	-14.251	4.401	-14.653
4.703	-14.251	4.949	-15.991
4.949	-15.991	4.897	-16.284
4.949	-15.991	5.569	-16.721
4.949	-15.991	5.477	-15.520
4.949	-15.991	4.160	-15.371
4.949	-15.991	3.954	-16.878
4.949	-15.991	5.709	-16.453
4.949	-15.991	5.241	-15.546
4.949	-15.991	4.656	-18.480
4.656	-18.480	4.554	-18.538
4.656	-18.480	5.100	-18.046
4.656	-18.480	4.524	-18.142
4.656	-18.480	5.072	-18.455
4.656	-18.480	5.019	-18.593
4.656	-18.480	4.756	-19.545
4.656	-18.480	5.170	-18.198
4.656	-18.480	8.323	-21.489
8.323	-21.489	7.837	-21.540
8.323	-21.489	9.039	-21.600
8.323	-21.489	7.996	-21.587
8.323	-21.489	8.449	-20.827
8.323	-21.489	8.097	-22.751
8.323	-21.489	4.701	-24.632
8.323	-21.489	7.409	-22.304
8.323	-21.489	6.852	-22.186
8.323	-21.489	4.447	-24.779
8.323	-21.489	10.573	-21.721
10.573	-21.721	10.855	-21.755
10.573	-21.721	9.566	-20.855
10.573	-21.721	9.247	-22.387
10.573	-21.721	10.203	-23.883
10.573	-21.721	12.285	-18.927
10.573	-21.721	13.563	-18.622
10.573	-21.721	12.600	-20.108
10.573	-21.721	12.056	-19.285
10.573	-21.721	10.050	-25.355
10.573	-21.721	10.907	-24.416
10.573	-21.721	9.629	-23.911
10.573	-21.721	15.481	-24.573
15.481	-24.573	16.212	-24.131
15.481	-24.573	15.771	-24.010
15.481	-24.573	15.710	-24.590
15.481	-24.573	13.516	-24.909
15.481	-24.573	16.039	-24.652
15.481	-24.573	14.578	-24.766
15.481	-24.573	13.268	-26.570
15.481	-24.573	13.257	-26.593
13.257	-26.593	13.978	-26.895
13.257	-26.593	14.166	-27.502
13.257	-26.593	13.857	-28.169
13.257	-26.593	13.676	-26.717
13.257	-26.593	14.155	-27.540
POLYLINE BLACK
7.776	-2.922
7.776	-2.953
7.779	-2.976
7.770	-3.004
7.744	-3.082
7.651	-3.157
7.591	-3.202
7.564	-3.222
7.535	-3.239
7.506	-3.254
7.391	-3.312
7.275	-3.369
7.157	-3.421
7.111	-3.441
7.061	-3.450
7.015	-3.470
6.964	-3.492
6.918	-3.523
6.867	-3.546
6.828	-3.564
6.786	-3.573
6.747	-3.590
6.666	-3.625
6.589	-3.668
6.508	-3.701
6.400	-3.746
6.369	-3.734
6.290	-3.786
6.236	-3.820
6.153	-3.918
6.127	-3.944
6.099	-3.971
6.066	-3.994
6.039	-4.023
6.021	-4.041
6.007	-4.062
5.993	-4.083
5.938	-4.166
5.890	-4.253
5.833	-4.335
5.812	-4.364
5.785	-4.389
5.761	-4.417
POLYLINE BLACK
7.991	-6.132
7.222	-6.733
8.009	-6.091
7.579	-6.495
7.516	-6.554
7.447	-6.588
7.374	-6.630
POLYLINE BLACK
8.229	-5.911
8.293	-5.869
8.255	-5.896
8.337	-5.826
POLYLINE BLACK
7.895	-6.279
8.182	-5.897
7.957	-6.159
8.387	-5.781
8.401	-5.768
8.410	-5.751
8.422	-5.736
POLYLINE BLACK
5.534	-4.796
5.417	-4.940
5.430	-4.944
5.276	-5.052
4.460	-5.630
5.269	-5.019
4.647	-5.507
4.615	-5.532
4.576	-5.549
4.549	-5.579
4.441	-5.702
4.336	-5.829
4.242	-5.964
4.143	-6.106
4.019	-6.432
3.967	-6.569
3.872	-6.818
3.791	-7.072
3.691	-7.319
3.663	-7.387
3.628	-7.453
3.584	-7.512
3.540	-7.571
3.349	-7.810
3.230	-7.888
3.206	-7.903
3.177	-7.910
3.150	-7.922
POLYLINE BLACK
5.475	-4.843
5.508	-4.831
5.542	-4.821
5.573	-4.807
5.633	-4.781
5.691	-4.725
5.733	-4.681
5.747	-4.666
5.799	-4.607
5.808	-4.570
5.818	-4.532
5.800	-4.494
5.791	-4.457
POLYLINE BLACK
7.380	-6.631
6.747	-7.027
7.109	-6.753
6.478	-7.400
6.409	-7.470
6.339	-7.539
6.267	-7.606
6.214	-7.654
6.153	-7.694
6.104	-7.746
6.027	-7.828
5.963	-7.922
5.890	-8.007
5.863	-8.039
5.829	-8.064
5.805	-8.097
5.633	-8.336
5.594	-8.468
5.457	-8.758
5.442	-8.789
5.424	-8.820
5.412	-8.852
5.387	-8.915
5.371	-8.981
5.346	-9.043
5.337	-9.066
5.323	-9.086
5.310	-9.106
5.246	-9.210
5.177	-9.310
5.115	-9.415
5.102	-9.437
5.094	-9.461
5.086	-9.486
5.069	-9.545
5.062	-9.595
5.063	-9.656
5.064	-9.693
5.069	-9.730
5.072	-9.768
POLYLINE BLACK
4.993	-9.615
4.993	-9.615
POLYLINE BLACK
4.993	-9.620
4.993	-9.620
POLYLINE BLACK
4.947	-9.726
4.914	-9.787
4.827	-9.976
4.749	-10.049
4.651	-10.139
4.550	-10.225
4.446	-10.308
3.971	-10.687
3.911	-10.675
3.578	-11.032
3.555	-11.057
3.537	-11.086
3.522	-11.116
3.458	-11.242
3.458	-11.269
3.416	-11.374
3.291	-11.682
3.570	-10.879
3.231	-11.918
POLYLINE BLACK
3.185	-8.106
3.305	-8.638
3.325	-8.642
3.309	-9.408
3.306	-9.534
3.260	-9.654
3.230	-9.776
3.116	-10.251
3.195	-9.902
3.070	-10.281
3.021	-10.428
2.984	-10.578
2.934	-10.725
2.885	-10.849
2.837	-10.973
2.788	-11.097
2.775	-11.121
2.760	-11.144
2.749	-11.170
2.729	-11.217
2.619	-11.577
2.508	-11.731
2.492	-11.752
2.466	-11.774
2.448	-11.792
POLYLINE BLACK
3.170	-8.090
3.225	-7.823
POLYLINE BLACK
2.462	-11.789
2.514	-11.927
2.569	-12.154
2.670	-12.304
2.680	-12.320
2.691	-12.336
2.706	-12.349
2.781	-12.418
2.866	-12.478
2.939	-12.551
3.020	-12.632
3.436	-13.121
3.487	-13.183
3.577	-13.293
3.677	-13.398
3.750	-13.520
3.870	-13.719
3.955	-13.936
4.062	-14.141
4.104	-14.222
4.125	-14.237
4.171	-14.302
4.208	-14.353
4.245	-14.404
4.279	-14.458
4.292	-14.478
4.318	-14.558
4.326	-14.574
4.341	-14.604
4.360	-14.631
4.376	-14.660
POLYLINE BLACK
3.212	-12.003
3.279	-12.195
3.240	-12.105
3.390	-12.365
3.433	-12.438
3.476	-12.512
3.521	-12.583
3.535	-12.605
3.553	-12.624
3.569	-12.645
3.679	-12.782
3.792	-12.917
3.898	-13.057
3.934	-13.103
3.960	-13.156
3.995	-13.204
4.025	-13.245
4.261	-13.543
4.305	-13.619
4.383	-13.752
4.449	-13.892
4.521	-14.027
4.540	-14.062
4.560	-14.096
4.579	-14.130
4.597	-14.161
4.617	-14.191
4.633	-14.222
4.646	-14.248
4.656	-14.300
4.661	-14.326
POLYLINE BLACK
3.180	-12.042
3.207	-11.936
3.199	-11.982
3.208	-11.905
POLYLINE BLACK
4.380	-14.791
4.383	-14.812
4.388	-14.832
4.388	-14.852
4.386	-14.890
4.379	-14.975
4.362	-15.024
4.359	-15.032
4.355	-15.039
4.352	-15.046
4.288	-15.164
4.316	-15.132
4.278	-15.174
POLYLINE BLACK
4.337	-14.624
4.392	-14.790
4.373	-14.711
4.399	-14.859
POLYLINE BLACK
4.313	-15.195
4.249	-15.398
4.287	-15.299
4.144	-15.579
4.103	-15.660
4.120	-15.569
4.077	-15.731
4.038	-15.880
4.005	-16.031
3.973	-16.181
3.942	-16.332
3.931	-16.393
3.935	-16.535
3.935	-16.552
3.936	-16.569
3.943	-16.584
3.987	-16.688
4.034	-16.791
4.086	-16.892
4.102	-16.924
4.140	-16.970
4.171	-16.996
4.225	-17.041
4.271	-17.069
4.339	-17.099
4.373	-17.114
4.408	-17.128
4.445	-17.136
4.484	-17.145
4.523	-17.149
4.563	-17.149
4.720	-17.149
4.789	-17.138
4.934	-17.092
4.984	-17.076
5.035	-17.059
5.082	-17.035
5.194	-16.975
5.300	-16.905
5.409	-16.841
5.506	-16.783
5.343	-16.889
5.530	-16.760
5.540	-16.753
5.550	-16.748
5.560	-16.741
5.573	-16.731
5.581	-16.721
5.591	-16.709
POLYLINE BLACK
5.558	-16.729
5.593	-16.681
5.628	-16.634
5.663	-16.586
5.668	-16.576
5.675	-16.566
5.678	-16.555
5.685	-16.537
5.689	-16.518
5.693	-16.500
5.700	-16.459
5.685	-16.400
5.678	-16.369
5.674	-16.347
5.668	-16.326
5.661	-16.305
5.655	-16.287
5.644	-16.271
5.639	-16.253
5.624	-16.187
5.618	-16.119
5.601	-16.054
5.592	-16.017
5.549	-15.919
5.536	-15.871
5.533	-15.858
5.531	-15.844
5.530	-15.831
5.527	-15.767
5.528	-15.703
5.525	-15.640
5.525	-15.635
5.524	-15.583
5.508	-15.568
5.504	-15.564
5.493	-15.559
5.487	-15.558
5.456	-15.557
5.425	-15.554
5.394	-15.555
5.340	-15.559
5.286	-15.568
5.233	-15.573
5.229	-15.573
5.225	-15.573
5.221	-15.572
5.215	-15.572
5.209	-15.570
5.204	-15.567
5.174	-15.550
5.177	-15.552
5.150	-15.531
POLYLINE BLACK
5.166	-15.570
5.161	-15.565
5.154	-15.561
5.149	-15.556
5.117	-15.520
5.087	-15.455
5.076	-15.418
5.054	-15.344
5.044	-15.267
5.029	-15.191
5.021	-15.149
5.013	-15.107
5.006	-15.065
4.999	-15.027
4.995	-14.989
4.987	-14.952
4.976	-14.904
4.961	-14.857
4.948	-14.809
4.946	-14.801
4.945	-14.793
4.942	-14.785
4.895	-14.636
4.890	-14.610
4.822	-14.477
4.811	-14.455
4.796	-14.434
4.783	-14.413
4.779	-14.406
4.775	-14.398
4.771	-14.391
4.719	-14.314
4.667	-14.237
4.614	-14.159
POLYLINE GREEN
5.029	-18.601
5.036	-18.594
5.043	-18.588
5.050	-18.581
5.053	-18.577
5.056	-18.573
5.058	-18.569
5.071	-18.549
5.083	-18.528
5.096	-18.508
5.161	-18.409
5.152	-18.440
5.197	-18.320
5.204	-18.301
5.210	-18.283
5.212	-18.263
5.218	-18.204
5.209	-18.147
5.196	-18.089
5.187	-18.052
5.178	-18.021
5.160	-17.989
5.151	-17.973
5.143	-17.966
5.130	-17.953
POLYLINE GREEN
4.497	-18.163
4.508	-18.123
4.523	-18.084
4.529	-18.044
4.546	-17.934
4.546	-17.825
4.534	-17.716
4.531	-17.690
4.523	-17.665
4.518	-17.639
POLYLINE GREEN
5.127	-18.008
5.117	-17.873
5.101	-17.738
5.097	-17.602
5.092	-17.438
5.095	-17.299
5.147	-17.147
5.177	-17.060
5.216	-16.977
5.252	-16.893
5.294	-16.794
5.251	-16.917
5.283	-16.820
POLYLINE GREEN
4.477	-17.721
4.486	-17.694
4.499	-17.667
4.505	-17.639
4.546	-17.424
4.546	-17.346
4.520	-17.114
4.505	-16.976
4.499	-16.967
4.464	-16.878
POLYLINE GREEN
8.289	-20.886
7.896	-21.011
8.539	-20.815
7.947	-20.955
7.809	-20.988
7.600	-21.035
7.456	-21.117
7.411	-21.143
7.329	-21.217
7.300	-21.241
7.226	-21.299
7.117	-21.358
7.067	-21.448
7.048	-21.483
7.039	-21.522
7.034	-21.561
7.027	-21.611
7.010	-21.723
7.027	-21.788
7.070	-21.955
7.101	-22.104
7.185	-22.250
7.236	-22.339
7.326	-22.426
7.407	-22.481
7.455	-22.514
7.700	-22.665
7.818	-22.694
7.955	-22.729
8.081	-22.728
8.223	-22.707
8.296	-22.696
8.368	-22.674
8.439	-22.652
8.463	-22.645
8.488	-22.634
8.509	-22.619
8.691	-22.492
8.871	-22.362
9.048	-22.229
9.069	-22.213
9.087	-22.192
9.104	-22.172
9.163	-22.098
9.219	-21.945
9.240	-21.886
9.267	-21.809
9.293	-21.675
9.273	-21.590
9.261	-21.542
9.247	-21.494
9.230	-21.448
9.220	-21.422
9.207	-21.398
9.192	-21.375
9.157	-21.319
9.101	-21.225
9.039	-21.175
9.003	-21.146
8.966	-21.119
8.927	-21.094
8.908	-21.082
8.888	-21.073
8.868	-21.066
8.533	-20.964
8.605	-20.991
8.235	-20.954
POLYLINE GREEN
4.532	-18.606
4.553	-18.953
4.539	-18.981
4.599	-19.268
4.603	-19.285
4.609	-19.301
4.617	-19.316
4.677	-19.417
4.742	-19.514
4.805	-19.613
POLYLINE GREEN
4.550	-18.056
4.560	-18.251
4.571	-18.446
4.581	-18.640
4.586	-18.666
4.589	-18.693
4.596	-18.718
4.605	-18.752
4.624	-18.780
4.641	-18.810
POLYLINE GREEN
6.303	-19.664
6.458	-19.800
6.623	-19.946
6.780	-20.077
6.791	-20.086
6.806	-20.092
6.819	-20.100
6.841	-20.113
6.865	-20.123
6.886	-20.138
6.967	-20.195
7.041	-20.261
7.125	-20.314
7.178	-20.347
7.240	-20.367
7.297	-20.395
7.323	-20.408
7.348	-20.425
7.375	-20.437
7.429	-20.460
7.486	-20.474
7.539	-20.499
7.598	-20.527
7.654	-20.562
7.711	-20.594
7.775	-20.618
7.840	-20.640
7.903	-20.668
7.958	-20.692
8.011	-20.723
8.066	-20.747
8.122	-20.772
8.181	-20.790
8.238	-20.814
8.271	-20.829
8.303	-20.849
8.336	-20.864
8.368	-20.878
8.447	-20.882
8.463	-20.884
POLYLINE GREEN
5.565	-19.202
5.736	-19.302
5.907	-19.403
6.079	-19.504
6.123	-19.526
6.170	-19.545
6.212	-19.572
6.272	-19.612
6.326	-19.660
6.384	-19.704
POLYLINE GREEN
5.188	-18.744
5.058	-18.544
POLYLINE GREEN
5.228	-18.739
5.433	-18.973
5.608	-19.237
5.859	-19.422
5.878	-19.436
5.901	-19.446
5.922	-19.458
POLYLINE GREEN
5.133	-19.864
5.442	-20.134
5.469	-20.130
5.660	-20.351
5.669	-20.361
5.675	-20.373
5.683	-20.384
5.697	-20.400
5.711	-20.416
5.726	-20.432
POLYLINE GREEN
5.168	-19.854
4.908	-19.721
5.087	-19.825
4.681	-19.468
POLYLINE GREEN
5.721	-20.532
5.896	-20.724
6.072	-20.916
6.248	-21.108
6.261	-21.129
6.276	-21.149
6.287	-21.172
6.336	-21.268
6.370	-21.372
6.426	-21.465
6.497	-21.583
6.712	-21.818
6.769	-22.003
6.795	-22.089
6.796	-22.164
6.800	-22.250
POLYLINE GREEN
7.416	-22.361
7.308	-22.553
7.141	-22.709
6.958	-22.828
6.896	-22.868
6.828	-22.900
6.764	-22.937
6.541	-23.068
6.634	-23.017
6.422	-23.161
6.400	-23.176
6.377	-23.187
6.356	-23.203
6.167	-23.340
6.290	-23.258
6.103	-23.428
6.075	-23.453
6.044	-23.474
6.014	-23.497
POLYLINE GREEN
6.757	-22.251
6.775	-22.396
6.778	-22.354
6.761	-22.515
6.760	-22.525
6.758	-22.535
6.754	-22.545
6.742	-22.571
6.728	-22.597
6.713	-22.621
6.688	-22.660
6.583	-22.747
6.577	-22.752
6.502	-22.811
6.426	-22.868
6.347	-22.921
6.305	-22.948
6.256	-22.962
6.216	-22.992
6.151	-23.039
6.092	-23.094
6.033	-23.149
5.977	-23.202
5.855	-23.367
5.830	-23.403
5.816	-23.423
5.807	-23.445
5.794	-23.465
5.786	-23.478
5.775	-23.489
5.767	-23.501
5.746	-23.533
5.730	-23.567
5.709	-23.599
5.691	-23.626
5.666	-23.642
5.641	-23.661
POLYLINE GREEN
6.046	-23.508
6.021	-23.531
5.997	-23.555
5.971	-23.577
5.430	-24.027
6.125	-23.418
5.457	-24.038
5.429	-24.064
5.390	-24.076
5.356	-24.092
5.338	-24.101
5.321	-24.111
5.303	-24.121
POLYLINE GREEN
5.321	-24.107
5.276	-24.182
5.298	-24.148
5.151	-24.272
5.063	-24.347
4.969	-24.413
4.880	-24.486
4.855	-24.507
4.833	-24.531
4.809	-24.553
4.781	-24.575
4.752	-24.596
4.723	-24.619
4.716	-24.625
4.709	-24.633
4.702	-24.639
4.693	-24.647
4.683	-24.653
4.675	-24.660
4.665	-24.670
4.649	-24.694
4.633	-24.703
4.616	-24.713
4.608	-24.715
4.591	-24.721
POLYLINE GREEN
5.636	-23.632
5.620	-23.665
5.604	-23.709
5.578	-23.740
5.570	-23.749
5.562	-23.759
5.553	-23.766
5.525	-23.788
5.496	-23.807
5.468	-23.828
5.445	-23.846
5.424	-23.867
5.401	-23.884
5.352	-23.920
5.299	-23.951
5.250	-23.988
5.226	-24.006
5.205	-24.029
5.183	-24.050
5.141	-24.086
5.119	-24.100
5.082	-24.141
5.038	-24.190
5.000	-24.245
4.953	-24.291
4.881	-24.359
4.801	-24.417
4.726	-24.482
4.713	-24.493
4.703	-24.508
4.690	-24.519
4.659	-24.547
4.625	-24.572
4.595	-24.600
4.549	-24.641
4.559	-24.638
4.524	-24.686
4.522	-24.689
4.519	-24.691
4.516	-24.694
4.506	-24.703
4.500	-24.707
4.494	-24.717
4.471	-24.755
4.493	-24.726
4.466	-24.759
POLYLINE BLUE
9.504	-20.912
9.390	-20.937
9.279	-20.977
9.164	-20.986
9.040	-20.995
8.916	-20.977
8.793	-20.966
8.622	-20.950
8.559	-20.932
8.409	-20.898
POLYLINE BLUE
8.113	-22.735
8.159	-22.729
8.206	-22.728
8.251	-22.715
8.614	-22.608
8.400	-22.660
8.574	-22.585
8.691	-22.534
8.967	-22.430
9.048	-22.408
9.112	-22.391
9.179	-22.389
9.244	-22.380
POLYLINE BLUE
9.662	-20.889
9.776	-20.829
9.890	-20.769
10.004	-20.710
10.041	-20.695
10.080	-20.683
10.116	-20.666
10.871	-20.277
10.077	-20.680
10.782	-20.338
10.840	-20.310
11.206	-20.127
11.289	-20.073
11.498	-19.935
11.468	-19.921
11.640	-19.724
11.959	-19.358
11.569	-19.834
11.837	-19.495
12.330	-18.874
11.733	-19.650
12.062	-19.184
12.089	-19.145
12.123	-19.110
12.154	-19.073
12.168	-19.056
12.217	-19.004
12.231	-18.973
12.237	-18.958
12.240	-18.942
12.245	-18.927
POLYLINE BLUE
12.227	-18.895
12.191	-19.023
12.122	-19.231
12.113	-19.377
12.108	-19.452
12.114	-19.528
12.120	-19.603
12.125	-19.652
12.146	-19.748
12.172	-19.796
12.238	-19.919
12.238	-19.904
12.306	-19.990
12.322	-20.010
12.326	-20.023
12.347	-20.038
12.470	-20.125
12.498	-20.144
12.631	-20.205
12.642	-20.210
12.654	-20.213
12.666	-20.214
12.724	-20.222
12.783	-20.231
12.842	-20.234
12.861	-20.235
12.968	-20.234
13.006	-20.217
13.114	-20.170
13.218	-20.109
13.309	-20.036
13.352	-20.001
13.391	-19.962
13.427	-19.921
13.541	-19.789
13.596	-19.718
13.660	-19.567
13.704	-19.463
13.724	-19.304
13.731	-19.206
13.735	-19.155
13.747	-18.966
13.724	-18.872
13.714	-18.833
13.692	-18.785
13.669	-18.751
13.647	-18.719
13.607	-18.679
13.571	-18.664
13.528	-18.645
13.485	-18.627
13.440	-18.611
13.427	-18.606
13.413	-18.603
13.399	-18.602
13.336	-18.596
13.273	-18.588
13.210	-18.589
13.152	-18.589
13.094	-18.591
13.038	-18.604
12.804	-18.661
12.587	-18.744
12.377	-18.862
12.163	-19.010
12.252	-18.961
12.122	-19.028
POLYLINE BLUE
10.226	-23.865
10.209	-23.870
10.192	-23.877
10.175	-23.881
10.165	-23.883
10.155	-23.884
10.145	-23.884
10.039	-23.883
9.933	-23.878
9.826	-23.878
9.805	-23.878
9.775	-23.887
9.756	-23.896
9.698	-23.922
9.601	-23.959
9.540	-24.008
9.481	-24.056
9.432	-24.194
9.419	-24.236
9.384	-24.349
9.351	-24.512
9.357	-24.637
9.358	-24.663
9.370	-24.835
9.399	-24.901
9.457	-25.030
9.518	-25.088
9.625	-25.206
9.642	-25.225
9.662	-25.243
9.684	-25.256
9.744	-25.293
9.807	-25.326
9.870	-25.357
9.919	-25.382
10.033	-25.393
10.065	-25.395
10.216	-25.406
10.447	-25.333
10.550	-25.307
10.599	-25.295
10.648	-25.263
10.688	-25.234
10.792	-25.155
10.843	-25.038
10.895	-24.921
10.930	-24.842
10.949	-24.752
10.955	-24.667
10.959	-24.624
10.952	-24.542
10.935	-24.499
10.887	-24.368
10.823	-24.278
10.736	-24.163
10.699	-24.115
10.579	-24.034
10.543	-24.018
10.280	-23.905
10.283	-23.913
10.081	-23.887
POLYLINE BLUE
9.151	-22.373
9.341	-22.477
9.577	-22.563
9.716	-22.744
9.727	-22.758
9.744	-22.792
9.747	-22.809
9.766	-22.928
9.790	-23.047
9.797	-23.167
9.805	-23.307
9.792	-23.622
9.752	-23.781
9.737	-23.841
9.709	-23.897
9.683	-23.953
9.628	-24.067
9.601	-24.101
9.537	-24.194
POLYLINE BLUE
15.748	-24.031
15.587	-24.138
15.600	-24.113
15.485	-24.249
15.466	-24.270
15.444	-24.309
15.435	-24.338
15.410	-24.423
15.422	-24.514
15.455	-24.595
15.469	-24.633
15.506	-24.670
15.539	-24.692
15.571	-24.713
15.604	-24.735
15.640	-24.751
15.704	-24.781
15.774	-24.801
15.845	-24.804
15.875	-24.806
15.906	-24.802
15.937	-24.799
15.951	-24.798
15.965	-24.795
15.980	-24.791
15.989	-24.789
15.998	-24.786
16.006	-24.781
16.090	-24.727
16.173	-24.673
16.254	-24.615
16.270	-24.603
16.283	-24.588
16.295	-24.573
16.334	-24.527
16.352	-24.479
16.362	-24.421
16.365	-24.406
16.366	-24.390
16.365	-24.375
16.364	-24.342
16.361	-24.310
16.356	-24.278
16.349	-24.235
16.332	-24.190
16.295	-24.164
16.245	-24.127
16.182	-24.105
16.124	-24.086
15.920	-24.021
16.037	-24.064
15.898	-24.036
15.874	-24.032
15.851	-24.024
15.827	-24.018
POLYLINE BLUE
11.545	-24.382
11.967	-24.443
12.390	-24.503
12.812	-24.564
12.893	-24.582
12.975	-24.594
13.054	-24.618
13.185	-24.657
13.260	-24.718
13.383	-24.779
13.434	-24.804
13.487	-24.825
13.539	-24.847
POLYLINE BLUE
11.736	-24.517
11.709	-24.520
11.682	-24.529
11.654	-24.527
11.543	-24.523
11.433	-24.506
11.322	-24.501
11.300	-24.500
11.277	-24.502
11.256	-24.507
11.104	-24.542
11.142	-24.553
10.974	-24.619
10.941	-24.632
10.905	-24.638
10.871	-24.648
POLYLINE BLUE
13.429	-24.865
13.470	-24.886
13.513	-24.902
13.552	-24.927
13.641	-24.982
13.721	-25.065
13.753	-25.167
13.774	-25.233
13.773	-25.321
13.770	-25.383
13.767	-25.423
13.748	-25.511
13.726	-25.548
13.626	-25.726
13.541	-25.803
13.403	-25.976
13.369	-26.018
13.333	-26.060
13.305	-26.106
13.250	-26.195
13.232	-26.274
13.210	-26.372
13.169	-26.553
13.173	-26.482
13.179	-26.617
POLYLINE BLUE
12.445	-20.271
12.434	-20.669
12.370	-20.856
12.543	-21.186
12.613	-21.321
12.751	-21.507
12.875	-21.609
13.030	-21.738
13.198	-21.850
13.357	-21.974
13.380	-21.992
13.397	-22.016
13.420	-22.034
13.453	-22.061
13.492	-22.081
13.525	-22.109
13.608	-22.179
13.685	-22.257
13.768	-22.327
13.829	-22.379
13.895	-22.426
13.959	-22.476
14.470	-22.941
14.975	-23.413
15.493	-23.871
15.557	-23.927
15.635	-23.967
15.703	-24.018
15.717	-24.028
15.730	-24.041
15.740	-24.055
15.784	-24.116
15.825	-24.179
15.867	-24.241
POLYLINE BLUE
16.049	-24.707
15.792	-24.902
15.535	-25.098
15.278	-25.293
15.227	-25.323
15.173	-25.347
15.125	-25.381
15.040	-25.443
14.955	-25.508
14.879	-25.580
14.399	-26.033
14.636	-25.820
14.451	-26.032
14.431	-26.055
14.408	-26.075
14.389	-26.099
14.321	-26.190
14.260	-26.287
14.191	-26.378
14.170	-26.405
14.141	-26.425
14.120	-26.453
14.017	-26.594
13.998	-26.668
13.919	-26.838
13.915	-26.847
13.909	-26.855
13.905	-26.864
13.892	-26.896
13.882	-26.940
13.889	-26.975
13.892	-26.993
13.898	-27.011
13.903	-27.030
POLYLINE BLUE
13.917	-27.034
13.920	-27.059
13.920	-27.118
13.933	-27.151
13.945	-27.184
13.962	-27.212
13.985	-27.239
14.020	-27.282
14.056	-27.323
14.094	-27.363
14.122	-27.392
14.155	-27.417
14.183	-27.447
14.217	-27.483
14.241	-27.534
14.262	-27.577
14.270	-27.595
14.273	-27.616
14.270	-27.635
14.265	-27.669
14.243	-27.697
14.222	-27.723
14.191	-27.759
14.158	-27.793
14.127	-27.829
14.122	-27.835
14.114	-27.853
14.113	-27.859
14.108	-27.906
14.105	-27.953
14.100	-27.999
14.099	-28.006
14.096	-28.013
14.094	-28.020
14.087	-28.043
14.092	-28.028
14.102	-28.078

ELEVATION
STATIONS
0.000	0.000	0
3.997	0.456	1
12.964	2.897	2
6.385	6.245	3
4.544	10.974	4
2.584	13.611	5
4.703	16.535	6
4.949	16.498	7
4.656	20.932	8
8.323	18.644	9
10.573	18.563	10
15.481	18.545	11
13.257	19.082	12
SHOTS
0.000	0.000	3.997	0.456
3.997	0.456	12.964	2.897
12.964	2.897	6.385	6.245
6.385	6.245	7.887	4.981
6.385	6.245	8.989	5.605
6.385	6.245	9.728	6.104
6.385	6.245	7.998	6.558
6.385	6.245	5.710	6.928
6.385	6.245	7.381	6.971
6.385	6.245	6.550	7.454
6.385	6.245	4.544	10.974
4.544	10.974	3.459	11.091
4.544	10.974	4.016	9.956
4.544	10.974	3.225	10.845
4.544	10.974	5.124	11.043
4.544	10.974	2.584	13.611
2.584	13.611	3.228	13.451
2.584	13.611	2.726	12.707
2.584	13.611	2.916	14.864
2.584	13.611	4.703	16.535
4.703	16.535	4.696	15.766
4.703	16.535	4.401	16.455
4.703	16.535	4.949	16.498
4.949	16.498	4.897	14.191
4.949	16.498	5.569	14.765
4.949	16.498	5.477	14.158
4.949	16.498	4.160	13.985
4.949	16.498	3.954	14.718
4.949	16.498	5.709	16.369
4.949	16.498	5.241	16.073
4.949	16.498	4.656	20.932
4.656	20.932	4.554	19.200
4.656	20.932	5.100	20.593
4.656	20.932	4.524	20.801
4.656	20.932	5.072	20.593
4.656	20.932	5.019	20.879
4.656	20.932	4.756	20.531
4.656	20.932	5.170	20.850
4.656	20.932	8.323	18.644
8.323	18.644	7.837	11.137
8.323	18.644	9.039	17.007
8.323	18.644	7.996	17.350
8.323	18.644	8.449	18.456
8.323	18.644	8.097	18.110
8.323	18.644	4.701	14.707
8.323	18.644	7.409	17.675
8.323	18.644	6.852	17.630
8.323	18.644	4.447	14.347
8.323	18.644	10.573	18.563
10.573	18.563	10.855	16.800
10.573	18.563	9.566	18.270
10.573	18.563	9.247	18.245
10.573	18.563	10.203	17.923
10.573	18.563	12.285	18.536
10.573	18.563	13.563	12.462
10.573	18.563	12.600	14.540
10.573	18.563	12.056	13.927
10.573	18.563	10.050	12.430
10.573	18.563	10.907	15.592
10.573	18.563	9.629	15.633
10.573	18.563	15.481	18.545
15.481	18.545	16.212	14.075
15.481	18.545	15.771	17.200
15.481	18.545	15.710	17.269
15.481	18.545	13.516	18.684
15.481	18.545	16.039	18.513
15.481	18.545	14.578	20.365
15.481	18.545	13.268	19.076
15.481	18.545	13.257	19.082
13.257	19.082	13.978	19.118
13.257	19.082	14.166	21.788
13.257	19.082	13.857	17.405
13.257	19.082	13.676	17.491
13.257	19.082	14.155	21.718

