TRIP
DATE 2026-08-09
DECLINATION 0.0
DATA
0		254.15	19.45	0.843	>
0		256.72	23.36	0.805	>
0	1	125.17	-61.94	3.325	>
1	2	138.90	-83.59	11.726	>
2	3	187.63	-79.96	11.426	>
3		358.36	1.85	5.220	>
3		9.54	-1.91	4.073	>
3		347.12	-3.75	1.933	>
3		157.42	3.32	3.896	>
3		116.32	0.20	4.372	>
3		160.85	4.05	3.729	>
3		70.16	-8.19	2.896	>
3		226.60	-87.78	7.739	>
3		227.42	-87.75	7.737	>
3		227.01	-87.79	7.737	>
3	4	227.01	-87.78	7.738	>
4		155.53	17.67	4.486	>
4		165.45	23.42	4.839	>
4		173.79	32.18	2.847	>
4		77.74	10.46	3.053	>
4		15.07	10.71	4.416	>
4		161.34	20.35	5.454	>
4		161.39	20.40	5.446	>
4		161.47	20.43	5.453	>
4	5	161.40	20.39	5.451	>
5		349.16	-76.71	1.414	>
5		269.12	-0.76	0.187	>
5		69.86	3.75	0.569	>
5		74.16	-80.23	9.491	>
5		133.24	-79.09	11.049	>
5		132.57	-84.43	11.216	>
5		43.90	-82.06	10.703	>
5		164.21	-60.97	2.204	>
5		185.70	-16.70	2.107	>
5		185.67	-16.68	2.102	>
5		185.64	-16.47	2.129	>
5	6	185.67	-16.62	2.113	>
6		274.77	73.84	0.909	>
6		266.29	44.53	0.626	>
6		69.55	38.51	0.154	>
6		112.43	-86.56	0.920	>
6		180.28	4.50	2.113	>
6		180.25	4.25	2.113	>
6		180.28	4.30	2.112	>
6	7	180.27	4.35	2.113	>
7		329.02	2.08	0.507	>
7		306.05	57.89	0.483	>
7		12.00	-80.85	1.817	>
7		256.55	-3.99	1.764	>
7		255.87	-28.41	2.143	>
7		249.29	-45.60	1.935	>
7		249.27	-45.68	1.932	>
7		249.51	-45.87	1.949	>
7	8	249.36	-45.72	1.939	>
8		314.80	-1.96	0.672	>
8		137.37	-79.46	1.497	>
8		322.20	80.90	1.947	>
8		190.29	-13.86	1.125	>
8		190.32	-13.85	1.124	>
8		190.31	-13.84	1.124	>
8	9	190.31	-13.85	1.124	>
9		70.40	2.47	0.176	>
9		147.39	83.46	1.050	>
9		355.55	-76.44	0.447	>
9		4.32	-84.40	1.123	>
9		169.66	-5.71	3.417	>
9		169.85	-5.57	3.463	>
9		169.65	-5.59	3.485	>
9		169.96	-5.59	3.475	>
9	10	169.82	-5.58	3.474	>
10		272.96	-13.55	0.317	>
10		276.88	72.68	0.883	>
10		106.44	-71.75	1.423	>
10		41.92	-69.67	1.222	>
10		46.48	-81.85	0.938	>
10		109.63	-75.58	3.152	>
10		191.97	-13.65	2.439	>
10		192.01	-13.69	2.437	>
10		191.91	-13.69	2.439	>
10	11	191.96	-13.68	2.438	>
11		78.14	5.78	0.477	>
11		80.39	84.62	1.555	>
11		150.45	13.18	1.610	>
11		148.78	-81.58	11.903	>
11		197.56	-76.38	6.674	>
11		197.62	-76.48	6.679	>
11		197.76	-76.51	6.684	>
11	12	197.65	-76.46	6.679	>
12		62.56	-6.66	3.291	>
12		37.32	3.33	2.739	>
12		113.90	5.50	2.739	>
12		57.01	-75.98	2.005	>
12		18.77	-34.42	2.215	>
12		94.21	-70.50	5.343	>
12		138.93	-57.06	4.159	>
12		138.94	-57.19	4.156	>
12		138.92	-57.11	4.159	>
12	13	138.93	-57.12	4.158	>
13		189.94	-12.67	1.564	>
13		355.45	11.65	3.137	>
13		37.54	16.37	4.681	>
13		79.69	16.16	1.226	>
13		187.43	-23.36	1.681	>
13		200.39	-28.65	1.630	>
13		194.13	-18.06	1.544	>
13		192.66	-41.11	1.676	>
13		30.60	10.71	5.108	>
13		30.58	10.73	5.091	>
13		30.53	10.76	5.094	>
13		340.19	-8.84	4.740	>
13		354.55	-4.91	3.165	>
13		354.56	-5.02	3.166	>
13		354.52	-4.99	3.166	>
13	14	30.57	10.73	5.098	>
14		293.59	3.84	0.386	>
14		212.32	19.63	0.816	>
14		2.11	1.42	1.440	>
14		12.79	-6.73	0.520	>
14		334.56	-18.25	0.734	>
14		357.35	-24.09	1.626	>
14		357.29	-23.98	1.626	>
14		357.21	-24.08	1.626	>
14	15	357.28	-24.05	1.626	>
15		82.86	-83.45	1.554	>
15		121.15	-3.82	0.976	>
15		98.93	-2.59	1.620	>
15		147.72	75.09	2.890	>
15		109.45	-0.33	3.082	>
15		109.45	-0.38	3.084	>
15		109.47	-0.38	3.096	>
15	16	109.46	-0.36	3.087	>
16		218.55	0.82	0.736	>
16		254.84	51.87	1.726	>
16		145.86	-55.99	2.849	>
16		160.36	2.57	3.985	>
16		160.46	2.33	3.990	>
16		160.48	2.31	3.987	>
16	17	160.43	2.40	3.987	>
17		285.59	-2.60	0.350	>
17		53.09	-80.35	0.575	>
17		219.07	-13.17	0.840	>
17		186.50	-45.03	2.500	>
17		268.96	0.16	0.357	>
17		251.42	63.65	0.321	>
17		206.53	-68.02	0.625	>
17		321.70	-69.08	0.126	>
17		329.85	-74.23	0.129	>
13	13.1	354.54	-4.97	3.166	>
13.1		236.74	-12.54	1.265	>
13.1		189.42	-59.76	3.977	>
13.1		131.95	-54.58	1.302	>
13.1		163.33	-46.72	2.193	>
13.1		167.34	-60.80	5.416	>
13.1		167.26	-60.83	5.433	>
13.1		167.25	-60.82	5.410	>
13.1	13.2	167.29	-60.82	5.420	>
13.2		285.01	-0.95	0.537	>
13.2		286.80	-81.35	2.104	>
13.2		190.63	13.59	2.893	>
13.2		190.62	13.50	2.895	>
13.2		190.70	13.61	2.901	>
13.2	13.3	190.65	13.57	2.896	>
13.3		236.87	2.55	0.638	>
13.3		149.19	36.64	3.213	>
13.3		149.32	36.67	3.212	>
13.3		149.36	36.68	3.239	>
13.3		1.40	-29.81	3.199	>
13.3		1.39	-29.69	3.187	>
13.3		1.52	-29.71	3.184	>
13.3	13.4	149.29	36.66	3.221	>
13.4		324.72	-1.24	2.983	>
13.4		280.80	-5.52	1.575	>
13.4		59.87	37.99	2.959	>
13.4		59.91	38.01	2.957	>
13.4		59.88	37.94	2.944	>
13.4	13.5	59.89	37.98	2.953	>
13.5		12.24	41.35	1.821	>
13.5		191.75	80.28	1.470	>
13.5		83.95	58.11	2.875	>
13.5	13.6	326.06	81.26	8.797	>
13.3	13.3.1	1.43	-29.73	3.190	>
13.3.1		226.63	-2.28	0.375	>
13.3.1		283.83	-12.68	0.551	>
13.3.1		276.02	-75.93	3.079	>
13.3.1		278.83	-42.11	1.684	>
13.3.1		278.86	-42.11	1.666	>
13.3.1		278.75	-42.05	1.670	>
13.3.1	13.3.2	278.81	-42.09	1.673	>
13.3.2		40.25	-16.31	0.470	>
13.3.2		354.81	-9.79	1.550	>
13.3.2		323.21	-10.76	0.990	>
13.3.2		319.77	-13.66	1.043	>
13.3.2		318.92	-13.72	1.757	>
13.3.2		318.75	-13.86	1.760	>
13.3.2		318.81	-13.73	1.756	>
13.3.2	13.3.3	318.83	-13.77	1.758	>
13.3.3		199.97	7.63	0.480	>
13.3.3		250.65	68.57	3.129	>
13.3.3		247.49	-74.39	1.060	>
13.3.3		274.10	33.65	2.409	>
13.3.3		273.81	33.57	2.418	>
13.3.3		273.85	33.62	2.405	>
13.3.3	13.3.4	273.92	33.61	2.411	>
13.3.4		52.39	-1.74	0.799	>
13.3.4		65.08	80.41	2.439	>
13.3.4		309.19	31.30	2.527	>
13.3.4		309.31	31.41	2.511	>
13.3.4		309.34	31.45	2.519	>
13.3.4	13.3.5	309.28	31.39	2.519	>
13.3.5		348.88	-83.53	7.142	>
13.3.5		234.00	85.94	2.740	>
13.3.5		243.80	14.93	0.950	>
13.3.5		311.62	19.98	2.379	>
13.3.5		311.31	20.10	2.376	>
13.3.5		311.39	20.19	2.382	>
13.3.5	13.3.6	311.44	20.09	2.379	>
13.3.6		164.60	-9.67	0.788	>
13.3.6		188.53	46.17	0.555	>
13.3.6		109.11	-85.26	2.552	>
13.3.6		130.40	-52.35	0.743	>
13.3.6		244.50	-22.40	2.099	>
13.3.6		246.43	-22.91	2.084	>
13.3.6		245.97	-22.71	2.082	>
13.3.6	13.3.7	245.63	-22.67	2.088	>
13.3.7		245.98	-22.80	2.084	>
13.3.7		276.89	-86.96	4.837	>
13.3.7		341.91	-21.96	1.264	>
13.3.7		176.83	-51.22	0.287	>

PLAN
STATIONS
0.000	0.000	0
1.279	-0.901	1
2.140	-1.888	2
1.875	-3.863	3
1.655	-4.068	4
3.285	-8.910	5
3.085	-10.925	6
3.075	-13.031	7
1.808	-13.508	8
1.613	-14.582	9
2.224	-17.986	10
1.733	-20.304	11
1.259	-21.794	12
2.742	-23.496	13
5.289	-19.183	14
5.218	-17.700	15
8.129	-18.728	16
9.464	-22.482	17
2.442	-20.356	13.1
3.023	-22.934	13.2
2.503	-25.701	13.3
3.822	-27.923	13.4
5.836	-26.755	13.5
5.090	-25.646	13.6
2.572	-22.932	13.3.1
1.345	-22.742	13.3.2
0.221	-21.457	13.3.3
-1.782	-21.319	13.3.4
-3.446	-19.958	13.3.5
-5.121	-18.479	13.3.6
-6.877	-19.274	13.3.7
SHOTS
0.000	0.000	-0.765	-0.217
0.000	0.000	-0.719	-0.170
0.000	0.000	1.279	-0.901
1.279	-0.901	2.140	-1.888
2.140	-1.888	1.875	-3.863
1.875	-3.863	1.726	1.352
1.875	-3.863	2.550	0.152
1.875	-3.863	1.445	-1.983
1.875	-3.863	3.369	-7.454
1.875	-3.863	5.794	-5.801
1.875	-3.863	3.096	-7.377
1.875	-3.863	4.571	-2.890
1.875	-3.863	1.655	-4.068
1.655	-4.068	3.426	-7.958
1.655	-4.068	2.771	-8.366
1.655	-4.068	1.916	-6.463
1.655	-4.068	4.589	-3.430
1.655	-4.068	2.784	0.122
1.655	-4.068	3.285	-8.910
3.285	-8.910	3.224	-8.591
3.285	-8.910	3.098	-8.913
3.285	-8.910	3.818	-8.715
3.285	-8.910	4.835	-8.471
3.285	-8.910	4.809	-10.343
3.285	-8.910	4.087	-9.647
3.285	-8.910	4.310	-7.845
3.285	-8.910	3.576	-9.939
3.285	-8.910	3.085	-10.925
3.085	-10.925	2.833	-10.904
3.085	-10.925	2.640	-10.954
3.085	-10.925	3.198	-10.883
3.085	-10.925	3.136	-10.946
3.085	-10.925	3.075	-13.031
3.075	-13.031	2.814	-12.597
3.075	-13.031	2.867	-12.880
3.075	-13.031	3.135	-12.749
3.075	-13.031	1.364	-13.441
3.075	-13.031	1.247	-13.492
3.075	-13.031	1.808	-13.508
1.808	-13.508	1.332	-13.035
1.808	-13.508	1.994	-13.710
1.808	-13.508	1.619	-13.265
1.808	-13.508	1.613	-14.582
1.613	-14.582	1.779	-14.523
1.613	-14.582	1.677	-14.683
1.613	-14.582	1.605	-14.478
1.613	-14.582	1.621	-14.473
1.613	-14.582	2.223	-17.927
1.613	-14.582	2.224	-17.986
2.224	-17.986	1.916	-17.970
2.224	-17.986	1.963	-17.954
2.224	-17.986	2.651	-18.112
2.224	-17.986	2.508	-17.670
2.224	-17.986	2.320	-17.894
2.224	-17.986	2.963	-18.250
2.224	-17.986	1.733	-20.304
1.733	-20.304	2.197	-20.206
1.733	-20.304	1.877	-20.279
1.733	-20.304	2.506	-21.667
1.733	-20.304	2.636	-21.793
1.733	-20.304	1.259	-21.794
1.259	-21.794	4.160	-20.287
1.259	-21.794	2.916	-19.619
1.259	-21.794	3.751	-22.898
1.259	-21.794	1.666	-21.529
1.259	-21.794	1.847	-20.064
1.259	-21.794	3.038	-21.925
1.259	-21.794	2.742	-23.496
2.742	-23.496	2.478	-24.999
2.742	-23.496	2.498	-20.433
2.742	-23.496	5.478	-19.934
2.742	-23.496	3.900	-23.285
2.742	-23.496	2.542	-25.026
2.742	-23.496	2.243	-24.837
2.742	-23.496	2.383	-24.919
2.742	-23.496	2.465	-24.728
2.742	-23.496	1.155	-19.089
2.742	-23.496	5.289	-19.183
5.289	-19.183	4.936	-19.029
5.289	-19.183	4.878	-19.833
5.289	-19.183	5.342	-17.745
5.289	-19.183	5.403	-18.680
5.289	-19.183	4.989	-18.554
5.289	-19.183	5.218	-17.700
5.218	-17.700	5.394	-17.678
5.218	-17.700	6.052	-18.204
5.218	-17.700	6.817	-17.951
5.218	-17.700	5.616	-18.329
5.218	-17.700	8.129	-18.728
8.129	-18.728	7.671	-19.304
8.129	-18.728	7.101	-19.007
8.129	-18.728	9.024	-20.047
8.129	-18.728	9.464	-22.482
9.464	-22.482	9.127	-22.388
9.464	-22.482	9.541	-22.424
9.464	-22.482	8.948	-23.117
9.464	-22.482	9.264	-24.238
9.464	-22.482	9.107	-22.489
9.464	-22.482	9.329	-22.528
9.464	-22.482	9.359	-22.692
9.464	-22.482	9.436	-22.447
9.464	-22.482	9.446	-22.452
2.742	-23.496	2.442	-20.356
2.442	-20.356	1.409	-21.033
2.442	-20.356	2.114	-22.332
2.442	-20.356	3.003	-20.861
2.442	-20.356	2.873	-21.796
2.442	-20.356	3.023	-22.934
3.023	-22.934	2.505	-22.795
3.023	-22.934	2.720	-22.843
3.023	-22.934	2.503	-25.701
2.503	-25.701	1.969	-26.049
2.503	-25.701	3.822	-27.923
3.822	-27.923	2.100	-25.488
3.822	-27.923	2.282	-27.629
3.822	-27.923	5.836	-26.755
5.836	-26.755	6.126	-25.419
5.836	-26.755	5.786	-26.998
5.836	-26.755	7.346	-26.595
5.836	-26.755	5.090	-25.646
2.503	-25.701	2.572	-22.932
2.572	-22.932	2.300	-23.189
2.572	-22.932	2.050	-22.803
2.572	-22.932	1.828	-22.854
2.572	-22.932	1.345	-22.742
1.345	-22.742	1.637	-22.397
1.345	-22.742	1.207	-21.221
1.345	-22.742	0.762	-21.963
1.345	-22.742	0.690	-21.968
1.345	-22.742	0.221	-21.457
0.221	-21.457	0.059	-21.904
0.221	-21.457	-0.858	-21.836
0.221	-21.457	-0.042	-21.566
0.221	-21.457	-1.782	-21.319
-1.782	-21.319	-1.149	-20.832
-1.782	-21.319	-1.413	-21.148
-1.782	-21.319	-3.446	-19.958
-3.446	-19.958	-3.602	-19.168
-3.446	-19.958	-3.603	-20.072
-3.446	-19.958	-4.270	-20.363
-3.446	-19.958	-5.121	-18.479
-5.121	-18.479	-4.915	-19.228
-5.121	-18.479	-5.178	-18.859
-5.121	-18.479	-4.922	-18.548
-5.121	-18.479	-4.776	-18.773
-5.121	-18.479	-6.877	-19.274
-6.877	-19.274	-8.631	-20.056
-6.877	-19.274	-7.131	-19.244
-6.877	-19.274	-7.240	-18.160
-6.877	-19.274	-6.867	-19.454
POLYLINE BLACK
2.549	-6.120
2.546	-6.137
POLYLINE BLACK
1.916	-3.868
2.153	-5.063
2.424	-6.311
3.087	-7.350
3.103	-7.376
3.149	-7.415
3.176	-7.429
3.376	-7.535
3.550	-7.549
3.782	-7.547
3.887	-7.546
3.993	-7.538
4.097	-7.520
4.266	-7.491
4.478	-7.398
4.619	-7.312
4.886	-7.149
5.042	-7.047
5.236	-6.844
5.484	-6.584
5.529	-6.559
5.676	-6.288
5.692	-6.258
5.705	-6.227
5.712	-6.194
5.765	-5.921
5.767	-5.767
5.741	-5.480
5.736	-5.417
5.726	-5.352
5.701	-5.294
5.539	-4.947
5.376	-4.600
5.214	-4.253
5.187	-4.203
5.157	-4.156
5.133	-4.105
5.035	-3.901
4.935	-3.697
4.849	-3.487
4.791	-3.342
4.749	-3.191
4.701	-3.041
4.605	-2.742
4.615	-2.658
4.433	-2.401
4.050	-1.863
3.656	-1.333
3.254	-0.809
3.168	-0.697
3.053	-0.609
2.972	-0.494
2.575	0.070
2.208	0.655
1.822	1.226
1.775	1.294
1.707	1.336
1.630	1.289
1.609	1.277
1.584	1.252
1.579	1.227
1.554	1.082
1.520	0.938
1.512	0.791
1.499	0.541
1.538	0.289
1.517	0.040
1.505	-0.105
1.333	-0.806
1.367	-1.118
1.602	-3.292
1.404	-2.585
1.962	-3.999
POLYLINE BLACK
1.783	-3.558
1.865	-3.828
1.766	-3.818
1.745	-4.199
1.713	-4.784
1.659	-5.425
1.798	-6.013
1.842	-6.198
1.908	-6.378
1.971	-6.558
2.017	-6.693
2.140	-6.778
2.222	-6.889
2.258	-6.937
2.290	-6.990
2.313	-7.045
2.604	-7.742
2.575	-7.706
2.757	-8.357
POLYLINE BLACK
2.831	-8.354
3.116	-8.953
POLYLINE BLACK
3.372	-7.510
3.516	-8.252
3.351	-7.476
3.488	-7.975
3.517	-8.079
3.515	-8.181
3.571	-8.273
3.671	-8.438
3.777	-8.601
3.880	-8.764
POLYLINE BLACK
3.302	-8.613
3.287	-9.101
3.263	-9.027
3.351	-9.509
3.377	-9.651
3.460	-9.784
3.560	-9.885
3.734	-10.061
4.179	-10.360
4.284	-10.428
4.332	-10.460
4.388	-10.481
4.443	-10.499
4.603	-10.552
4.853	-10.638
4.995	-10.486
5.041	-10.436
5.078	-10.348
5.083	-10.283
5.107	-9.967
5.121	-9.650
5.133	-9.333
5.134	-9.303
5.128	-9.273
5.120	-9.244
5.042	-8.972
4.794	-8.632
4.707	-8.444
4.517	-8.033
4.644	-8.119
4.500	-7.894
4.429	-7.783
4.271	-7.760
4.156	-7.804
4.137	-7.811
4.119	-7.821
4.102	-7.830
4.011	-7.880
3.924	-7.937
3.830	-7.981
3.766	-8.012
3.392	-8.111
3.331	-8.257
3.284	-8.368
3.240	-8.480
3.200	-8.594
3.192	-8.616
3.189	-8.640
3.188	-8.663
3.183	-8.825
3.241	-9.043
3.265	-9.176
POLYLINE BLACK
3.164	-8.928
3.181	-8.968
3.201	-9.007
3.215	-9.048
3.243	-9.133
3.243	-9.315
3.233	-9.367
3.157	-9.754
3.076	-10.341
2.856	-10.751
2.805	-10.845
2.745	-10.933
2.690	-11.024
POLYLINE BLACK
4.117	-9.644
4.057	-9.939
4.087	-9.859
3.889	-10.248
3.858	-10.308
3.822	-10.365
3.778	-10.416
3.600	-10.624
3.585	-10.583
3.384	-10.755
3.070	-11.025
3.507	-10.707
3.121	-10.975
POLYLINE BLACK
2.804	-10.966
2.806	-11.015
2.812	-11.064
2.808	-11.113
2.726	-12.368
2.694	-11.557
2.847	-12.886
POLYLINE BLACK
3.255	-10.909
3.269	-11.406
3.271	-11.383
3.246	-12.189
3.234	-12.609
3.242	-12.540
3.183	-12.797
POLYLINE BLACK
3.212	-12.705
3.219	-12.737
3.228	-12.769
3.233	-12.801
3.239	-12.836
3.232	-12.879
3.223	-12.912
3.192	-13.020
3.127	-13.066
3.037	-13.127
2.877	-13.236
2.719	-13.347
2.557	-13.453
2.538	-13.466
2.515	-13.474
2.493	-13.482
2.449	-13.498
2.407	-13.490
2.362	-13.482
2.280	-13.469
2.232	-13.453
2.154	-13.463
2.114	-13.468
2.013	-13.499
1.978	-13.505
1.672	-13.558
1.967	-13.473
1.579	-13.610
POLYLINE BLACK
2.801	-12.849
2.813	-12.880
2.852	-12.936
2.827	-12.976
2.762	-13.079
2.406	-13.016
2.371	-13.013
2.232	-12.998
2.094	-12.970
1.955	-12.959
1.861	-12.952
1.767	-12.962
1.674	-12.959
1.586	-12.957
1.521	-12.933
1.436	-12.967
1.400	-12.982
1.377	-13.011
1.345	-13.030
1.310	-13.050
1.276	-13.070
1.241	-13.090
POLYLINE BLACK
2.323	-17.827
2.286	-17.826
2.249	-17.823
2.212	-17.824
2.137	-17.828
2.047	-17.878
2.045	-17.961
2.044	-18.000
2.054	-18.045
2.076	-18.078
2.139	-18.169
2.231	-18.223
2.328	-18.271
2.399	-18.305
2.494	-18.318
2.569	-18.292
2.669	-18.257
2.744	-18.127
2.697	-18.026
2.658	-17.942
2.549	-17.837
2.509	-17.791
POLYLINE BLACK
1.276	-13.112
1.339	-13.761
1.251	-13.028
1.413	-13.816
1.440	-13.942
1.456	-14.070
1.468	-14.199
1.481	-14.347
1.449	-14.404
1.490	-14.530
1.584	-14.824
1.626	-14.827
1.663	-15.124
2.296	-20.159
1.589	-15.335
1.977	-17.328
2.004	-17.467
1.970	-17.630
1.978	-17.767
1.983	-17.842
2.002	-17.915
2.014	-17.989
POLYLINE BLACK
1.962	-13.579
1.951	-13.620
1.936	-13.661
1.927	-13.703
1.922	-13.729
1.918	-13.757
1.922	-13.783
1.983	-14.211
2.066	-14.635
2.122	-15.063
2.140	-15.200
2.130	-15.339
2.143	-15.476
2.159	-15.655
2.200	-15.832
2.210	-16.011
2.223	-16.238
2.189	-16.468
2.212	-16.695
2.234	-16.905
2.327	-17.378
2.447	-17.630
2.503	-17.748
2.575	-17.857
2.638	-17.972
2.644	-17.983
2.647	-17.996
2.654	-18.007
2.682	-18.051
2.713	-18.092
2.743	-18.134
POLYLINE BLACK
2.016	-18.105
1.836	-20.196
2.060	-18.359
1.754	-19.793
1.732	-19.892
1.740	-19.995
1.728	-20.095
1.722	-20.143
1.709	-20.189
1.699	-20.236
POLYLINE BLACK
2.796	-18.090
2.768	-18.924
2.828	-18.519
2.474	-19.592
2.381	-19.876
2.404	-19.825
2.286	-19.997
POLYLINE BLACK
2.274	-24.651
2.281	-24.729
2.263	-24.739
2.295	-24.709
POLYLINE BLACK
4.850	-19.859
4.871	-19.807
4.898	-19.757
4.913	-19.703
4.985	-19.456
4.948	-19.272
4.945	-18.992
POLYLINE BLACK
5.517	-20.070
5.510	-19.722
5.523	-19.897
5.405	-19.329
5.401	-19.313
5.394	-19.298
5.386	-19.283
5.361	-19.240
5.334	-19.198
5.308	-19.156
POLYLINE BLACK
4.967	-18.979
5.042	-18.774
5.066	-18.763
5.084	-18.607
5.085	-18.601
5.084	-18.594
5.083	-18.588
5.080	-18.568
5.076	-18.547
5.073	-18.527
POLYLINE BLACK
5.369	-19.174
5.400	-18.735
5.358	-18.902
5.433	-18.661
POLYLINE BLACK
5.408	-20.283
5.378	-20.283
POLYLINE BLACK
2.053	-20.083
2.064	-20.093
POLYLINE BLACK
5.140	-18.598
5.082	-18.182
5.077	-18.197
5.182	-17.798
5.191	-17.764
5.207	-17.733
5.228	-17.706
5.313	-17.600
5.582	-17.623
5.668	-17.637
5.784	-17.657
6.472	-17.760
6.768	-17.899
6.996	-18.005
7.225	-18.109
7.444	-18.232
8.688	-18.934
7.607	-18.355
8.079	-18.664
8.168	-18.722
8.265	-18.770
8.353	-18.830
8.507	-18.936
8.864	-19.367
8.869	-19.373
9.130	-19.710
9.138	-19.711
9.210	-20.001
POLYLINE BLACK
5.491	-18.592
5.596	-18.484
5.621	-18.334
5.751	-18.252
5.965	-18.116
6.320	-18.184
6.527	-18.225
6.645	-18.248
6.758	-18.291
6.871	-18.332
6.949	-18.361
7.062	-18.405
7.115	-18.484
7.206	-18.620
7.168	-18.791
7.173	-18.947
POLYLINE BLACK
7.189	-18.909
7.205	-18.962
7.216	-19.016
7.258	-19.053
7.266	-19.060
7.274	-19.067
7.283	-19.071
7.406	-19.132
7.534	-19.184
7.654	-19.251
7.700	-19.276
7.741	-19.310
7.779	-19.345
7.827	-19.389
7.870	-19.437
7.911	-19.487
8.130	-19.756
8.353	-20.023
8.559	-20.301
8.608	-20.368
8.643	-20.445
8.676	-20.521
8.781	-20.771
8.889	-21.020
8.972	-21.278
9.012	-21.400
9.022	-21.530
9.041	-21.657
9.155	-22.402
9.058	-21.980
9.161	-22.394
POLYLINE BLACK
9.268	-19.948
9.475	-20.626
9.493	-20.606
9.602	-21.460
9.636	-21.723
9.574	-21.728
9.577	-21.959
9.578	-22.110
9.593	-22.260
9.602	-22.411
POLYLINE BLACK
9.606	-22.372
9.496	-22.580
POLYLINE BLACK
9.121	-22.257
9.108	-22.486
9.117	-22.391
9.100	-22.543
POLYLINE BLACK
1.712	-20.202
1.709	-20.245
1.708	-20.288
1.702	-20.330
1.697	-20.357
1.689	-20.383
1.679	-20.408
1.606	-20.583
1.508	-20.749
1.454	-20.930
1.333	-21.340
1.245	-21.952
1.339	-22.389
1.411	-22.722
1.488	-23.056
1.616	-23.371
1.824	-23.886
2.094	-24.374
2.342	-24.871
2.377	-24.940
2.448	-25.012
2.517	-25.048
2.671	-25.126
2.821	-25.033
2.962	-24.966
3.053	-24.922
3.123	-24.859
3.188	-24.781
3.395	-24.531
3.518	-24.402
3.640	-24.141
3.751	-23.901
3.737	-23.839
3.870	-23.676
3.983	-23.537
4.303	-23.362
4.366	-23.324
4.450	-23.273
4.547	-23.245
4.627	-23.188
5.006	-22.916
5.145	-22.765
5.428	-22.410
5.469	-22.358
5.506	-22.302
5.535	-22.243
5.601	-22.108
5.666	-21.971
5.711	-21.828
5.783	-21.595
5.826	-21.268
5.794	-21.022
5.769	-20.833
5.717	-20.649
5.669	-20.465
5.628	-20.305
5.558	-20.177
5.441	-20.063
5.275	-19.901
4.863	-19.770
4.758	-19.740
4.251	-19.594
3.979	-19.565
3.502	-19.599
3.388	-19.607
3.274	-19.619
3.163	-19.643
3.064	-19.665
2.605	-19.745
2.400	-19.867
2.304	-19.923
2.266	-19.978
2.177	-20.056
2.151	-20.079
2.100	-20.102
2.072	-20.116
POLYLINE BLACK
2.512	-24.883
2.546	-24.998
2.540	-25.048
2.493	-25.149
POLYLINE BLACK
2.283	-24.687
2.277	-24.842
2.286	-24.754
2.247	-24.950
POLYLINE BLUE
2.453	-20.349
2.330	-20.581
2.349	-20.529
2.243	-20.907
2.226	-20.967
2.227	-21.092
2.238	-21.153
2.260	-21.268
2.281	-21.364
2.340	-21.462
2.407	-21.573
2.463	-21.668
2.554	-21.753
2.676	-21.867
2.825	-21.853
2.918	-21.713
2.961	-21.649
3.004	-21.586
3.043	-21.520
3.053	-21.502
3.062	-21.484
3.066	-21.464
3.083	-21.360
3.097	-21.256
3.106	-21.151
3.118	-21.011
3.063	-20.855
2.947	-20.770
2.802	-20.664
2.650	-20.567
2.505	-20.460
2.478	-20.440
2.458	-20.412
2.433	-20.389
2.421	-20.377
2.407	-20.368
2.394	-20.357
POLYLINE BLUE
2.386	-20.492
2.376	-20.561
2.354	-20.629
2.355	-20.698
2.369	-21.509
2.438	-21.517
2.559	-22.397
2.576	-22.517
2.577	-22.638
2.586	-22.758
POLYLINE BLUE
3.181	-21.168
3.185	-21.766
3.207	-21.644
3.080	-22.352
3.066	-22.434
3.027	-22.510
3.012	-22.591
2.984	-22.733
3.009	-22.857
3.032	-22.996
POLYLINE BLUE
2.529	-22.804
2.547	-22.591
POLYLINE BLUE
2.456	-22.720
2.473	-22.763
2.498	-22.803
2.507	-22.848
2.540	-22.999
2.561	-23.244
2.537	-23.399
2.401	-24.286
2.241	-25.170
2.093	-26.056
POLYLINE BLUE
2.098	-25.956
2.234	-26.142
2.325	-26.366
2.350	-26.596
2.377	-26.842
2.356	-27.073
2.439	-27.304
2.483	-27.426
2.561	-27.574
2.669	-27.654
2.867	-27.800
3.065	-27.807
3.293	-27.863
3.770	-27.979
3.516	-27.961
3.806	-27.968
POLYLINE BLUE
3.854	-28.034
3.913	-28.043
3.971	-28.056
4.031	-28.060
4.080	-28.064
4.200	-28.059
4.251	-28.037
4.582	-27.888
4.911	-27.731
5.238	-27.572
5.259	-27.562
5.276	-27.546
5.294	-27.530
5.311	-27.514
5.328	-27.497
5.341	-27.478
5.411	-27.384
5.472	-27.284
5.542	-27.191
5.557	-27.172
5.575	-27.156
5.593	-27.143
5.664	-27.090
5.738	-27.042
5.811	-26.992
POLYLINE BLUE
3.014	-22.897
3.001	-22.956
2.979	-23.013
2.974	-23.073
2.942	-23.483
2.980	-23.309
2.989	-23.613
2.990	-23.636
2.985	-23.659
2.981	-23.683
2.681	-25.664
2.934	-24.494
2.671	-25.354
2.657	-25.401
2.648	-25.450
2.635	-25.498
2.619	-25.554
2.557	-25.719
2.651	-25.752
2.704	-25.770
2.756	-25.804
2.812	-25.802
2.840	-25.801
2.852	-25.764
2.872	-25.745
POLYLINE BLUE
2.903	-25.812
3.000	-25.780
3.119	-25.739
3.211	-25.808
3.259	-25.843
3.294	-25.908
3.323	-25.952
3.394	-26.061
3.436	-26.161
3.548	-26.229
3.574	-26.244
3.600	-26.259
3.629	-26.268
3.797	-26.319
3.908	-26.331
4.087	-26.329
4.136	-26.329
4.185	-26.326
4.231	-26.312
4.405	-26.262
4.575	-26.200
4.745	-26.138
4.799	-26.118
4.863	-26.075
4.906	-26.036
5.021	-25.929
5.059	-25.755
5.105	-25.612
POLYLINE GREEN
2.321	-23.212
2.280	-23.177
2.236	-23.146
2.197	-23.109
2.064	-22.978
2.015	-22.860
1.820	-22.835
1.697	-22.819
1.572	-22.817
1.448	-22.803
1.432	-22.802
1.386	-22.783
1.375	-22.770
1.267	-22.651
1.167	-22.526
1.061	-22.405
0.756	-22.055
0.888	-22.146
0.697	-22.027
POLYLINE GREEN
2.638	-22.839
2.461	-22.790
2.284	-22.740
2.107	-22.691
2.080	-22.677
2.051	-22.667
2.026	-22.650
1.954	-22.602
1.891	-22.543
1.819	-22.495
1.762	-22.458
1.681	-22.445
1.642	-22.382
1.572	-22.270
1.562	-22.227
1.498	-22.106
1.446	-22.009
1.387	-21.916
1.338	-21.817
1.297	-21.735
1.308	-21.702
1.262	-21.642
1.218	-21.585
1.101	-21.513
1.069	-21.489
POLYLINE GREEN
1.083	-21.471
0.572	-21.544
0.877	-21.509
-0.147	-21.492
-0.327	-21.489
-0.506	-21.481
-0.686	-21.470
-0.706	-21.469
-0.725	-21.462
-0.743	-21.455
-0.766	-21.447
-0.788	-21.436
-0.809	-21.424
-0.863	-21.391
-0.948	-21.347
-0.996	-21.290
-1.091	-21.178
-1.138	-21.040
-1.182	-20.904
POLYLINE GREEN
0.702	-22.050
0.486	-22.036
0.270	-22.021
0.054	-22.006
-0.046	-21.995
-0.145	-21.978
-0.246	-21.973
-0.329	-21.968
-0.413	-21.992
-0.495	-21.977
-0.718	-21.937
-0.937	-21.871
-1.155	-21.808
-1.246	-21.782
-1.312	-21.725
-1.388	-21.671
-2.704	-20.731
-1.480	-21.572
-1.934	-21.302
-1.999	-21.263
-2.025	-21.180
-2.094	-21.147
-3.075	-20.680
-2.520	-20.927
-3.338	-20.653
-3.582	-20.571
-3.822	-20.477
-4.066	-20.396
-4.102	-20.385
-4.214	-20.371
-4.253	-20.385
-4.287	-20.397
-4.313	-20.426
-4.343	-20.446
POLYLINE GREEN
-1.159	-20.931
-1.347	-20.830
-1.527	-20.712
-1.724	-20.629
-1.859	-20.572
-2.655	-20.410
-2.715	-20.393
-2.873	-20.349
-3.016	-20.258
-3.148	-20.164
-3.199	-20.129
-3.336	-20.034
-3.394	-19.959
-3.407	-19.943
-3.420	-19.927
-3.426	-19.908
-3.479	-19.743
-3.507	-19.570
-3.572	-19.409
-3.596	-19.348
-3.652	-19.306
-3.692	-19.254
POLYLINE GREEN
-3.555	-19.344
-3.578	-19.315
-3.599	-19.285
-3.624	-19.257
-3.715	-19.157
-4.041	-19.083
-4.066	-19.073
-4.091	-19.064
-4.112	-19.047
-4.134	-19.031
-4.175	-19.003
-4.568	-18.681
-4.779	-18.611
-4.826	-18.595
-4.876	-18.587
-4.924	-18.575
-5.589	-18.420
-4.615	-18.654
-6.051	-18.394
-6.214	-18.364
-6.371	-18.301
-6.535	-18.272
-6.682	-18.246
-6.833	-18.239
-6.982	-18.231
-7.052	-18.227
-7.075	-18.247
-7.136	-18.248
-7.204	-18.248
-7.261	-18.219
-7.326	-18.198
POLYLINE GREEN
-4.116	-20.437
-4.303	-20.106
-4.491	-19.775
-4.678	-19.444
-4.702	-19.415
-4.723	-19.384
-4.749	-19.357
-4.803	-19.302
-4.861	-19.261
-4.938	-19.290
-5.143	-19.370
-5.350	-19.466
-5.575	-19.464
-5.608	-19.464
-5.640	-19.460
-5.672	-19.454
-5.805	-19.428
-5.935	-19.387
-6.069	-19.370
-6.162	-19.359
-6.439	-19.346
-6.574	-19.382
-7.366	-19.589
-6.328	-19.357
-6.956	-19.493
POLYLINE BLACK
3.089	-13.096
3.027	-13.100
2.974	-13.094
2.918	-13.067
2.759	-12.987
2.875	-13.034
2.785	-12.999
POLYLINE BLUE
5.821	-27.010
5.864	-27.053
5.897	-27.096
5.953	-27.122
6.127	-27.203
6.295	-27.222
6.487	-27.209
6.550	-27.205
6.614	-27.196
6.675	-27.176
6.755	-27.150
6.832	-27.113
6.906	-27.074
7.052	-26.996
7.298	-26.891
7.372	-26.709
7.440	-26.544
7.329	-26.240
7.286	-26.121
7.258	-26.043
7.216	-25.970
7.174	-25.898
7.045	-25.672
6.788	-25.534
6.572	-25.417
6.400	-25.323
6.087	-25.168
5.859	-25.189
5.747	-25.199
5.612	-25.229
5.505	-25.276
5.477	-25.288
5.448	-25.302
5.425	-25.322
5.353	-25.383
5.286	-25.450
5.220	-25.518
5.115	-25.628
5.068	-25.888
5.100	-26.037
5.129	-26.170
5.248	-26.273
5.312	-26.385
5.364	-26.478
5.400	-26.578
5.450	-26.672
5.471	-26.712
5.510	-26.759
5.546	-26.787
5.764	-26.959
5.693	-26.914
5.890	-27.009

ELEVATION
STATIONS
0.000	0.000	0
1.279	-2.934	1
2.140	-14.587	2
1.875	-25.838	3
1.655	-33.569	4
3.285	-31.670	5
3.085	-32.274	6
3.075	-32.114	7
1.808	-33.502	8
1.613	-33.771	9
2.224	-34.109	10
1.733	-34.685	11
1.259	-41.179	12
2.742	-44.671	13
5.289	-43.722	14
5.218	-44.384	15
8.129	-44.404	16
9.464	-44.237	17
2.442	-44.945	13.1
3.023	-49.677	13.2
2.503	-48.997	13.3
3.822	-47.074	13.4
5.836	-45.256	13.5
5.090	-36.562	13.6
2.572	-50.580	13.3.1
1.345	-51.701	13.3.2
0.221	-52.120	13.3.3
-1.782	-50.785	13.3.4
-3.446	-49.473	13.3.5
-5.121	-48.656	13.3.6
-6.877	-49.461	13.3.7
SHOTS
0.000	0.000	-0.765	0.281
0.000	0.000	-0.719	0.319
0.000	0.000	1.279	-2.934
1.279	-2.934	2.140	-14.587
2.140	-14.587	1.875	-25.838
1.875	-25.838	1.726	-25.669
1.875	-25.838	2.550	-25.973
1.875	-25.838	1.445	-25.964
1.875	-25.838	3.369	-25.612
1.875	-25.838	5.794	-25.822
1.875	-25.838	3.096	-25.574
1.875	-25.838	4.571	-26.250
1.875	-25.838	1.655	-33.569
1.655	-33.569	3.426	-32.208
1.655	-33.569	2.771	-31.646
1.655	-33.569	1.916	-32.053
1.655	-33.569	4.589	-33.015
1.655	-33.569	2.784	-32.749
1.655	-33.569	3.285	-31.670
3.285	-31.670	3.224	-33.046
3.285	-31.670	3.098	-31.672
3.285	-31.670	3.818	-31.633
3.285	-31.670	4.835	-41.023
3.285	-31.670	4.809	-42.519
3.285	-31.670	4.087	-42.833
3.285	-31.670	4.310	-42.270
3.285	-31.670	3.576	-33.597
3.285	-31.670	3.085	-32.274
3.085	-32.274	2.833	-31.401
3.085	-32.274	2.640	-31.835
3.085	-32.274	3.198	-32.178
3.085	-32.274	3.136	-33.192
3.085	-32.274	3.075	-32.114
3.075	-32.114	2.814	-32.096
3.075	-32.114	2.867	-31.705
3.075	-32.114	3.135	-33.908
3.075	-32.114	1.364	-32.237
3.075	-32.114	1.247	-33.133
3.075	-32.114	1.808	-33.502
1.808	-33.502	1.332	-33.525
1.808	-33.502	1.994	-34.973
1.808	-33.502	1.619	-31.579
1.808	-33.502	1.613	-33.771
1.613	-33.771	1.779	-33.763
1.613	-33.771	1.677	-32.728
1.613	-33.771	1.605	-34.205
1.613	-33.771	1.621	-34.889
1.613	-33.771	2.223	-34.111
1.613	-33.771	2.224	-34.109
2.224	-34.109	1.916	-34.183
2.224	-34.109	1.963	-33.266
2.224	-34.109	2.651	-35.460
2.224	-34.109	2.508	-35.255
2.224	-34.109	2.320	-35.037
2.224	-34.109	2.963	-37.162
2.224	-34.109	1.733	-34.685
1.733	-34.685	2.197	-34.637
1.733	-34.685	1.877	-33.137
1.733	-34.685	2.506	-34.318
1.733	-34.685	2.636	-46.460
1.733	-34.685	1.259	-41.179
1.259	-41.179	4.160	-41.560
1.259	-41.179	2.916	-41.019
1.259	-41.179	3.751	-40.916
1.259	-41.179	1.666	-43.124
1.259	-41.179	1.847	-42.431
1.259	-41.179	3.038	-46.215
1.259	-41.179	2.742	-44.671
2.742	-44.671	2.478	-45.014
2.742	-44.671	2.498	-44.038
2.742	-44.671	5.478	-43.351
2.742	-44.671	3.900	-44.330
2.742	-44.671	2.542	-45.337
2.742	-44.671	2.243	-45.452
2.742	-44.671	2.383	-45.149
2.742	-44.671	2.465	-45.773
2.742	-44.671	1.155	-45.399
2.742	-44.671	5.289	-43.722
5.289	-43.722	4.936	-43.696
5.289	-43.722	4.878	-43.448
5.289	-43.722	5.342	-43.686
5.289	-43.722	5.403	-43.783
5.289	-43.722	4.989	-43.952
5.289	-43.722	5.218	-44.384
5.218	-44.384	5.394	-45.928
5.218	-44.384	6.052	-44.449
5.218	-44.384	6.817	-44.458
5.218	-44.384	5.616	-41.592
5.218	-44.384	8.129	-44.404
8.129	-44.404	7.671	-44.393
8.129	-44.404	7.101	-43.046
8.129	-44.404	9.024	-46.766
8.129	-44.404	9.464	-44.237
9.464	-44.237	9.127	-44.253
9.464	-44.237	9.541	-44.804
9.464	-44.237	8.948	-44.428
9.464	-44.237	9.264	-46.006
9.464	-44.237	9.107	-44.236
9.464	-44.237	9.329	-43.949
9.464	-44.237	9.359	-44.817
9.464	-44.237	9.436	-44.355
9.464	-44.237	9.446	-44.361
2.742	-44.671	2.442	-44.945
2.442	-44.945	1.409	-45.220
2.442	-44.945	2.114	-48.381
2.442	-44.945	3.003	-46.006
2.442	-44.945	2.873	-46.542
2.442	-44.945	3.023	-49.677
3.023	-49.677	2.505	-49.686
3.023	-49.677	2.720	-51.757
3.023	-49.677	2.503	-48.997
2.503	-48.997	1.969	-48.969
2.503	-48.997	3.822	-47.074
3.822	-47.074	2.100	-47.138
3.822	-47.074	2.282	-47.225
3.822	-47.074	5.836	-45.256
5.836	-45.256	6.126	-44.053
5.836	-45.256	5.786	-43.808
5.836	-45.256	7.346	-42.815
5.836	-45.256	5.090	-36.562
2.503	-48.997	2.572	-50.580
2.572	-50.580	2.300	-50.595
2.572	-50.580	2.050	-50.701
2.572	-50.580	1.828	-53.566
2.572	-50.580	1.345	-51.701
1.345	-51.701	1.637	-51.833
1.345	-51.701	1.207	-51.965
1.345	-51.701	0.762	-51.886
1.345	-51.701	0.690	-51.947
1.345	-51.701	0.221	-52.120
0.221	-52.120	0.059	-52.056
0.221	-52.120	-0.858	-49.207
0.221	-52.120	-0.042	-53.140
0.221	-52.120	-1.782	-50.785
-1.782	-50.785	-1.149	-50.809
-1.782	-50.785	-1.413	-48.380
-1.782	-50.785	-3.446	-49.473
-3.446	-49.473	-3.602	-56.570
-3.446	-49.473	-3.603	-46.740
-3.446	-49.473	-4.270	-49.228
-3.446	-49.473	-5.121	-48.656
-5.121	-48.656	-4.915	-48.788
-5.121	-48.656	-5.178	-48.256
-5.121	-48.656	-4.922	-51.199
-5.121	-48.656	-4.776	-49.244
-5.121	-48.656	-6.877	-49.461
-6.877	-49.461	-8.631	-50.269
-6.877	-49.461	-7.131	-54.291
-6.877	-49.461	-7.240	-49.934
-6.877	-49.461	-6.867	-49.685

