TRIP
DATE 2026-08-13
DECLINATION 0.0
DATA
0		269.56	-7.72	0.340	>
0		308.55	0.47	1.981	>
0		308.66	0.24	1.980	>
0		308.84	0.34	1.961	>
0	1	308.68	0.35	1.974	>
1		269.70	11.10	4.147	>
1		269.33	11.13	4.153	>
1		268.94	11.40	3.922	>
1		269.87	11.12	4.160	>
1		269.91	11.16	4.157	>
1		269.83	11.60	4.116	>
1	2	269.87	11.29	4.144	>
2		48.93	-10.09	1.042	>
2		61.19	51.19	0.979	>
2		39.79	-52.83	1.179	>
2		354.59	3.26	1.057	>
2		339.19	2.18	1.312	>
2		302.57	9.71	1.099	>
2		265.37	43.39	0.801	>
2		275.55	-47.80	0.884	>
2		246.24	21.23	1.743	>
2		246.26	21.42	1.757	>
2		246.24	21.47	1.750	>
2	3	246.25	21.37	1.750	>
3		104.19	-12.87	0.906	>
3		122.89	56.97	0.912	>
3		240.75	-13.79	0.478	>
3		134.12	-71.93	1.500	>
3		111.47	-52.16	1.440	>
3		138.65	-64.29	3.525	>
3		96.14	-69.64	6.937	>
3		158.04	4.61	1.330	>
3		165.57	-15.18	2.385	>
3		190.37	15.10	1.952	>
3		181.70	28.18	2.923	>
3		178.32	23.58	3.266	>
3		178.13	23.59	3.270	>
3		178.14	23.30	3.280	>
3		23.54	-46.99	0.883	>
3		23.64	-46.99	0.883	>
3		23.79	-47.00	0.876	>
3		326.94	-14.63	0.836	>
3		351.64	-8.98	2.380	>
3		43.72	-63.55	2.007	>
3		42.95	-63.65	5.486	>
3		43.12	-63.49	5.549	>
3		43.19	-63.51	5.548	>
3		43.15	-63.50	5.546	>
3		107.31	-66.21	4.702	>
3		107.19	-66.09	4.729	>
3		107.20	-66.00	5.280	>
3		107.15	-66.29	4.717	>
3		106.29	-66.44	4.717	>
3		106.80	-66.29	4.749	>
3	4	178.20	23.49	3.272	>
4		157.68	-85.55	0.814	>
4		99.36	-55.49	0.932	>
4		84.81	-44.45	0.459	>
4		260.09	-71.50	0.602	>
4		262.52	-38.52	0.559	>
4		257.40	-13.52	0.631	>
4		262.04	-3.01	0.338	>
4		261.56	-8.30	0.683	>
4		259.82	23.94	0.238	>
4		74.99	-76.66	0.852	>
4		52.22	-69.91	1.506	>
4		34.35	-62.53	2.427	>
4		175.30	-35.90	0.871	>
4		184.80	-5.48	0.777	>
4		191.28	17.75	0.929	>
4		297.39	-36.84	1.068	>
4		302.26	-48.79	1.227	>
4		292.14	-27.02	0.311	>
4		175.18	24.95	4.524	>
4		175.11	24.96	4.539	>
4		175.11	25.03	4.541	>
4	5	175.13	24.98	4.535	>
5		182.40	-5.94	2.276	>
5		191.62	-35.16	0.656	>
5		181.33	3.92	2.500	>
5		267.37	-79.16	0.978	>
5		347.31	-69.36	1.073	>
5		25.89	-22.81	0.599	>
5		20.63	-39.45	0.879	>
5		19.91	-50.77	1.088	>
5		83.41	-40.47	0.791	>
5		26.31	-44.51	0.934	>
5		82.61	-41.97	0.790	>
5		71.42	-28.83	3.103	>
5		71.50	-28.70	3.114	>
5		71.58	-28.77	3.128	>
5	6	71.50	-28.77	3.115	>
6		199.58	-33.74	0.233	>
6		187.83	6.25	0.514	>
6		188.75	30.73	0.515	>
6		183.25	70.07	0.442	>
6		86.95	80.50	0.390	>
6		95.42	-4.14	0.992	>
6		92.65	-3.38	1.005	>
6		93.06	-4.16	0.998	>
6	7	93.71	-3.90	0.998	>
7		92.85	-3.54	1.016	>
7		346.25	-22.45	0.322	>
7		348.11	23.52	0.212	>
7		191.80	-68.99	0.433	>
7		81.08	-14.57	2.106	>
7		81.41	-14.36	2.105	>
7		81.19	-14.65	2.102	>
7		219.54	73.43	0.376	>
7	8	81.23	-14.53	2.104	>
8		126.44	2.52	5.559	>
8		126.48	2.55	5.004	>
8		126.48	2.53	4.995	>
8		126.47	2.51	4.989	>
8	9	126.48	2.53	4.996	>
9		295.93	-2.27	3.880	>
9		303.36	0.62	4.026	>
9		310.39	-4.72	4.020	>
9		331.65	-2.21	4.046	>
9		346.40	2.89	4.633	>
9		356.76	6.42	3.547	>
9		11.98	7.97	2.867	>
9		20.94	11.17	2.451	>
9		243.57	2.45	2.098	>
9		246.63	16.28	2.641	>
9		220.64	18.38	3.279	>
9		216.01	18.10	2.077	>
9		224.96	45.23	3.020	>
9		302.55	-10.72	3.262	>
9		313.08	-12.60	3.382	>
9		3.66	-30.50	5.862	>
9		333.64	-21.10	5.829	>
9		358.49	-50.59	1.885	>
9		326.24	-52.38	1.431	>
9		350.03	-51.82	6.078	>
9		2.81	-50.05	2.050	>
9		334.59	-53.61	5.027	>
9		341.72	72.69	8.554	>
9		313.01	78.03	5.332	>
9		340.90	75.70	9.818	>
9		332.00	25.55	4.279	>
9		335.80	-52.37	4.965	>
9		335.74	-52.34	4.963	>
9		335.86	-52.39	4.965	>
9		217.23	33.20	3.293	>
9		217.45	33.24	3.284	>
9		217.27	33.26	3.291	>
9		123.97	-27.95	0.650	>
9		124.93	-28.26	0.650	>
9		125.19	-28.25	0.649	>
9	10	335.80	-52.37	4.964	>
10		182.22	-24.89	1.759	>
10		159.73	-26.70	1.977	>
10		131.64	-28.34	1.786	>
10		53.04	-26.58	2.080	>
10		91.34	84.23	16.068	>
10		217.45	33.11	3.279	>
10		217.58	33.04	3.291	>
10		217.72	32.99	3.277	>
10	11	217.58	33.05	3.282	>
11		96.65	-2.03	0.773	>
9	9.1	217.32	33.23	3.289	>
9.1		90.47	8.30	0.840	>
9.1		81.65	49.26	1.361	>
9.1		78.87	50.39	1.091	>
9.1		52.88	65.31	0.860	>
9.1		132.33	-65.21	1.073	>
9.1		169.17	-71.89	1.012	>
9.1		206.39	-69.98	1.540	>
9.1		242.04	-57.65	0.643	>
9.1		261.52	-45.52	0.663	>
9.1		176.75	7.42	3.185	>
9.1		176.52	7.31	3.214	>
9.1		176.57	7.43	3.182	>
9.1	9.2	176.61	7.38	3.194	>
9.2		273.38	1.22	0.497	>
9.2		237.63	76.58	0.499	>
9.2		259.54	37.80	0.505	>
9.2		311.26	-68.80	2.171	>
9.2		340.68	-32.16	1.478	>
9.2		182.03	9.61	3.378	>
9.2		181.06	9.93	1.697	>
9.2		176.55	31.40	3.395	>
9.2		170.94	-1.05	1.362	>
9.2		188.86	-14.05	3.806	>
9.2		213.91	-77.33	4.936	>
9.2		186.76	-56.00	6.898	>
9.2		185.74	-56.21	6.979	>
9.2		185.53	-56.30	6.991	>
9.2		185.51	-56.28	6.990	>
9.2	9.3	185.59	-56.26	6.987	>
9.3		19.83	13.05	2.374	>
9.3		101.79	-6.48	0.397	>
9.3		14.81	-3.63	0.879	>
9.3		341.25	-7.78	0.843	>
9.3		287.85	3.75	0.192	>
9.3		202.37	-51.25	1.826	>
9.3		150.21	-26.30	0.674	>
9.3		154.12	-26.02	0.671	>
9.3		153.73	-26.05	0.672	>
9.3		152.77	-26.20	0.674	>
9.3		353.27	65.65	0.641	>
9.3		11.65	-10.26	0.502	>
9.3		11.15	-44.51	0.793	>
9	9.0.1	124.70	-28.15	0.650	>
9.0.1		238.82	-20.64	0.733	>
9.0.1		17.21	-47.37	0.756	>
9.0.1		14.43	2.10	0.427	>
9.0.1		358.42	65.32	0.621	>
9.0.1		101.26	-13.46	2.117	>
9.0.1		101.84	-13.28	2.117	>
9.0.1		101.95	-13.45	2.980	>
9.0.1		102.01	-12.69	2.117	>
9.0.1		102.00	-13.26	2.118	>
9.0.1		102.25	-13.17	3.000	>
9.0.1		102.32	-13.33	2.123	>
9.0.1		101.45	-13.47	2.107	>
9.0.1		101.76	-13.49	2.105	>
9.0.1	9.0.2	101.84	-13.43	2.112	>
9.0.2		199.67	-77.08	0.354	>
9.0.2		232.10	6.45	1.436	>
9.0.2		241.10	26.72	1.119	>
9.0.2		250.26	43.60	0.800	>
9.0.2		263.71	63.85	0.973	>
9.0.2		201.43	20.46	1.862	>
9.0.2		172.95	15.47	2.415	>
9.0.2		171.97	8.37	2.460	>
9.0.2		156.76	4.88	2.504	>
9.0.2		143.81	0.03	2.456	>
9.0.2		144.59	2.32	2.889	>
9.0.2		220.86	77.07	3.836	>
9.0.2		83.47	-30.98	3.018	>
9.0.2		21.97	-45.09	0.959	>
9.0.2		21.74	-45.16	0.959	>
9.0.2		24.41	-47.10	0.876	>
9.0.2		24.31	-47.22	0.874	>
9.0.2		24.19	-47.01	0.876	>
9.0.2	9.0.3	24.30	-47.11	0.875	>
9.0.3		315.69	-12.75	0.717	>
3	3.1	106.75	-66.34	4.728	>
3.1		30.21	-2.25	0.492	>
3.1		357.97	-7.46	1.559	>
3.1		349.08	-7.62	1.373	>
3.1		286.85	-0.98	0.900	>
3.1		292.62	-69.50	2.145	>
3.1		40.17	-78.02	8.490	>
3.1		27.27	-70.21	8.703	>
3.1		26.84	-70.06	8.578	>
3.1		26.89	-70.14	8.584	>
3.1		26.84	-70.19	8.560	>
3.1	3.2	26.86	-70.13	8.574	>
3.2		111.94	5.06	0.257	>
3.2		180.73	5.45	2.372	>
3.2		212.80	6.80	3.009	>
3.2		241.30	5.61	2.214	>
3.2		277.63	6.43	2.099	>
3.2		319.96	-1.65	2.647	>
3.2		346.35	-2.55	3.238	>
3.2		5.64	-4.11	2.514	>
3.2		345.47	47.17	4.626	>
3.2		341.31	61.33	6.770	>
3.2		337.45	69.12	2.252	>
3.2		323.11	68.38	4.226	>
3.2		295.69	79.15	7.163	>
3.2		271.79	75.33	3.387	>
3.2		347.41	-21.18	3.832	>

PLAN
STATIONS
0.000	0.000	0
-1.541	1.234	1
-5.605	1.225	2
-7.097	0.568	3
-7.002	-2.431	4
-6.653	-6.527	5
-4.064	-5.661	6
-3.070	-5.725	7
-1.057	-5.415	8
2.957	-8.382	9
1.714	-5.617	10
0.036	-7.797	11
1.289	-10.570	9.1
1.476	-13.732	9.2
1.098	-17.594	9.3
3.428	-8.708	9.0.1
5.438	-9.129	9.0.2
5.683	-8.586	9.0.3
-5.280	0.021	3.1
-3.963	2.621	3.2
SHOTS
0.000	0.000	-0.337	-0.003
0.000	0.000	-1.541	1.234
-1.541	1.234	-5.610	1.212
-1.541	1.234	-5.615	1.186
-1.541	1.234	-5.385	1.163
-1.541	1.234	-5.605	1.225
-5.605	1.225	-4.832	1.898
-5.605	1.225	-5.067	1.520
-5.605	1.225	-5.149	1.772
-5.605	1.225	-5.705	2.275
-5.605	1.225	-6.071	2.450
-5.605	1.225	-6.518	1.808
-5.605	1.225	-6.185	1.178
-5.605	1.225	-6.196	1.282
-5.605	1.225	-7.097	0.568
-7.097	0.568	-6.240	0.351
-7.097	0.568	-6.679	0.298
-7.097	0.568	-7.502	0.341
-7.097	0.568	-6.763	0.244
-7.097	0.568	-6.275	0.245
-7.097	0.568	-6.086	-0.580
-7.097	0.568	-4.697	0.310
-7.097	0.568	-6.601	-0.661
-7.097	0.568	-6.523	-1.661
-7.097	0.568	-7.436	-1.286
-7.097	0.568	-7.173	-2.007
-7.097	0.568	-7.538	1.246
-7.097	0.568	-7.438	2.894
-7.097	0.568	-6.479	1.214
-7.097	0.568	-5.404	2.373
-7.097	0.568	-5.286	0.004
-7.097	0.568	-5.265	0.001
-7.097	0.568	-5.045	-0.067
-7.097	0.568	-7.002	-2.431
-7.002	-2.431	-6.978	-2.490
-7.002	-2.431	-6.481	-2.517
-7.002	-2.431	-6.676	-2.402
-7.002	-2.431	-7.190	-2.464
-7.002	-2.431	-7.436	-2.488
-7.002	-2.431	-7.601	-2.565
-7.002	-2.431	-7.337	-2.478
-7.002	-2.431	-7.671	-2.531
-7.002	-2.431	-7.216	-2.470
-7.002	-2.431	-6.812	-2.380
-7.002	-2.431	-6.593	-2.114
-7.002	-2.431	-6.370	-1.507
-7.002	-2.431	-6.945	-3.135
-7.002	-2.431	-7.067	-3.202
-7.002	-2.431	-7.175	-3.299
-7.002	-2.431	-7.761	-2.038
-7.002	-2.431	-7.686	-2.000
-7.002	-2.431	-7.259	-2.327
-7.002	-2.431	-6.653	-6.527
-6.653	-6.527	-6.748	-8.789
-6.653	-6.527	-6.761	-7.052
-6.653	-6.527	-6.711	-9.021
-6.653	-6.527	-6.837	-6.536
-6.653	-6.527	-6.737	-6.158
-6.653	-6.527	-6.412	-6.030
-6.653	-6.527	-6.414	-5.892
-6.653	-6.527	-6.419	-5.880
-6.653	-6.527	-6.056	-6.458
-6.653	-6.527	-6.358	-5.930
-6.653	-6.527	-6.071	-6.452
-6.653	-6.527	-4.064	-5.661
-4.064	-5.661	-4.129	-5.843
-4.064	-5.661	-4.134	-6.167
-4.064	-5.661	-4.131	-6.098
-4.064	-5.661	-4.072	-5.811
-4.064	-5.661	-4.000	-5.657
-4.064	-5.661	-3.070	-5.725
-3.070	-5.725	-2.057	-5.776
-3.070	-5.725	-3.141	-5.436
-3.070	-5.725	-3.110	-5.535
-3.070	-5.725	-3.102	-5.877
-3.070	-5.725	-3.138	-5.808
-3.070	-5.725	-1.057	-5.415
-1.057	-5.415	3.411	-8.713
-1.057	-5.415	2.957	-8.382
2.957	-8.382	-0.530	-6.687
2.957	-8.382	-0.406	-6.168
2.957	-8.382	-0.095	-5.786
2.957	-8.382	1.037	-4.824
2.957	-8.382	1.868	-3.884
2.957	-8.382	2.757	-4.863
2.957	-8.382	3.546	-5.604
2.957	-8.382	3.816	-6.136
2.957	-8.382	1.080	-9.315
2.957	-8.382	0.629	-9.387
2.957	-8.382	0.930	-10.743
2.957	-8.382	1.796	-9.979
2.957	-8.382	1.454	-9.887
2.957	-8.382	0.255	-6.657
2.957	-8.382	0.546	-6.127
2.957	-8.382	3.279	-3.341
2.957	-8.382	0.542	-3.509
2.957	-8.382	2.925	-7.185
2.957	-8.382	2.471	-7.656
2.957	-8.382	2.306	-4.681
2.957	-8.382	3.021	-7.067
2.957	-8.382	1.677	-5.688
2.957	-8.382	2.158	-5.965
2.957	-8.382	2.148	-7.627
2.957	-8.382	2.163	-6.090
2.957	-8.382	1.144	-4.973
2.957	-8.382	1.714	-5.617
1.714	-5.617	1.652	-7.211
1.714	-5.617	2.326	-7.274
1.714	-5.617	2.889	-6.661
1.714	-5.617	3.200	-4.498
1.714	-5.617	3.328	-5.655
1.714	-5.617	0.036	-7.797
0.036	-7.797	0.803	-7.887
2.957	-8.382	1.289	-10.570
1.289	-10.570	2.120	-10.577
1.289	-10.570	2.167	-10.441
1.289	-10.570	1.971	-10.436
1.289	-10.570	1.575	-10.353
1.289	-10.570	1.621	-10.873
1.289	-10.570	1.348	-10.879
1.289	-10.570	1.054	-11.042
1.289	-10.570	0.985	-10.731
1.289	-10.570	0.829	-10.638
1.289	-10.570	1.476	-13.732
1.476	-13.732	0.980	-13.702
1.476	-13.732	1.378	-13.794
1.476	-13.732	1.083	-13.804
1.476	-13.732	0.886	-13.214
1.476	-13.732	1.062	-12.551
1.476	-13.732	1.358	-17.060
1.476	-13.732	1.445	-15.403
1.476	-13.732	1.650	-16.624
1.476	-13.732	1.690	-15.076
1.476	-13.732	0.907	-17.380
1.476	-13.732	0.872	-14.630
1.476	-13.732	1.022	-17.562
1.476	-13.732	1.098	-17.594
1.098	-17.594	1.882	-15.418
1.098	-17.594	1.484	-17.674
1.098	-17.594	1.322	-16.745
1.098	-17.594	0.829	-16.803
1.098	-17.594	0.915	-17.535
1.098	-17.594	0.663	-18.651
1.098	-17.594	1.374	-18.131
1.098	-17.594	1.067	-17.331
1.098	-17.594	1.197	-17.110
1.098	-17.594	1.207	-17.039
2.957	-8.382	3.428	-8.708
3.428	-8.708	2.841	-9.063
3.428	-8.708	3.579	-8.219
3.428	-8.708	3.534	-8.295
3.428	-8.708	3.420	-8.449
3.428	-8.708	5.447	-9.110
3.428	-8.708	5.444	-9.130
3.428	-8.708	6.263	-9.308
3.428	-8.708	5.448	-9.138
3.428	-8.708	5.444	-9.136
3.428	-8.708	6.282	-9.328
3.428	-8.708	5.438	-9.129
5.438	-9.129	5.411	-9.204
5.438	-9.129	4.312	-10.006
5.438	-9.129	4.563	-9.612
5.438	-9.129	4.892	-9.325
5.438	-9.129	5.012	-9.176
5.438	-9.129	4.800	-10.753
5.438	-9.129	5.723	-11.439
5.438	-9.129	5.778	-11.539
5.438	-9.129	6.422	-11.422
5.438	-9.129	6.888	-11.111
5.438	-9.129	7.110	-11.482
5.438	-9.129	4.876	-9.778
5.438	-9.129	8.008	-8.835
5.438	-9.129	5.691	-8.501
5.438	-9.129	5.688	-8.501
5.438	-9.129	5.683	-8.586
5.683	-8.586	5.194	-8.086
-7.097	0.568	-5.280	0.021
-5.280	0.021	-5.032	0.446
-5.280	0.021	-5.334	1.566
-5.280	0.021	-5.537	1.358
-5.280	0.021	-6.141	0.282
-5.280	0.021	-5.973	0.310
-5.280	0.021	-4.143	1.367
-5.280	0.021	-3.930	2.640
-5.280	0.021	-3.963	2.621
-3.963	2.621	-3.726	2.526
-3.963	2.621	-3.993	0.260
-3.963	2.621	-5.582	0.110
-3.963	2.621	-5.896	1.563
-3.963	2.621	-6.030	2.898
-3.963	2.621	-5.665	4.647
-3.963	2.621	-4.726	5.765
-3.963	2.621	-3.717	5.117
-3.963	2.621	-4.752	5.666
-3.963	2.621	-5.004	5.698
-3.963	2.621	-4.271	3.363
-3.963	2.621	-4.898	3.866
-3.963	2.621	-5.178	3.206
-3.963	2.621	-4.820	2.648
-3.963	2.621	-4.742	6.108
POLYLINE BLACK
-5.282	1.059
-4.601	1.032
-3.920	1.004
-3.239	0.976
-3.108	0.988
-2.977	1.010
-2.845	1.013
-2.543	1.019
-2.221	0.944
-1.931	0.894
POLYLINE BLACK
-5.163	1.086
-5.317	1.083
-5.471	1.079
-5.624	1.076
-5.669	1.070
-5.799	1.037
-5.759	1.057
-5.650	1.112
-5.478	1.130
-5.357	1.132
-5.310	1.133
-5.264	1.126
-5.218	1.123
POLYLINE BLACK
-5.269	1.899
-5.040	1.920
-4.802	1.835
-4.579	1.915
-4.528	1.933
-4.489	1.971
-4.447	2.003
POLYLINE BLACK
-5.811	2.410
-5.632	2.256
-5.587	2.190
-5.385	2.101
-5.284	2.057
-5.178	2.025
-5.074	1.987
POLYLINE BLACK
-5.764	2.376
-5.875	2.402
-5.985	2.429
-6.096	2.455
-6.112	2.456
-6.128	2.462
-6.144	2.460
-6.185	2.452
-6.225	2.437
-6.265	2.425
POLYLINE BLACK
-6.574	1.751
-6.715	2.047
-6.681	2.023
-6.873	2.259
-6.896	2.287
-6.921	2.313
-6.950	2.334
-7.038	2.398
-7.131	2.454
-7.222	2.515
POLYLINE BLACK
-6.229	2.461
-6.388	2.489
-6.434	2.527
-6.538	2.645
-6.608	2.725
-6.677	2.804
-6.746	2.885
POLYLINE BLACK
-7.469	2.758
-7.627	2.913
-7.562	2.835
-7.669	2.984
POLYLINE BLACK
-7.711	3.357
-7.806	3.438
-7.760	3.385
-7.830	3.530
POLYLINE BLACK
-6.818	3.283
-6.923	3.406
POLYLINE BLACK
-7.045	3.976
-7.048	4.289
POLYLINE BLACK
-6.589	1.808
-6.419	1.581
-6.489	1.683
-6.375	1.505
POLYLINE BLACK
-6.287	1.438
-6.247	1.383
POLYLINE BLACK
-6.281	1.465
-6.321	1.496
-6.362	1.523
-6.400	1.556
-6.483	1.629
-6.539	1.782
-6.565	1.875
-6.580	1.928
-6.581	1.985
-6.589	2.040
POLYLINE BLACK
-6.241	1.377
-6.305	1.237
-6.371	1.199
-6.492	1.111
POLYLINE BLACK
-5.291	1.970
-5.120	2.002
-5.157	1.976
-4.993	1.914
-4.968	1.905
-4.941	1.901
-4.915	1.895
-4.846	1.880
-4.776	1.865
-4.707	1.850
POLYLINE BLACK
-5.120	2.011
-5.080	1.971
-5.037	1.934
-4.999	1.891
-4.918	1.799
-4.907	1.721
-4.858	1.615
-4.827	1.547
-4.777	1.492
-4.716	1.450
-4.608	1.376
-4.437	1.398
-4.328	1.400
-3.995	1.408
-3.662	1.442
-3.328	1.439
-1.883	1.426
-3.346	1.355
-2.564	1.400
POLYLINE BLACK
-6.372	1.232
-6.415	1.202
-6.462	1.176
-6.503	1.142
-6.650	1.016
-6.780	0.869
-6.934	0.752
-7.702	0.171
-7.336	0.588
-7.597	0.278
POLYLINE BLACK
-5.615	1.113
-5.736	1.050
-5.821	0.976
-5.892	0.859
-5.920	0.813
-5.937	0.763
-5.962	0.715
-6.059	0.525
-6.158	0.335
-6.256	0.145
POLYLINE BLACK
-6.147	0.413
-6.189	0.307
-6.169	0.364
-6.204	0.240
POLYLINE BLACK
-6.376	0.028
-6.467	-0.177
-6.508	-0.251
-6.557	-0.513
-6.582	-0.646
-6.582	-0.783
-6.595	-0.918
POLYLINE BLACK
-7.516	0.380
-7.538	0.271
-7.566	0.163
-7.581	0.052
-7.613	-0.192
-7.540	-0.712
-7.522	-0.838
-7.502	-0.980
-7.470	-1.120
-7.433	-1.258
-7.408	-1.356
-7.368	-1.450
-7.335	-1.546
POLYLINE BLACK
-6.366	1.209
-6.251	1.180
-6.104	1.172
-6.037	1.059
-6.018	1.027
-6.002	0.993
-5.986	0.960
-5.959	0.902
-5.968	0.894
-5.934	0.854
-5.903	0.817
-5.861	0.795
-5.822	0.768
POLYLINE BLACK
-6.354	1.006
-6.248	1.114
-6.315	1.052
-6.146	1.183
POLYLINE BLACK
-6.173	0.911
-6.082	1.023
-6.145	0.959
-5.959	1.074
POLYLINE BLACK
-6.054	0.786
-5.895	0.911
POLYLINE BLACK
-7.064	0.486
-7.065	0.431
-7.073	0.384
-7.059	0.333
-7.040	0.264
-6.978	0.203
-6.930	0.159
-6.844	0.081
-6.696	-0.015
-6.593	-0.056
-6.491	-0.096
-6.382	-0.119
-6.277	-0.151
POLYLINE BLACK
-7.001	0.382
-6.908	0.477
-6.962	0.429
-6.833	0.520
POLYLINE BLACK
-6.850	0.166
-6.811	0.299
-6.840	0.226
-6.749	0.377
POLYLINE BLACK
-6.691	0.011
-6.641	0.171
-6.676	0.077
-6.572	0.289
POLYLINE BLACK
-6.534	-0.142
-6.507	-0.021
-6.526	-0.081
-6.473	0.038
POLYLINE BLACK
-7.463	-1.197
-7.448	-1.657
-7.395	-1.876
-7.481	-2.264
-7.512	-2.404
-7.578	-2.531
-7.637	-2.660
POLYLINE BLACK
-6.516	-0.423
-6.530	-0.480
-6.551	-0.536
-6.558	-0.595
-6.607	-1.021
-6.514	-1.117
-6.413	-1.580
-6.399	-1.643
-6.396	-1.708
-6.388	-1.772
POLYLINE BLACK
-6.443	-1.465
-6.450	-1.571
-6.451	-1.677
-6.462	-1.783
-6.475	-1.909
-6.503	-2.034
-6.515	-2.160
-6.524	-2.257
-6.476	-2.543
-6.473	-2.588
-6.470	-2.625
-6.477	-2.663
-6.479	-2.701
POLYLINE BLACK
-8.010	-2.239
-8.020	-2.239
POLYLINE BLACK
-7.436	-2.007
-7.520	-1.963
-7.610	-1.910
-7.709	-1.911
-7.886	-1.913
-8.032	-2.050
-8.178	-2.124
-8.225	-2.148
-8.277	-2.161
-8.326	-2.179
POLYLINE BLACK
-7.387	-2.126
-7.448	-2.135
-7.533	-2.137
-7.593	-2.169
-7.637	-2.191
-7.677	-2.221
-7.720	-2.246
-7.980	-2.395
-8.102	-2.492
-8.353	-2.557
POLYLINE BLACK
-7.589	-1.891
-7.533	-1.901
-7.478	-1.910
-7.422	-1.920
-7.410	-1.918
-7.374	-1.915
-7.386	-1.915
-7.643	-1.913
-7.818	-1.899
-8.050	-2.008
-8.137	-2.049
-8.315	-2.178
-8.406	-2.232
-8.440	-2.252
-8.477	-2.268
-8.512	-2.287
POLYLINE BLACK
-7.592	-2.493
-7.708	-2.662
-7.705	-2.776
-7.707	-2.976
POLYLINE BLACK
-7.634	-2.550
-7.646	-2.608
-7.671	-2.666
-7.670	-2.726
-7.655	-3.525
-7.594	-3.839
-7.356	-4.652
-7.282	-4.905
-7.159	-5.141
-7.080	-5.392
-6.978	-5.713
-6.911	-6.578
-6.890	-6.727
-6.882	-6.788
-6.860	-6.845
-6.844	-6.905
POLYLINE BLACK
-9.059	-2.605
-8.564	-2.333
POLYLINE BLACK
-8.876	-2.947
-8.721	-2.759
-8.678	-2.752
-8.456	-2.639
POLYLINE BLACK
-6.885	-6.852
-6.874	-6.921
-6.864	-6.990
-6.853	-7.059
-6.758	-7.658
-6.885	-6.652
-6.846	-8.168
-6.839	-8.437
-6.803	-8.705
-6.777	-8.973
-6.775	-8.995
-6.769	-9.017
-6.761	-9.038
-6.731	-9.122
-6.629	-8.985
-6.627	-8.944
-6.545	-7.081
-6.644	-7.807
-6.549	-7.133
POLYLINE BLACK
-6.409	-2.516
-6.425	-2.566
-6.446	-2.614
-6.458	-2.665
-6.467	-2.701
-6.472	-2.739
-6.471	-2.776
-6.447	-3.586
-6.423	-4.396
-6.383	-5.206
-6.370	-5.465
-6.336	-5.723
-6.311	-5.982
-6.310	-5.997
-6.318	-6.018
-6.305	-6.026
-6.295	-6.033
-6.285	-6.012
-6.279	-6.002
-6.264	-5.980
-6.254	-5.955
-6.241	-5.932
POLYLINE BLACK
-6.029	-6.467
-6.094	-6.490
-6.137	-6.497
-6.190	-6.537
-6.373	-6.676
-6.465	-6.912
-6.476	-7.137
-6.479	-7.184
-6.470	-7.231
-6.467	-7.278
POLYLINE BLACK
-6.397	-6.965
-6.471	-7.047
-6.558	-7.141
-6.552	-7.261
-6.550	-7.326
-6.540	-7.391
-6.534	-7.455
POLYLINE BLACK
-6.257	-5.836
-6.244	-5.932
-6.223	-6.129
-6.078	-6.089
-5.812	-6.017
-5.545	-5.952
-5.282	-5.868
-5.083	-5.805
-4.593	-5.563
-4.252	-5.530
-4.162	-5.522
-3.890	-5.586
-3.845	-5.594
POLYLINE BLACK
-3.937	-6.099
-5.662	-6.359
-4.049	-6.094
-5.237	-6.334
-5.482	-6.383
-5.676	-6.391
-5.901	-6.465
-5.946	-6.480
-5.987	-6.502
-6.030	-6.520
POLYLINE BLACK
-3.972	-5.472
-3.962	-5.471
POLYLINE BLACK
-3.873	-5.517
-3.242	-5.502
-3.529	-5.534
-3.011	-5.444
POLYLINE BLACK
-4.058	-6.144
-3.307	-5.858
-4.331	-6.227
-3.344	-5.960
-3.207	-5.923
-3.079	-5.861
-2.946	-5.811
POLYLINE BLACK
-2.946	-5.793
-2.488	-5.736
-1.850	-5.482
-1.316	-5.570
POLYLINE BLACK
-3.221	-5.393
-3.215	-5.394
POLYLINE BLACK
-3.167	-5.404
-0.574	-5.377
-4.501	-5.399
-1.167	-5.359
-1.128	-5.359
-1.089	-5.365
-1.051	-5.372
-0.987	-5.384
-0.924	-5.401
-0.861	-5.416
POLYLINE BLACK
3.229	-8.196
3.161	-8.280
3.087	-8.359
3.025	-8.447
2.972	-8.522
2.459	-9.489
3.199	-8.110
POLYLINE BLACK
-1.345	-5.545
-1.027	-5.652
-0.657	-5.795
-0.460	-6.081
-0.407	-6.158
-0.399	-6.276
-0.383	-6.359
POLYLINE BLACK
0.067	-5.640
0.072	-5.643
POLYLINE BLACK
-0.719	-5.213
-0.805	-5.286
POLYLINE BLACK
-0.909	-5.426
-0.790	-5.449
-0.589	-5.431
-0.472	-5.518
-0.259	-5.677
-0.316	-5.676
-0.110	-5.763
0.017	-5.817
0.139	-5.803
0.269	-5.777
POLYLINE BLACK
3.883	-6.102
3.785	-6.938
3.847	-6.704
3.436	-7.817
3.406	-7.898
3.352	-7.968
3.300	-8.038
3.251	-8.104
3.190	-8.160
3.135	-8.222
POLYLINE BLACK
-0.437	-6.294
-0.456	-6.413
-0.475	-6.532
-0.494	-6.652
-0.495	-6.687
-0.502	-6.723
-0.497	-6.759
-0.493	-6.793
-0.477	-6.824
-0.466	-6.857
POLYLINE BLACK
-0.028	-7.923
0.064	-8.100
0.156	-8.276
0.248	-8.453
0.352	-8.730
0.688	-9.550
0.558	-9.284
0.222	-8.598
-0.081	-7.897
-0.371	-7.190
-0.389	-7.147
-0.486	-6.816
-0.485	-6.664
-0.484	-6.629
-0.478	-6.595
-0.475	-6.560
POLYLINE BLACK
0.595	-9.256
0.755	-9.512
POLYLINE BLACK
0.544	-9.328
0.995	-9.555
0.964	-9.493
1.238	-9.732
1.261	-9.752
1.283	-9.774
1.302	-9.799
1.333	-9.840
1.359	-9.885
1.387	-9.928
POLYLINE BLACK
1.827	-9.936
1.909	-9.875
2.396	-9.586
2.544	-9.361
2.996	-8.669
2.688	-9.023
3.016	-8.669
POLYLINE BLACK
3.099	-6.923
2.962	-7.196
2.810	-7.503
2.505	-7.621
2.389	-7.666
2.085	-7.671
2.059	-7.673
POLYLINE BLACK
0.271	-5.673
0.301	-5.721
0.335	-5.769
0.363	-5.819
0.395	-5.880
0.417	-5.970
0.420	-6.036
0.423	-6.130
0.419	-6.225
0.414	-6.319
0.412	-6.359
0.395	-6.477
0.397	-6.437
0.403	-6.337
0.428	-6.237
0.425	-6.137
0.416	-5.869
0.393	-5.844
0.314	-5.641
POLYLINE BLACK
0.312	-6.489
0.277	-6.626
0.294	-6.539
0.281	-6.752
POLYLINE BLACK
0.289	-6.520
0.279	-6.589
0.264	-6.640
0.275	-6.707
0.330	-7.032
0.671	-7.252
0.928	-7.402
1.399	-7.677
1.572	-7.669
2.213	-7.780
2.267	-7.789
2.322	-7.777
2.377	-7.776
POLYLINE BLACK
2.716	-7.459
2.882	-7.337
3.110	-7.201
3.232	-7.019
3.365	-6.821
3.485	-6.613
3.595	-6.401
3.730	-6.141
3.727	-6.110
3.771	-5.894
POLYLINE BLACK
0.321	-5.809
0.715	-5.664
POLYLINE BLACK
0.330	-6.731
0.480	-6.741
0.390	-6.741
0.598	-6.715
POLYLINE BLACK
0.470	-7.116
0.772	-6.817
POLYLINE BLACK
0.904	-7.343
0.980	-7.198
0.935	-7.277
1.042	-7.108
POLYLINE BLACK
1.302	-7.614
1.371	-7.432
POLYLINE BLACK
1.662	-7.718
1.701	-7.498
POLYLINE BLACK
1.988	-7.770
1.985	-7.415
POLYLINE BLACK
2.316	-7.693
2.283	-7.377
POLYLINE BLACK
2.769	-7.516
2.702	-7.204
POLYLINE BLACK
2.951	-7.247
2.851	-7.028
POLYLINE BLACK
3.276	-7.044
3.089	-6.817
POLYLINE BLACK
3.426	-6.657
3.264	-6.410
POLYLINE BLACK
0.259	-5.684
0.322	-5.706
0.384	-5.735
0.449	-5.749
0.713	-5.809
1.017	-5.769
1.270	-5.685
1.848	-5.493
2.358	-4.965
2.800	-4.647
2.876	-4.592
3.006	-4.521
3.112	-4.521
3.393	-4.519
3.607	-4.821
3.722	-5.039
3.804	-5.193
3.824	-5.415
3.835	-5.568
3.839	-5.627
3.853	-5.924
3.801	-6.044
3.676	-6.333
3.653	-6.356
3.517	-6.572
POLYLINE BLACK
-7.080	1.010
-7.183	1.071
-7.129	1.045
-7.240	1.090
POLYLINE BLACK
1.341	-9.965
1.296	-10.130
1.257	-10.297
1.207	-10.461
1.195	-10.500
1.176	-10.538
1.155	-10.573
1.130	-10.615
1.102	-10.655
1.072	-10.693
1.070	-10.695
1.066	-10.692
1.062	-10.691
1.066	-10.678
1.069	-10.663
1.074	-10.650
1.108	-10.545
1.150	-10.442
1.181	-10.336
1.195	-10.288
1.198	-10.237
1.207	-10.187
POLYLINE BLACK
1.876	-9.846
1.485	-10.833
POLYLINE BLACK
1.925	-9.885
1.911	-9.951
1.893	-10.016
1.882	-10.082
1.854	-10.263
1.971	-10.573
1.994	-10.700
2.015	-10.812
2.005	-10.954
2.001	-11.067
POLYLINE BLACK
1.162	-10.372
1.163	-10.830
1.165	-11.287
1.166	-11.745
1.179	-12.095
1.217	-12.444
1.204	-12.794
1.185	-13.307
1.096	-13.285
1.039	-13.694
1.028	-13.775
1.032	-13.857
1.028	-13.938
POLYLINE BLACK
1.911	-9.950
1.845	-10.697
1.779	-11.443
1.713	-12.190
1.711	-12.556
1.733	-12.924
1.708	-13.290
1.604	-14.790
1.561	-13.747
1.585	-14.243
POLYLINE BLACK
1.038	-13.919
1.092	-14.384
POLYLINE BLACK
1.050	-14.568
1.037	-15.085
1.081	-15.268
0.970	-15.681
0.934	-15.812
0.888	-15.940
0.847	-16.069
POLYLINE BLACK
1.031	-14.531
0.667	-16.674
0.716	-15.889
0.670	-16.865
POLYLINE BLACK
1.691	-14.365
1.707	-14.494
1.716	-14.624
1.738	-14.753
1.755	-14.854
1.804	-14.950
1.807	-15.052
1.840	-16.216
1.837	-16.070
1.686	-16.906
POLYLINE BLACK
0.673	-16.734
0.758	-17.204
0.659	-16.746
0.937	-17.506
0.978	-17.617
0.979	-17.800
0.986	-17.904
POLYLINE BLACK
1.759	-16.737
1.722	-16.775
1.679	-16.808
1.647	-16.851
1.525	-17.021
1.420	-17.218
1.361	-17.419
1.322	-17.549
1.304	-17.684
1.276	-17.816
POLYLINE BLACK
0.975	-18.150
0.876	-18.446
POLYLINE BLACK
0.869	-18.696
0.844	-18.834
POLYLINE BLACK
1.328	-18.091
1.304	-18.293
POLYLINE BLACK
1.267	-18.693
1.249	-18.855
POLYLINE BLACK
1.288	-19.084
1.275	-19.158
POLYLINE BLACK
2.908	-8.750
2.992	-8.910
2.986	-9.003
3.000	-9.189
POLYLINE BLACK
3.252	-8.129
4.076	-8.585
POLYLINE BLACK
2.912	-8.767
3.139	-8.799
3.339	-8.838
3.525	-8.969
3.595	-9.019
3.654	-9.107
3.703	-9.168
POLYLINE BLACK
-0.450	-5.560
-0.450	-5.540
POLYLINE BLACK
3.990	-8.507
3.996	-8.517
POLYLINE BLACK
3.257	-8.868
3.418	-8.875
3.474	-8.864
3.615	-8.908
3.708	-8.937
3.874	-9.036
3.938	-9.070
POLYLINE BLACK
3.927	-8.480
4.086	-8.500
4.319	-8.466
4.478	-8.558
4.601	-8.629
4.718	-8.712
4.844	-8.779
5.093	-8.911
4.988	-8.797
5.268	-8.927
5.376	-8.977
5.475	-9.046
5.578	-9.106
POLYLINE BLACK
5.390	-9.061
5.571	-9.017
5.770	-8.951
5.887	-8.794
5.945	-8.715
6.033	-8.496
6.050	-8.461
POLYLINE BLACK
6.344	-9.057
6.377	-9.445
6.295	-9.066
6.299	-8.952
6.302	-8.870
6.347	-8.791
6.375	-8.718
POLYLINE BLACK
6.259	-9.027
6.295	-9.223
6.315	-9.370
6.442	-9.518
6.546	-9.638
6.626	-9.678
6.755	-9.787
6.781	-9.808
6.802	-9.833
6.825	-9.856
POLYLINE BLACK
6.421	-7.497
6.435	-7.456
6.446	-7.414
6.462	-7.373
6.488	-7.306
6.574	-7.386
6.590	-7.418
6.603	-7.444
6.605	-7.475
6.597	-7.504
6.577	-7.575
6.544	-7.601
6.507	-7.680
6.470	-7.758
6.432	-7.990
6.525	-8.048
6.565	-8.073
6.637	-8.057
6.669	-8.056
POLYLINE BLACK
6.490	-8.279
6.557	-8.320
POLYLINE BLACK
6.955	-6.934
7.062	-7.781
6.978	-7.475
7.099	-7.875
POLYLINE BLACK
7.407	-6.873
7.472	-7.531
7.428	-7.247
7.518	-7.728
POLYLINE BLACK
7.774	-6.656
7.956	-7.639
POLYLINE BLACK
7.002	-8.250
7.129	-8.263
POLYLINE BLACK
7.478	-8.205
7.536	-8.235
POLYLINE BLACK
8.000	-8.043
8.070	-8.074
POLYLINE BLACK
3.759	-8.880
3.972	-8.982
4.246	-9.052
4.357	-9.284
4.422	-9.421
4.430	-9.518
4.387	-9.663
4.378	-9.693
4.363	-9.722
4.351	-9.751
4.342	-9.773
4.330	-9.794
4.323	-9.817
4.300	-9.901
4.283	-9.991
4.304	-10.078
4.352	-10.279
4.567	-10.403
4.703	-10.537
4.842	-10.675
4.887	-10.878
5.028	-11.013
5.132	-11.113
5.369	-11.191
5.490	-11.258
5.533	-11.281
5.574	-11.309
5.610	-11.342
5.680	-11.406
5.791	-11.559
5.903	-11.622
6.210	-11.795
6.676	-11.618
6.953	-11.574
6.982	-11.569
7.012	-11.570
7.041	-11.573
7.255	-11.590
7.396	-11.750
7.567	-11.865
7.589	-11.880
7.651	-11.910
7.682	-11.896
7.744	-11.869
7.709	-11.695
7.705	-11.670
7.701	-11.646
7.696	-11.621
7.684	-11.599
7.574	-11.399
7.459	-11.202
7.338	-11.008
7.272	-10.901
7.193	-10.803
7.126	-10.697
7.059	-10.592
7.013	-10.261
6.997	-10.198
6.963	-10.066
6.847	-9.922
6.757	-9.827
POLYLINE BLACK
5.613	-9.263
5.504	-9.269
5.381	-9.259
5.283	-9.320
5.195	-9.374
5.101	-9.510
5.177	-9.610
5.255	-9.712
5.483	-9.745
5.594	-9.682
5.668	-9.639
5.743	-9.575
5.769	-9.490
5.796	-9.404
5.790	-9.281
5.688	-9.250
5.672	-9.246
5.655	-9.236
5.640	-9.241
5.589	-9.258
5.544	-9.290
5.497	-9.315
POLYLINE BLACK
5.378	-9.421
5.632	-9.510
POLYLINE BLACK
5.607	-9.256
5.484	-9.467
5.541	-9.346
5.452	-9.623
POLYLINE BLACK
6.367	-9.322
6.468	-9.241
6.519	-9.182
6.630	-9.138
6.661	-9.126
6.693	-9.117
6.726	-9.110
6.860	-9.081
6.994	-9.058
7.128	-9.030
7.314	-8.990
7.497	-8.942
7.684	-8.908
7.810	-8.885
7.917	-8.899
8.043	-8.906
POLYLINE BLACK
5.340	-9.065
5.483	-8.983
5.623	-8.894
5.770	-8.819
5.921	-8.743
6.210	-8.680
6.352	-8.672
7.603	-8.605
6.761	-8.732
7.641	-8.659
7.735	-8.651
7.854	-8.586
7.930	-8.552
POLYLINE BLACK
-6.443	-0.015
-6.460	-0.067
POLYLINE BLACK
-6.384	-0.091
-6.054	0.056
-5.699	-0.122
-5.366	-0.057
-5.320	-0.048
-5.166	0.016
-5.164	0.017
POLYLINE BLACK
-6.176	0.379
-6.096	0.395
-6.004	0.424
-5.919	0.417
-5.881	0.414
-5.844	0.403
-5.806	0.397
POLYLINE BLACK
-5.850	0.838
-5.849	0.841
POLYLINE BLACK
-5.354	0.020
-5.351	0.023
POLYLINE BLACK
-5.311	-0.000
-4.933	0.185
POLYLINE BROWN
-3.816	5.487
-3.740	5.366
-3.657	5.248
-3.589	5.122
-3.557	5.064
-3.533	5.000
-3.516	4.936
-3.480	4.802
-3.444	4.666
-3.429	4.528
-3.404	4.310
-3.420	4.070
-3.473	3.856
-3.590	3.377
-3.697	3.198
-3.727	2.796
-3.729	2.762
-3.723	2.728
-3.722	2.695
-3.711	2.641
-3.687	2.588
-3.689	2.533
-3.716	1.885
-3.709	1.056
-3.898	0.374
-3.923	0.284
-3.968	0.200
-4.003	0.113
POLYLINE BROWN
-3.722	5.444
-3.886	5.532
-4.154	5.710
-4.377	5.761
-4.431	5.774
-4.486	5.778
-4.542	5.782
-4.614	5.788
-4.688	5.780
-4.753	5.746
-4.920	5.657
-5.234	5.179
-5.284	5.119
-5.363	5.022
-5.428	5.006
-5.525	4.925
-5.579	4.879
-5.638	4.806
-5.669	4.742
-5.801	4.477
-5.798	4.166
-5.859	3.882
-5.880	3.784
-6.010	3.505
-6.029	3.452
-6.073	3.332
-6.068	3.190
-6.043	3.067
-6.033	3.019
-6.018	2.973
-6.008	2.926
-6.003	2.903
-6.007	2.879
-5.998	2.857
-5.980	2.814
-5.952	2.775
-5.929	2.733
POLYLINE BROWN
-5.987	2.995
-5.918	2.682
-5.817	2.394
-5.824	2.077
-5.827	1.970
-5.849	1.864
-5.852	1.757
-5.855	1.661
-5.815	1.519
-5.747	1.447
-5.726	1.424
-5.643	1.371
-5.639	1.369
POLYLINE BROWN
-5.838	1.626
-5.745	1.431
-5.620	1.318
-5.465	1.177
POLYLINE BROWN
-5.571	1.330
-5.509	1.276
-5.367	1.212
-5.343	1.109
-5.337	1.083
-5.341	1.013
-5.341	1.006
POLYLINE BROWN
-5.598	1.323
-5.535	1.237
-5.474	1.151
-5.411	1.067
-5.352	0.990
-5.339	0.996
-5.304	0.918
-5.254	0.806
-5.289	0.673
-5.370	0.585
-5.461	0.487
-5.645	0.470
-5.742	0.421
-5.862	0.360
-5.971	0.279
-6.085	0.208
POLYLINE BROWN
-3.872	0.658
-3.909	0.594
-3.941	0.528
-3.982	0.467
-4.106	0.281
-4.424	0.138
-4.633	0.089
-4.750	0.062
-4.872	0.054
-4.988	0.022
-5.150	-0.022
-5.224	-0.061
-5.349	-0.122
POLYLINE BROWN
-4.777	0.043
-4.566	0.103
-4.355	0.161
-4.145	0.224
-4.040	0.255
-3.966	0.352
-3.903	0.432
-3.884	0.461
-3.865	0.491
-3.845	0.520
-3.845	0.524
-3.840	0.532
-3.844	0.533
-3.850	0.536
-3.856	0.529
-3.862	0.526
-4.074	0.421
-4.283	0.309
-4.497	0.207
-4.544	0.185
-4.595	0.172
-4.643	0.154
POLYLINE BROWN
-4.504	2.556
-4.514	2.591
-4.527	2.626
-4.534	2.662
-4.539	2.681
-4.541	2.701
-4.540	2.721
-4.516	3.025
-4.486	3.328
-4.459	3.631
POLYLINE BROWN
1.039	-13.854
1.085	-13.819
1.129	-13.781
1.177	-13.748
1.297	-13.665
1.440	-13.686
1.557	-13.762
1.618	-13.802
1.699	-13.918
1.724	-13.948
POLYLINE BROWN
1.120	-13.778
1.235	-14.013
POLYLINE BROWN
1.315	-13.624
1.341	-13.817
POLYLINE BROWN
1.484	-13.637
1.479	-13.812
1.486	-13.714
1.456	-13.932
POLYLINE BROWN
1.644	-13.722
1.618	-13.901
POLYLINE BROWN
6.237	-8.477
6.164	-8.446
POLYLINE BROWN
5.139	-8.153
5.034	-8.153

ELEVATION
STATIONS
0.000	0.000	0
-1.541	0.012	1
-5.605	0.823	2
-7.097	1.461	3
-7.002	2.765	4
-6.653	4.680	5
-4.064	3.181	6
-3.070	3.113	7
-1.057	2.585	8
2.957	2.806	9
1.714	-1.125	10
0.036	0.665	11
1.289	4.609	9.1
1.476	5.019	9.2
1.098	-0.791	9.3
3.428	2.499	9.0.1
5.438	2.009	9.0.2
5.683	1.368	9.0.3
-5.280	-2.869	3.1
-3.963	-10.933	3.2
SHOTS
0.000	0.000	-0.337	-0.046
0.000	0.000	-1.541	0.012
-1.541	0.012	-5.610	0.811
-1.541	0.012	-5.615	0.814
-1.541	0.012	-5.385	0.787
-1.541	0.012	-5.605	0.823
-5.605	0.823	-4.832	0.641
-5.605	0.823	-5.067	1.586
-5.605	0.823	-5.149	-0.116
-5.605	0.823	-5.705	0.883
-5.605	0.823	-6.071	0.873
-5.605	0.823	-6.518	1.009
-5.605	0.823	-6.185	1.374
-5.605	0.823	-6.196	0.169
-5.605	0.823	-7.097	1.461
-7.097	1.461	-6.240	1.259
-7.097	1.461	-6.679	2.226
-7.097	1.461	-7.502	1.347
-7.097	1.461	-6.763	0.035
-7.097	1.461	-6.275	0.324
-7.097	1.461	-6.086	-1.715
-7.097	1.461	-4.697	-5.042
-7.097	1.461	-6.601	1.568
-7.097	1.461	-6.523	0.837
-7.097	1.461	-7.436	1.970
-7.097	1.461	-7.173	2.842
-7.097	1.461	-7.538	1.250
-7.097	1.461	-7.438	1.090
-7.097	1.461	-6.479	-0.336
-7.097	1.461	-5.404	-3.502
-7.097	1.461	-5.286	-2.841
-7.097	1.461	-5.265	-2.862
-7.097	1.461	-5.045	-3.362
-7.097	1.461	-7.002	2.765
-7.002	2.765	-6.978	1.954
-7.002	2.765	-6.481	1.997
-7.002	2.765	-6.676	2.444
-7.002	2.765	-7.190	2.194
-7.002	2.765	-7.436	2.417
-7.002	2.765	-7.601	2.618
-7.002	2.765	-7.337	2.747
-7.002	2.765	-7.671	2.667
-7.002	2.765	-7.216	2.862
-7.002	2.765	-6.812	1.936
-7.002	2.765	-6.593	1.351
-7.002	2.765	-6.370	0.612
-7.002	2.765	-6.945	2.254
-7.002	2.765	-7.067	2.691
-7.002	2.765	-7.175	3.048
-7.002	2.765	-7.761	2.125
-7.002	2.765	-7.686	1.842
-7.002	2.765	-7.259	2.624
-7.002	2.765	-6.653	4.680
-6.653	4.680	-6.748	4.444
-6.653	4.680	-6.761	4.302
-6.653	4.680	-6.711	4.851
-6.653	4.680	-6.837	3.719
-6.653	4.680	-6.737	3.676
-6.653	4.680	-6.412	4.448
-6.653	4.680	-6.414	4.122
-6.653	4.680	-6.419	3.837
-6.653	4.680	-6.056	4.167
-6.653	4.680	-6.358	4.025
-6.653	4.680	-6.071	4.152
-6.653	4.680	-4.064	3.181
-4.064	3.181	-4.129	3.051
-4.064	3.181	-4.134	3.237
-4.064	3.181	-4.131	3.444
-4.064	3.181	-4.072	3.596
-4.064	3.181	-4.000	3.566
-4.064	3.181	-3.070	3.113
-3.070	3.113	-2.057	3.050
-3.070	3.113	-3.141	2.990
-3.070	3.113	-3.110	3.198
-3.070	3.113	-3.102	2.709
-3.070	3.113	-3.138	3.473
-3.070	3.113	-1.057	2.585
-1.057	2.585	3.411	2.829
-1.057	2.585	2.957	2.806
2.957	2.806	-0.530	2.652
2.957	2.806	-0.406	2.849
2.957	2.806	-0.095	2.475
2.957	2.806	1.037	2.650
2.957	2.806	1.868	3.039
2.957	2.806	2.757	3.203
2.957	2.806	3.546	3.203
2.957	2.806	3.816	3.281
2.957	2.806	1.080	2.896
2.957	2.806	0.629	3.546
2.957	2.806	0.930	3.840
2.957	2.806	1.796	3.451
2.957	2.806	1.454	4.950
2.957	2.806	0.255	2.199
2.957	2.806	0.546	2.068
2.957	2.806	3.279	-0.170
2.957	2.806	0.542	0.707
2.957	2.806	2.925	1.349
2.957	2.806	2.471	1.672
2.957	2.806	2.306	-1.972
2.957	2.806	3.021	1.234
2.957	2.806	1.677	-1.241
2.957	2.806	2.158	10.973
2.957	2.806	2.148	8.022
2.957	2.806	2.163	12.320
2.957	2.806	1.144	4.652
2.957	2.806	1.714	-1.125
1.714	-1.125	1.652	-1.866
1.714	-1.125	2.326	-2.014
1.714	-1.125	2.889	-1.973
1.714	-1.125	3.200	-2.056
1.714	-1.125	3.328	14.861
1.714	-1.125	0.036	0.665
0.036	0.665	0.803	0.637
2.957	2.806	1.289	4.609
1.289	4.609	2.120	4.730
1.289	4.609	2.167	5.640
1.289	4.609	1.971	5.449
1.289	4.609	1.575	5.390
1.289	4.609	1.621	3.634
1.289	4.609	1.348	3.647
1.289	4.609	1.054	3.162
1.289	4.609	0.985	4.065
1.289	4.609	0.829	4.136
1.289	4.609	1.476	5.019
1.476	5.019	0.980	5.030
1.476	5.019	1.378	5.504
1.476	5.019	1.083	5.328
1.476	5.019	0.886	2.995
1.476	5.019	1.062	4.232
1.476	5.019	1.358	5.583
1.476	5.019	1.445	5.312
1.476	5.019	1.650	6.788
1.476	5.019	1.690	4.994
1.476	5.019	0.907	4.095
1.476	5.019	0.872	0.203
1.476	5.019	1.022	-0.700
1.476	5.019	1.098	-0.791
1.098	-0.791	1.882	-0.255
1.098	-0.791	1.484	-0.836
1.098	-0.791	1.322	-0.847
1.098	-0.791	0.829	-0.905
1.098	-0.791	0.915	-0.778
1.098	-0.791	0.663	-2.215
1.098	-0.791	1.374	-1.089
1.098	-0.791	1.067	-0.207
1.098	-0.791	1.197	-0.880
1.098	-0.791	1.207	-1.347
2.957	2.806	3.428	2.499
3.428	2.499	2.841	2.241
3.428	2.499	3.579	1.943
3.428	2.499	3.534	2.515
3.428	2.499	3.420	3.064
3.428	2.499	5.447	2.006
3.428	2.499	5.444	2.013
3.428	2.499	6.263	1.806
3.428	2.499	5.448	2.034
3.428	2.499	5.444	2.014
3.428	2.499	6.282	1.816
3.428	2.499	5.438	2.009
5.438	2.009	5.411	1.664
5.438	2.009	4.312	2.170
5.438	2.009	4.563	2.512
5.438	2.009	4.892	2.561
5.438	2.009	5.012	2.882
5.438	2.009	4.800	2.660
5.438	2.009	5.723	2.653
5.438	2.009	5.778	2.367
5.438	2.009	6.422	2.222
5.438	2.009	6.888	2.010
5.438	2.009	7.110	2.126
5.438	2.009	4.876	5.748
5.438	2.009	8.008	0.455
5.438	2.009	5.691	1.330
5.438	2.009	5.688	1.329
5.438	2.009	5.683	1.368
5.683	1.368	5.194	1.209
-7.097	1.461	-5.280	-2.869
-5.280	-2.869	-5.032	-2.888
-5.280	-2.869	-5.334	-3.071
-5.280	-2.869	-5.537	-3.051
-5.280	-2.869	-6.141	-2.884
-5.280	-2.869	-5.973	-4.878
-5.280	-2.869	-4.143	-11.174
-5.280	-2.869	-3.930	-11.058
-5.280	-2.869	-3.963	-10.933
-3.963	-10.933	-3.726	-10.910
-3.963	-10.933	-3.993	-10.707
-3.963	-10.933	-5.582	-10.577
-3.963	-10.933	-5.896	-10.716
-3.963	-10.933	-6.030	-10.697
-3.963	-10.933	-5.665	-11.009
-3.963	-10.933	-4.726	-11.077
-3.963	-10.933	-3.717	-11.113
-3.963	-10.933	-4.752	-7.540
-3.963	-10.933	-5.004	-4.992
-3.963	-10.933	-4.271	-8.828
-3.963	-10.933	-4.898	-7.004
-3.963	-10.933	-5.178	-3.898
-3.963	-10.933	-4.820	-7.656
-3.963	-10.933	-4.742	-12.317

