TRIP
DATE 2025-08-21
DECLINATION 0.0
DATA
0		292.62	-20.21	2.626	>
0		293.58	-21.61	2.678	>
0		293.58	-21.34	2.679	>
0		293.57	-21.48	2.679	>
0	1	293.58	-21.48	2.679	>
1		11.19	-21.86	4.151	>
1		11.46	-21.67	4.174	>
1		11.37	-21.57	4.152	>
1	2	11.34	-21.70	4.159	>
2		24.47	-6.12	1.704	>
2		24.35	-6.17	1.705	>
2		24.47	-6.02	1.706	>
2	3	24.43	-6.10	1.705	>
3		265.77	8.45	0.378	>
3		258.28	37.46	0.252	>
3		282.35	-44.95	0.347	>
3		347.50	-4.85	4.292	>
3		347.70	-4.87	4.322	>
3		347.61	-4.89	4.322	>
3	4	347.60	-4.87	4.312	>
4		134.61	-1.33	1.116	>
4		269.48	-84.64	0.605	>
4		122.58	51.80	0.549	>
4		29.87	-6.15	0.658	>
4		61.40	-10.11	2.873	>
4		60.29	-10.13	5.274	>
4		60.46	-10.18	5.309	>
4		59.88	-10.22	5.363	>
4		64.29	-9.54	5.995	>
4		59.74	-10.27	5.284	>
4		59.41	-10.34	5.301	>
4		59.40	-10.37	5.299	>
4	5	59.52	-10.33	5.295	>
5		301.74	0.48	1.001	>
5		305.32	66.89	0.336	>
5		326.28	31.45	0.768	>
5		243.24	-79.49	0.471	>
5		0.44	-21.73	12.996	>
5		0.36	-21.61	12.989	>
5		0.42	-21.68	12.975	>
5	6	0.41	-21.67	12.987	>
6		237.71	11.47	1.673	>
6		258.87	42.50	1.116	>
6		248.31	-56.16	0.231	>
6		291.90	-7.14	2.599	>
6		294.51	-6.04	2.579	>
6		294.75	-6.45	2.602	>
6	7	293.72	-6.54	2.593	>
7		75.73	-9.21	1.508	>
7		65.23	-64.63	0.842	>
7		86.04	17.77	0.583	>
7		14.27	-30.60	2.955	>
7		349.83	-35.67	2.851	>

PLAN
STATIONS
0.000	0.000	0
-2.285	0.997	1
-1.525	4.786	2
-0.824	6.329	3
-1.746	10.526	4
2.743	13.168	5
2.828	25.236	6
0.470	26.273	7
SHOTS
0.000	0.000	-2.275	0.948
0.000	0.000	-2.285	0.997
-2.285	0.997	-1.525	4.786
-1.525	4.786	-0.824	6.329
-0.824	6.329	-1.197	6.302
-0.824	6.329	-1.020	6.289
-0.824	6.329	-1.064	6.382
-0.824	6.329	-1.746	10.526
-1.746	10.526	-0.952	9.742
-1.746	10.526	-1.803	10.525
-1.746	10.526	-1.460	10.343
-1.746	10.526	-1.420	11.093
-1.746	10.526	0.737	11.880
-1.746	10.526	2.763	13.099
-1.746	10.526	2.800	13.102
-1.746	10.526	2.819	13.174
-1.746	10.526	3.580	13.091
-1.746	10.526	2.743	13.168
2.743	13.168	1.892	13.695
2.743	13.168	2.635	13.244
2.743	13.168	2.379	13.713
2.743	13.168	2.666	13.129
2.743	13.168	2.828	25.236
2.828	25.236	1.442	24.360
2.828	25.236	2.021	25.077
2.828	25.236	2.709	25.189
2.828	25.236	0.470	26.273
0.470	26.273	1.912	26.639
0.470	26.273	0.797	26.424
0.470	26.273	1.023	26.311
0.470	26.273	1.097	28.738
0.470	26.273	0.061	28.552
POLYLINE BLACK
-1.367	6.297
-1.387	6.458
-1.422	6.619
-1.425	6.781
-1.438	7.363
-1.341	7.241
-1.424	7.659
-1.524	8.171
-1.536	7.957
-1.754	8.598
-1.862	8.914
-1.935	9.241
-2.041	9.558
-2.084	9.652
-2.127	9.746
-2.170	9.840
-2.189	9.875
-2.215	9.908
-2.229	9.946
-2.304	10.160
-2.366	10.377
-2.434	10.593
POLYLINE BLACK
-1.499	6.145
-1.396	6.241
-1.281	6.288
-1.145	6.319
-0.878	6.378
-0.773	6.385
-0.525	6.260
-0.495	6.245
-0.473	6.219
-0.447	6.199
POLYLINE BLACK
-2.250	10.569
-2.302	10.555
POLYLINE BLACK
-0.267	6.283
-0.348	6.405
-0.442	6.519
-0.510	6.649
-0.824	7.256
-0.927	7.903
-1.040	8.582
-1.076	8.800
-1.055	9.204
-1.013	9.440
-1.004	9.492
-0.982	9.541
-0.962	9.591
-0.914	9.711
-0.866	9.832
-0.809	9.948
-0.773	10.023
-0.737	10.041
-0.699	10.105
-0.667	10.160
-0.610	10.326
-0.602	10.346
-0.583	10.391
-0.559	10.434
-0.538	10.478
POLYLINE BLACK
4.086	10.086
4.083	10.097
POLYLINE BLACK
-1.948	10.891
-1.948	10.890
POLYLINE BLACK
-2.407	10.292
-2.401	10.384
-2.414	10.496
-2.368	10.583
-2.271	10.768
-1.994	10.887
-1.848	10.970
-1.795	11.000
-1.691	11.006
-1.645	11.019
-1.603	11.031
-1.561	11.048
-1.523	11.069
-1.064	11.320
-0.605	11.572
-0.146	11.824
0.042	11.954
0.223	12.097
0.420	12.213
0.678	12.366
0.954	12.483
1.215	12.630
1.397	12.732
1.705	13.077
1.779	13.157
1.861	13.246
1.903	13.353
1.924	13.470
1.939	13.550
1.922	13.601
1.910	13.688
POLYLINE BLACK
-0.548	10.330
-0.547	10.369
-0.549	10.409
-0.546	10.448
-0.538	10.544
-0.437	10.663
-0.383	10.716
-0.229	10.870
-0.072	11.025
0.100	11.159
1.193	12.009
0.831	11.692
1.735	12.236
2.118	12.466
2.492	12.710
2.874	12.941
2.896	12.955
2.922	12.962
2.947	12.969
2.986	12.980
3.026	12.986
3.065	12.995
POLYLINE BLACK
1.802	13.491
1.813	13.526
1.822	13.562
1.836	13.596
1.875	13.689
1.980	13.771
2.080	13.788
2.249	13.817
2.367	13.715
2.444	13.898
2.473	13.966
2.483	14.076
2.478	14.136
2.386	15.328
2.311	15.072
2.367	15.819
2.507	17.703
2.401	15.585
2.403	17.261
2.403	17.501
2.450	17.741
2.436	17.981
2.409	18.455
2.341	18.926
2.280	19.396
2.109	20.693
1.917	21.988
1.740	23.284
1.728	23.376
1.736	23.471
1.713	23.560
1.652	23.802
1.560	24.034
1.492	24.274
1.483	24.306
1.483	24.341
1.483	24.374
1.484	24.537
1.548	24.694
1.660	24.812
1.729	24.884
1.809	24.945
1.880	25.016
1.965	25.100
1.998	25.237
1.931	25.341
1.916	25.366
1.900	25.381
1.876	25.399
1.778	25.473
1.682	25.549
1.581	25.620
1.537	25.650
1.433	25.665
1.396	25.668
1.187	25.683
0.977	25.680
0.768	25.698
0.473	25.724
0.248	25.904
0.002	26.052
POLYLINE BLACK
3.070	13.331
3.194	13.802
3.231	13.827
3.199	14.412
3.174	14.848
3.094	15.278
3.061	15.713
3.053	15.819
3.063	15.925
3.076	16.030
3.150	16.658
3.282	17.279
3.322	17.910
3.560	21.576
3.195	18.816
3.269	22.186
3.299	23.549
3.526	23.726
3.393	24.827
3.354	25.148
3.279	25.463
3.214	25.780
3.207	25.816
3.192	25.850
3.177	25.883
3.145	25.956
3.070	26.030
3.016	26.075
2.913	26.160
2.810	26.248
2.694	26.315
1.844	26.817
2.271	26.433
1.906	26.785
POLYLINE BLACK
0.106	25.921
0.085	25.952
0.063	25.981
0.044	26.012
-0.018	26.116
0.060	26.224
0.103	26.315
POLYLINE BLACK
0.068	26.220
0.008	26.755
0.032	26.450
0.012	27.057
0.002	27.351
-0.019	27.644
-0.019	27.938
-0.019	27.999
0.024	28.183
0.030	28.261
0.068	28.752
0.015	28.285
0.046	28.548
POLYLINE BLACK
1.856	26.833
1.818	26.846
1.778	26.858
1.741	26.874
1.716	26.884
1.678	26.910
1.660	26.931
1.548	27.058
1.436	27.184
1.331	27.317
1.284	27.376
1.213	27.568
1.206	27.613
1.170	27.857
1.153	28.104
1.137	28.350
1.112	28.737
1.190	28.542
1.076	28.811
POLYLINE BLACK
0.053	28.612
0.139	28.597
0.223	28.576
0.309	28.566
0.552	28.539
0.838	28.666
1.027	28.808
1.132	28.886
1.252	29.005
1.295	29.134
1.377	29.381
1.292	29.552
1.174	29.764
1.057	29.973
0.801	30.169
0.569	30.238
0.375	30.296
0.189	30.221
0.038	30.097
-0.113	29.973
-0.213	29.818
-0.275	29.633
-0.298	29.568
-0.319	29.501
-0.328	29.432
-0.339	29.344
-0.339	29.254
-0.334	29.165
-0.328	29.056
-0.310	28.947
-0.266	28.846
-0.197	28.687
-0.010	28.633
0.124	28.550
0.145	28.537
0.162	28.517
0.181	28.501
POLYLINE BLACK
0.254	29.614
0.401	29.597
0.546	29.590
0.693	29.578
POLYLINE BLACK
0.241	31.163
0.244	31.165
POLYLINE BLACK
0.239	31.170
0.209	31.217
0.179	31.247
0.167	31.298
0.143	31.401
0.206	31.576
0.308	31.622
0.439	31.681
0.546	31.545
0.522	31.420
0.515	31.382
0.372	30.955
0.546	30.943
0.576	30.941
0.599	30.941
0.628	30.951
0.676	30.967
0.707	31.002
0.748	31.035
POLYLINE BLACK
0.776	30.518
0.780	30.520
POLYLINE BLACK
-1.570	32.693
-1.342	32.231
POLYLINE BLACK
-1.038	32.857
-1.278	32.617
-1.190	32.725
-1.451	32.306
-1.454	32.300
-1.453	32.290
-1.447	32.287
-1.438	32.283
-1.427	32.290
-1.418	32.292
-1.394	32.298
-1.372	32.307
-1.348	32.310
-1.305	32.316
-1.262	32.319
-1.220	32.318
-1.176	32.316
-1.133	32.309
-1.091	32.301
-1.005	32.285
-0.917	32.247
-0.828	32.268
-0.756	32.285
-0.774	32.355
-0.726	32.392
-0.698	32.413
-0.667	32.410
-0.635	32.418
-0.560	32.438
-0.504	32.543
-0.523	32.616
-0.553	32.734
-0.705	32.738
-0.778	32.653
-0.823	32.600
-0.849	32.444
-0.853	32.430
POLYLINE BLACK
-0.517	32.545
-0.475	32.536
-0.433	32.525
-0.389	32.518
-0.293	32.504
-0.189	32.557
-0.143	32.642
-0.106	32.710
-0.111	32.760
-0.098	32.845
POLYLINE BLACK
-0.152	33.025
-0.127	32.984
-0.104	32.941
-0.077	32.902
-0.030	32.831
0.043	32.940
0.062	32.975
0.087	33.023
0.068	33.013
0.092	33.075
0.097	33.089
0.114	33.094
0.127	33.094
0.229	33.092
0.291	32.960
0.369	32.959
0.433	32.957
0.440	33.115
0.444	33.154
0.444	33.160
0.440	33.197
0.461	33.195
0.471	33.195
0.480	33.188
0.488	33.182
0.507	33.167
0.523	33.148
0.542	33.133
0.574	33.109
0.615	33.096
0.656	33.096
0.710	33.095
0.763	33.114
0.789	33.165
0.805	33.197
0.809	33.229
0.841	33.248
0.863	33.260
0.883	33.257
0.906	33.256
0.971	33.253
1.012	33.272
1.089	33.287
POLYLINE BLACK
0.831	33.622
0.829	33.579
POLYLINE BLACK
1.177	33.545
1.267	33.568
1.328	33.593
1.373	33.674
1.388	33.700
1.398	33.732
1.394	33.761
1.387	33.806
1.328	33.869
1.286	33.821
1.204	33.728
1.233	33.520
1.367	33.491
1.468	33.468
1.578	33.548
1.646	33.611
1.670	33.633
1.687	33.675
1.717	33.691
1.764	33.716
1.810	33.658
1.844	33.636
1.858	33.627
1.873	33.619
1.888	33.613
2.012	33.566
2.096	33.601
2.163	33.713
2.188	33.755
2.205	33.794
2.214	33.841
2.216	33.857
2.217	33.873
2.217	33.888
2.218	33.916
2.207	33.945
2.215	33.971
2.220	33.986
2.225	33.943
2.231	33.930
2.239	33.914
2.254	33.895
2.268	33.884
2.432	33.755
2.497	33.934
2.567	34.055
POLYLINE BLACK
2.029	34.254
2.006	34.446
2.025	34.480
2.088	34.660
POLYLINE BLACK
3.662	34.270
3.672	34.337
3.687	34.403
3.692	34.469
3.701	34.590
3.672	34.723
3.638	34.834
3.619	34.894
3.593	34.951
3.566	35.007
3.544	35.042
3.523	35.077
3.502	35.111
3.499	35.109
3.492	35.108
3.493	35.104
3.521	35.000
3.595	34.709
3.714	34.632
3.754	34.606
3.787	34.597
3.836	34.586
3.884	34.575
3.937	34.580
3.979	34.606
4.023	34.633
4.056	34.680
4.077	34.726
4.098	34.770
4.095	34.820
4.133	34.856
4.175	34.897
4.184	34.887
4.244	34.927
4.299	34.964
4.343	35.038
4.339	35.106
4.336	35.162
4.281	35.234
4.220	35.200
4.106	35.136
4.081	34.908
4.209	34.845
4.241	34.829
4.271	34.822
4.307	34.820
4.551	34.807
4.642	34.951
4.756	35.146
POLYLINE BLACK
4.955	35.596
4.901	35.589
4.843	35.590
4.803	35.548
4.742	35.485
4.732	35.332
4.781	35.259
4.864	35.138
5.053	35.147
5.149	35.243
5.195	35.289
5.206	35.355
5.192	35.416
5.186	35.441
5.164	35.464
5.171	35.489
5.175	35.501
5.196	35.480
5.207	35.472
5.264	35.435
5.318	35.391
5.375	35.354
5.393	35.343
5.424	35.334
5.446	35.331
5.497	35.326
5.542	35.353
5.588	35.370
POLYLINE BLACK
5.321	35.965
5.314	35.934
POLYLINE BLACK
-1.501	31.717
-1.494	31.703
-1.513	31.493
-1.425	31.482
-1.419	31.481
-1.412	31.482
-1.405	31.482
-1.280	31.518
-1.154	31.555
-1.029	31.591
-0.996	31.600
-0.962	31.599
-0.942	31.629
-0.897	31.695
-0.985	31.844
-1.039	31.879
-1.086	31.909
-1.136	31.934
-1.184	31.960
-1.246	31.993
-1.243	31.966
-1.228	32.017
POLYLINE BLACK
0.263	32.362
0.235	32.310
0.189	32.236
0.268	32.210
0.300	32.199
0.334	32.195
0.367	32.207
0.421	32.227
0.453	32.281
0.473	32.331
0.502	32.399
0.436	32.450
0.373	32.457
0.371	32.457
0.320	32.462
0.310	32.453
0.275	32.424
0.245	32.390
0.212	32.359
POLYLINE BLACK
0.293	32.783
0.388	32.541
0.372	32.539
0.588	32.288
0.623	32.248
0.674	32.225
0.718	32.193
POLYLINE BLACK
0.749	32.468
0.779	32.447
0.808	32.425
0.840	32.406
0.885	32.379
0.951	32.396
0.996	32.413
1.054	32.437
1.142	32.528
1.081	32.592
1.015	32.660
0.834	32.655
0.799	32.554
0.786	32.517
0.776	32.478
0.765	32.441
POLYLINE BLACK
0.941	32.769
0.953	32.899
0.937	32.831
0.997	32.971
POLYLINE BLACK
1.223	32.997
1.250	32.914
1.295	32.658
1.448	32.698
1.464	32.702
1.481	32.705
1.494	32.714
1.555	32.758
1.612	32.807
1.670	32.854
POLYLINE BLACK
1.205	32.967
1.400	33.167
1.463	33.185
1.712	33.300
POLYLINE BLACK
3.457	33.744
3.445	33.704
3.410	33.647
3.420	33.598
3.427	33.560
3.459	33.532
3.491	33.514
3.540	33.487
3.592	33.469
3.649	33.472
3.788	33.479
3.889	33.573
3.911	33.708
3.916	33.738
3.915	33.760
3.907	33.788
3.892	33.841
3.832	33.862
3.784	33.872
3.660	33.898
3.484	33.844
3.423	33.725
3.396	33.672
3.416	33.619
3.427	33.564
POLYLINE BLACK
3.875	34.232
3.988	33.994
4.016	33.968
4.175	33.778
POLYLINE BLACK
4.295	34.208
4.248	34.152
4.198	34.098
4.153	34.040
4.119	33.997
4.087	33.952
4.058	33.905
4.041	33.878
4.088	33.867
4.101	33.866
4.172	33.861
4.243	33.873
4.305	33.908
4.356	33.937
4.396	33.969
4.434	34.012
4.463	34.045
4.472	34.108
4.511	34.127
4.559	34.151
4.632	34.120
4.678	34.117
4.720	34.114
4.763	34.119
4.803	34.131
4.886	34.158
4.945	34.215
4.989	34.289
5.006	34.318
5.022	34.356
5.002	34.388
4.970	34.437
4.883	34.450
4.836	34.457
4.746	34.472
4.668	34.430
4.598	34.377
4.574	34.360
4.544	34.334
4.544	34.301
4.543	34.252
4.620	34.205
4.644	34.183
POLYLINE BLACK
5.209	34.757
5.250	34.654
5.308	34.459
5.457	34.473
5.495	34.477
5.529	34.489
5.559	34.514
5.604	34.553
5.629	34.614
5.658	34.661
POLYLINE BLACK
4.982	34.832
5.088	34.934
5.204	35.039
5.348	35.084
5.418	35.107
5.475	35.100
5.553	35.103
POLYLINE BLACK
5.813	34.837
5.860	34.780
5.889	34.728
5.949	34.692
6.009	34.656
6.087	34.642
6.156	34.656
6.245	34.675
6.341	34.774
6.296	34.870
6.225	35.019
6.037	35.114
5.920	34.956
5.876	34.897
5.881	34.835
5.874	34.762
POLYLINE BLACK
2.540	32.638
2.608	32.501
2.674	32.362
2.745	32.226
2.754	32.208
2.768	32.193
2.782	32.178
2.858	32.093
2.913	32.145
2.975	32.223
2.997	32.251
3.018	32.287
3.029	32.322
3.043	32.370
3.039	32.422
3.041	32.470
POLYLINE BLACK
3.010	32.573
3.099	32.234
3.046	32.389
3.160	32.105
POLYLINE BLACK
3.435	32.503
3.713	32.728
POLYLINE BLACK
4.051	33.111
3.975	32.941
4.010	33.004
4.100	33.030
4.139	33.042
4.175	33.042
4.217	33.039
4.315	33.032
4.373	32.915
4.328	32.829
4.293	32.761
4.230	32.695
4.158	32.668
4.136	32.660
4.083	32.648
4.060	32.662
4.021	32.685
3.986	32.716
3.949	32.742
POLYLINE BLACK
3.941	33.156
4.230	33.389
4.084	33.318
4.358	33.408
POLYLINE BLACK
4.925	33.410
4.930	33.402
4.796	33.394
4.827	33.343
4.860	33.288
4.944	33.256
5.001	33.236
5.026	33.228
5.076	33.230
5.096	33.201
5.122	33.163
5.082	33.093
5.065	33.065
5.028	33.003
4.960	32.901
4.876	32.897
4.843	32.895
4.800	32.914
4.775	32.921
POLYLINE BLACK
2.583	30.807
2.500	30.806
2.405	30.818
2.328	30.775
2.302	30.760
2.277	30.731
2.262	30.709
2.241	30.679
2.201	30.620
2.206	30.577
2.217	30.494
2.395	30.468
2.452	30.471
2.599	30.486
2.746	30.501
2.892	30.515
2.899	30.512
2.906	30.510
2.911	30.505
2.941	30.472
2.896	30.399
2.877	30.375
2.758	30.222
2.671	30.199
2.494	30.159
POLYLINE BLACK
3.062	30.662
3.355	30.899
3.217	30.810
3.461	30.948
POLYLINE BLACK
3.287	30.569
3.519	30.801
3.386	30.684
3.693	30.910
POLYLINE BLACK
3.941	31.515
3.922	31.484
3.902	31.453
3.883	31.421
3.882	31.414
3.878	31.406
3.880	31.398
3.890	31.332
4.078	31.360
4.098	31.450
4.103	31.472
4.094	31.494
4.080	31.510
4.018	31.581
3.894	31.569
3.819	31.525
3.779	31.502
3.761	31.455
3.739	31.417
POLYLINE BLACK
4.086	31.478
4.124	31.470
4.166	31.453
4.207	31.462
4.244	31.470
4.279	31.499
4.303	31.527
4.397	31.640
4.403	31.674
4.413	31.813
POLYLINE BLACK
4.243	32.231
4.317	32.101
4.383	31.967
4.464	31.841
4.520	31.753
4.629	31.627
4.749	31.682
4.811	31.710
4.843	31.780
4.876	31.834
POLYLINE BLACK
4.370	31.819
4.741	32.146
POLYLINE BLACK
4.676	32.350
4.668	32.383
4.660	32.415
4.654	32.448
4.652	32.463
4.656	32.493
4.661	32.507
4.680	32.566
4.725	32.624
4.793	32.604
4.823	32.595
4.847	32.579
4.865	32.553
4.901	32.501
4.908	32.433
4.911	32.372
4.913	32.343
4.906	32.315
4.930	32.294
4.974	32.256
5.105	32.279
5.132	32.280
POLYLINE BLACK
4.114	30.942
5.427	31.852
4.959	32.113
5.492	31.767
POLYLINE BLACK
4.927	30.963
4.948	31.041
4.949	31.088
4.988	31.149
5.008	31.180
5.089	31.263
5.119	31.198
5.139	31.157
5.133	31.063
5.132	31.044
5.130	31.004
5.123	30.965
5.115	30.926
5.100	30.856
5.079	30.786
5.064	30.716
5.062	30.703
5.069	30.686
5.077	30.677
5.105	30.649
5.165	30.657
5.194	30.660
5.239	30.665
5.277	30.676
5.318	30.696
5.370	30.721
5.417	30.764
5.474	30.777
5.497	30.782
5.515	30.755
5.535	30.745
POLYLINE BLACK
1.211	29.614
1.269	29.728
1.225	29.670
1.372	29.764
POLYLINE BLACK
1.057	29.923
1.083	29.894
1.106	29.863
1.135	29.836
1.215	29.762
1.474	29.679
1.491	29.673
1.540	29.656
1.593	29.643
1.645	29.640
1.810	29.630
1.975	29.623
2.139	29.634
2.285	29.644
2.428	29.680
2.571	29.706
2.885	29.760
3.053	29.812
3.363	29.815
3.416	29.815
3.467	29.799
3.519	29.791
POLYLINE BLACK
1.236	28.835
1.204	28.852
1.172	28.869
1.139	28.886
1.139	28.892
1.134	28.901
1.139	28.906
1.148	28.914
1.162	28.915
1.174	28.916
1.227	28.922
1.281	28.930
1.334	28.927
1.829	28.899
2.323	28.848
2.819	28.825
2.893	28.821
2.967	28.839
3.041	28.846
3.303	28.870
3.564	28.895
3.826	28.920
POLYLINE BLACK
3.803	29.392
3.795	29.399
POLYLINE BLACK
3.671	29.593
3.640	29.542
3.590	29.481
3.634	29.423
3.646	29.407
3.664	29.393
3.681	29.383
3.825	29.297
3.906	29.537
3.867	29.641
3.823	29.760
3.684	29.682
3.665	29.588
3.647	29.498
3.680	29.453
3.705	29.342
POLYLINE BLACK
3.927	29.915
3.951	29.796
3.976	29.677
4.001	29.558
4.010	29.535
4.013	29.508
4.028	29.488
4.053	29.455
4.088	29.431
4.118	29.403
POLYLINE BLACK
4.240	29.813
4.177	29.737
4.112	29.663
4.051	29.586
3.984	29.500
4.076	29.457
4.150	29.447
4.213	29.439
4.242	29.456
4.314	29.460
4.361	29.462
4.413	29.438
4.458	29.456
4.520	29.480
4.559	29.563
4.591	29.612
POLYLINE BLACK
4.472	29.886
4.410	29.868
POLYLINE BLACK
4.710	29.639
4.740	29.643
4.771	29.646
4.801	29.651
4.856	29.661
4.891	29.766
4.848	29.802
4.798	29.843
4.696	29.771
4.677	29.719
4.667	29.692
4.663	29.666
4.665	29.638
4.679	29.465
4.924	29.434
5.036	29.531
5.060	29.552
5.075	29.578
5.083	29.608
5.087	29.626
5.086	29.646
5.093	29.663
5.096	29.669
5.104	29.674
5.111	29.673
5.158	29.666
5.170	29.591
5.248	29.607
5.308	29.619
5.343	29.671
5.367	29.723
5.378	29.747
5.384	29.787
5.409	29.806
5.451	29.837
5.497	29.775
5.536	29.767
5.604	29.753
5.688	29.832
5.676	29.901
5.675	29.907
5.674	29.914
5.671	29.920
5.615	30.022
5.546	30.118
5.501	30.226
5.479	30.279
5.565	30.131
5.601	30.087
5.653	30.023
5.737	29.970
5.799	29.923
POLYLINE BLACK
5.899	30.208
5.864	30.180
5.828	30.154
5.795	30.124
5.725	30.060
5.693	29.943
5.802	29.905
5.837	29.893
5.873	29.889
5.909	29.898
5.997	29.920
6.038	30.026
6.131	30.036
6.247	30.050
6.297	30.023
6.434	30.013
6.559	30.004
6.714	30.061
6.746	30.195
6.758	30.243
6.727	30.286
6.694	30.317
6.582	30.425
6.381	30.481
6.242	30.390
6.125	30.313
6.140	30.167
6.150	30.048
POLYLINE BLACK
7.335	30.653
7.557	30.179
7.436	30.341
7.622	30.118
POLYLINE BLACK
7.437	30.391
7.374	30.437
7.309	30.481
7.248	30.529
7.190	30.573
7.162	30.629
7.180	30.701
7.199	30.782
7.244	30.878
7.334	30.896
7.366	30.903
7.397	30.896
7.426	30.883
7.492	30.853
7.489	30.774
7.471	30.714
7.466	30.698
7.461	30.682
7.451	30.668
7.410	30.609
7.363	30.554
7.318	30.497
POLYLINE BLACK
7.630	30.797
7.634	30.714
7.642	30.648
7.735	30.645
7.774	30.644
7.810	30.650
7.841	30.673
7.878	30.699
7.892	30.756
7.896	30.798
7.902	30.872
7.874	30.924
7.797	30.931
7.774	30.933
7.750	30.925
7.731	30.913
7.679	30.879
7.656	30.815
7.627	30.764
POLYLINE BLACK
4.291	28.894
4.511	28.202
POLYLINE BLACK
4.026	28.581
4.007	28.639
3.972	28.703
3.989	28.766
4.030	28.920
4.267	28.964
4.387	28.985
4.423	28.992
4.473	28.997
4.512	28.987
4.592	28.967
4.623	28.848
4.614	28.778
4.608	28.734
4.584	28.696
4.554	28.665
4.510	28.619
4.425	28.588
4.375	28.563
POLYLINE BLACK
4.743	28.946
4.774	28.921
4.801	28.889
4.837	28.871
4.844	28.867
4.847	28.884
4.848	28.892
4.850	28.919
4.829	28.965
4.865	28.982
4.879	28.989
4.901	28.988
4.915	28.986
4.938	28.981
4.961	28.976
4.982	28.969
5.049	28.945
5.099	28.893
5.173	28.922
5.280	28.965
5.296	29.053
5.247	29.150
5.228	29.188
5.199	29.221
5.160	29.241
5.091	29.278
5.012	29.270
4.943	29.235
4.889	29.208
4.841	29.163
4.838	29.100
4.835	29.043
4.873	29.010
4.905	28.963
POLYLINE BLACK
5.117	29.087
5.233	29.048
5.373	28.984
5.490	29.057
5.553	29.096
5.583	29.156
5.624	29.217
POLYLINE BLACK
5.767	29.529
5.811	29.534
5.786	29.197
5.924	29.214
5.934	29.215
5.943	29.218
5.952	29.220
5.983	29.228
6.012	29.240
6.043	29.246
6.073	29.252
6.103	29.253
6.133	29.254
6.165	29.256
6.193	29.250
6.222	29.262
6.292	29.292
6.234	29.404
6.212	29.445
6.198	29.471
6.178	29.489
6.158	29.510
POLYLINE BLACK
6.290	29.579
6.337	29.567
6.383	29.553
6.431	29.543
6.528	29.522
6.681	29.671
6.519	29.680
6.476	29.683
6.436	29.653
6.410	29.622
6.344	29.544
6.322	29.408
6.421	29.345
6.498	29.295
6.573	29.339
6.649	29.367
6.702	29.387
6.760	29.345
6.790	29.304
6.910	29.134
6.892	29.149
6.981	28.952
POLYLINE BLACK
6.731	29.539
6.757	29.602

ELEVATION
STATIONS
0.000	0.000	0
-2.285	-0.981	1
-1.525	-2.519	2
-0.824	-2.700	3
-1.746	-3.066	4
2.743	-4.015	5
2.828	-8.811	6
0.470	-9.107	7
SHOTS
0.000	0.000	-2.275	-0.907
0.000	0.000	-2.285	-0.981
-2.285	-0.981	-1.525	-2.519
-1.525	-2.519	-0.824	-2.700
-0.824	-2.700	-1.197	-2.644
-0.824	-2.700	-1.020	-2.547
-0.824	-2.700	-1.064	-2.945
-0.824	-2.700	-1.746	-3.066
-1.746	-3.066	-0.952	-3.092
-1.746	-3.066	-1.803	-3.668
-1.746	-3.066	-1.460	-2.634
-1.746	-3.066	-1.420	-3.136
-1.746	-3.066	0.737	-3.570
-1.746	-3.066	2.763	-3.994
-1.746	-3.066	2.800	-4.004
-1.746	-3.066	2.819	-4.018
-1.746	-3.066	3.580	-4.060
-1.746	-3.066	2.743	-4.015
2.743	-4.015	1.892	-4.007
2.743	-4.015	2.635	-3.706
2.743	-4.015	2.379	-3.614
2.743	-4.015	2.666	-4.478
2.743	-4.015	2.828	-8.811
2.828	-8.811	1.442	-8.478
2.828	-8.811	2.021	-8.057
2.828	-8.811	2.709	-9.003
2.828	-8.811	0.470	-9.107
0.470	-9.107	1.912	-9.348
0.470	-9.107	0.797	-9.867
0.470	-9.107	1.023	-8.929
0.470	-9.107	1.097	-10.611
0.470	-9.107	0.061	-10.769
POLYLINE BLACK
-1.139	-2.572
-1.027	-2.485
-1.096	-2.529
-0.927	-2.451
POLYLINE BLACK
-1.893	-2.936
-1.871	-2.897
-1.839	-2.827
-1.800	-2.794
-1.707	-2.716
-1.595	-2.649
-1.475	-2.626
-1.372	-2.607
-1.268	-2.628
-1.166	-2.597
-1.093	-2.575
-1.048	-2.538
-0.982	-2.496
POLYLINE BLACK
-1.373	-3.078
-1.336	-3.049
-1.302	-3.017
-1.263	-2.990
-1.151	-2.913
-1.001	-2.921
-0.905	-2.818
-0.846	-2.754
-0.832	-2.683
-0.811	-2.600
POLYLINE BLACK
-1.136	-2.597
-0.877	-2.481
-1.005	-2.527
-0.754	-2.453
POLYLINE BLACK
-1.850	-2.894
-1.878	-3.062
-1.994	-3.306
-1.920	-3.492
-1.893	-3.559
-1.831	-3.630
-1.761	-3.653
-1.709	-3.670
-1.074	-3.917
-0.781	-3.928
-0.647	-3.933
-0.514	-3.923
-0.381	-3.929
-0.344	-3.931
-0.308	-3.943
-0.272	-3.951
-0.163	-3.976
-0.054	-4.002
0.056	-4.027
POLYLINE BLACK
-1.046	-2.939
-1.122	-2.937
-1.208	-2.936
-1.251	-3.011
-1.258	-3.024
-1.259	-3.039
-1.250	-3.052
-1.191	-3.136
-0.931	-3.079
-0.886	-3.082
-0.490	-3.110
-0.620	-3.144
-0.274	-3.211
-0.086	-3.247
0.035	-3.215
0.237	-3.226
0.304	-3.230
0.370	-3.242
0.435	-3.258
0.698	-3.323
0.957	-3.399
1.219	-3.468
1.379	-3.510
1.542	-3.546
1.702	-3.590
1.779	-3.612
1.852	-3.652
1.931	-3.664
2.355	-3.726
2.327	-3.669
2.729	-3.659
2.828	-3.657
3.113	-3.733
3.149	-3.741
POLYLINE BLACK
3.056	-3.683
3.180	-3.794
3.363	-3.785
3.490	-3.885
3.547	-3.931
3.573	-3.983
3.618	-4.046
POLYLINE BLACK
-0.032	-4.007
0.061	-4.021
0.152	-4.046
0.246	-4.047
2.177	-4.077
-1.176	-3.863
2.063	-4.092
2.103	-4.095
2.168	-4.121
2.203	-4.142
2.354	-4.232
2.447	-4.395
2.530	-4.544
POLYLINE BLACK
2.431	-4.492
2.556	-5.111
2.511	-4.839
2.557	-6.056
2.560	-6.155
2.550	-6.253
2.535	-6.351
2.502	-6.569
2.447	-6.784
2.414	-7.002
2.388	-7.170
2.368	-7.339
2.358	-7.509
2.351	-7.629
2.409	-7.816
2.321	-7.931
2.265	-8.004
2.183	-8.035
2.098	-8.065
1.882	-8.143
1.840	-8.122
1.668	-8.242
1.545	-8.327
1.422	-8.414
1.310	-8.513
1.268	-8.549
1.113	-8.751
1.004	-8.818
0.984	-8.831
0.964	-8.842
0.942	-8.849
0.252	-9.093
0.503	-9.030
-0.078	-9.125
POLYLINE BLACK
3.504	-4.306
3.471	-4.185
3.477	-4.249
3.493	-4.113
POLYLINE BLACK
3.476	-4.245
3.421	-4.106
3.415	-4.042
3.409	-3.908
POLYLINE BLACK
3.512	-4.026
3.527	-4.225
3.541	-4.424
3.558	-4.623
3.637	-5.534
3.622	-2.803
3.674	-6.419
3.679	-6.805
3.648	-7.191
3.618	-7.576
3.612	-7.649
3.594	-7.722
3.567	-7.790
3.427	-8.138
3.273	-8.479
3.117	-8.820
3.101	-8.855
3.077	-8.887
3.053	-8.916
3.016	-8.960
2.976	-9.001
2.935	-9.041
2.839	-9.133
2.555	-9.153
2.506	-9.169
2.287	-9.245
1.836	-9.357
1.627	-9.587
1.480	-9.751
1.434	-9.967
1.357	-10.173
1.313	-10.292
1.284	-10.417
1.238	-10.536
1.204	-10.624
1.138	-10.735
1.056	-10.792
0.763	-10.995
0.068	-10.832
-0.140	-10.812
POLYLINE BLACK
-0.093	-9.165
-0.252	-9.119
-0.358	-9.143
-0.525	-9.164
POLYLINE BLACK
-0.417	-9.238
-0.448	-9.220
-0.478	-9.199
-0.511	-9.183
-0.621	-9.130
-0.783	-9.160
-0.889	-9.176
-0.952	-9.185
-1.059	-9.214
-1.115	-9.252
-1.238	-9.335
-1.363	-9.419
-1.474	-9.518
-1.617	-9.643
-1.768	-9.833
-1.844	-10.012
-1.935	-10.226
-2.029	-10.442
-2.087	-10.668
-2.310	-11.540
-2.132	-12.632
-2.142	-13.440
-2.144	-13.605
-2.195	-13.766
-2.221	-13.929
POLYLINE BLACK
0.117	-10.820
0.066	-10.803
0.033	-10.783
-0.017	-10.785
-0.250	-10.793
-0.335	-11.186
-0.362	-11.313
-0.415	-11.562
-0.504	-12.202
-0.445	-12.539
-0.180	-14.045
-0.241	-13.132
-0.210	-13.659
POLYLINE BLACK
-1.256	-13.692
-1.265	-13.645
-1.277	-13.599
-1.283	-13.552
-1.300	-13.428
-1.219	-13.312
-1.130	-13.236
-1.092	-13.204
-1.019	-13.150
-0.963	-13.163
-0.890	-13.179
-0.888	-13.339
-0.891	-13.387
-0.895	-13.440
-0.903	-13.493
-0.913	-13.545
-0.964	-13.806
-0.994	-13.810
-0.996	-14.015
-0.998	-14.122
-0.861	-14.136
-0.788	-14.099
-0.747	-14.079
-0.704	-14.029
-0.682	-14.002
-0.455	-13.724
-0.616	-13.881
-0.483	-13.757
POLYLINE BLACK
-0.384	-14.405
-0.399	-14.404
POLYLINE BLACK
0.438	-12.725
0.371	-12.740
0.322	-12.741
0.266	-12.773
0.252	-12.781
0.238	-12.790
0.225	-12.801
0.215	-12.810
0.097	-12.918
0.171	-12.934
0.260	-12.954
0.350	-12.965
0.439	-12.986
0.530	-13.007
0.596	-13.061
0.601	-13.156
0.608	-13.288
0.527	-13.318
0.409	-13.338
0.348	-13.348
0.360	-13.345
0.337	-13.302
POLYLINE BLACK
0.796	-12.812
0.917	-12.716
0.845	-12.765
1.019	-12.675
POLYLINE BLACK
0.884	-12.960
1.045	-12.788
1.072	-12.784
1.285	-12.693
POLYLINE BLACK
1.480	-12.178
1.462	-12.240
1.440	-12.275
1.445	-12.331
1.446	-12.351
1.456	-12.372
1.470	-12.386
1.492	-12.408
1.518	-12.423
1.548	-12.429
1.636	-12.447
1.769	-12.388
1.782	-12.290
1.796	-12.185
1.617	-12.144
1.542	-12.204
1.478	-12.255
1.470	-12.321
1.452	-12.397
POLYLINE BLACK
1.695	-12.287
1.902	-12.288
1.884	-12.272
2.009	-12.097
POLYLINE BLACK
1.838	-11.536
1.888	-11.597
2.051	-11.951
2.231	-11.924
2.274	-11.917
2.313	-11.885
2.348	-11.863
POLYLINE BLACK
1.889	-11.862
2.166	-11.682
2.028	-11.760
2.300	-11.624
POLYLINE BLACK
2.257	-11.203
2.260	-11.133
2.246	-11.033
2.306	-10.977
2.317	-10.967
2.356	-10.935
2.371	-10.958
2.381	-10.974
2.374	-11.010
2.371	-11.023
2.356	-11.103
2.338	-11.183
2.324	-11.263
2.321	-11.283
2.329	-11.309
2.341	-11.325
2.395	-11.390
2.493	-11.341
2.553	-11.322
2.596	-11.308
2.638	-11.294
2.681	-11.281
POLYLINE BLACK
1.730	-12.798
2.243	-12.195
1.873	-12.604
3.111	-11.597
3.168	-11.551
3.155	-11.568
3.188	-11.622
POLYLINE BLACK
2.358	-12.896
2.373	-12.860
2.384	-12.822
2.401	-12.787
2.425	-12.738
2.526	-12.621
2.592	-12.661
2.618	-12.676
2.635	-12.710
2.644	-12.737
2.701	-12.903
2.596	-13.113
2.561	-13.258
2.556	-13.281
2.556	-13.305
2.556	-13.328
2.556	-13.379
2.568	-13.440
2.622	-13.460
2.647	-13.470
2.678	-13.476
2.705	-13.473
2.772	-13.467
2.839	-13.463
2.904	-13.447
2.920	-13.443
3.165	-13.337
3.285	-13.338
3.334	-13.339
3.373	-13.370
3.414	-13.393

