TRIP
DATE 2026-08-16
DECLINATION 0.0
DATA
0		11.26	-40.19	3.440	>
0		11.14	-40.25	3.438	>
0		11.37	-40.12	3.452	>
0	1	11.26	-40.19	3.443	>
1		322.18	-37.89	5.205	>
1		322.37	-38.04	5.197	>
1		322.34	-38.01	5.203	>
1	2	322.30	-37.98	5.202	>
2		39.81	14.10	4.399	>
2		40.20	14.15	4.380	>
2		39.96	13.99	4.392	>
2		107.91	29.58	5.727	>
2		74.95	12.95	3.345	>
2		126.56	67.61	6.696	>
2		115.17	76.96	7.001	>
2		6.94	-78.66	2.395	>
2		126.35	64.39	6.674	>
2	3	39.99	14.08	4.390	>
3		323.48	-7.58	1.038	>
3		9.17	-10.60	1.487	>
3		57.52	-2.60	3.179	>
3		86.83	-5.65	4.617	>
3		103.06	-7.49	3.227	>
3		125.06	-7.60	1.384	>
3		343.83	-58.94	3.402	>
3		195.83	-35.07	3.419	>
3		246.45	-44.72	2.677	>
3		79.04	22.01	7.546	>
3		78.84	22.10	7.557	>
3		78.92	21.98	7.567	>
3	4	78.93	22.03	7.557	>
4		343.84	10.65	2.270	>
4		35.01	25.32	1.707	>
4		45.11	14.82	2.153	>
4		117.30	7.78	1.812	>
4		181.00	1.04	2.550	>
4		225.42	-8.59	5.031	>
4		235.89	-7.12	6.420	>
4		246.76	-7.05	6.018	>
4		259.44	-4.73	4.519	>
4		289.13	1.88	2.985	>
4		308.58	3.95	2.892	>
4		210.11	84.21	6.140	>
4		321.41	39.36	7.311	>
4		320.62	39.55	0.290	>
4		320.83	39.82	0.289	>
4		320.94	39.53	0.291	>
4		321.24	39.26	6.615	>
4		321.32	39.64	6.594	>
4		320.78	39.77	6.586	>
4		179.62	0.92	2.530	>
4		179.67	1.00	2.533	>
4		179.66	0.96	2.532	>
4		179.65	0.96	2.532	>
4		180.09	0.37	2.561	>
4		180.66	0.99	2.558	>
4		180.69	0.39	2.544	>
4	5	321.12	39.56	6.598	>
5		38.86	9.64	4.410	>
5		54.67	18.19	4.892	>
5		20.19	8.45	3.468	>
5		8.17	-4.80	2.597	>
5		69.52	15.31	4.123	>
5		82.06	23.18	3.812	>
5		87.43	21.67	6.204	>
5		102.89	22.68	5.082	>
5		115.22	18.81	8.147	>
5		148.27	5.67	6.566	>
5		315.91	2.81	1.565	>
5		287.47	9.14	0.730	>
5		298.67	17.64	3.138	>
5		298.48	17.89	0.714	>
5		298.47	17.72	3.138	>
5		298.19	17.68	3.144	>
5		298.54	16.42	3.139	>
5	6	298.40	17.27	3.140	>
4	4.1	180.48	0.58	2.554	>
4.1		179.29	-47.07	2.127	>
4.1		131.86	-55.45	2.113	>
4.1		142.04	-53.99	7.329	>
4.1		142.23	-54.18	6.216	>
4.1		142.01	-54.14	7.340	>
4.1		141.90	-53.89	7.350	>
4.1		144.86	-52.38	6.651	>
4.1		144.40	-51.72	6.639	>
4.1		144.24	-51.72	6.649	>
4.1	4.2	144.50	-51.94	6.646	>

PLAN
STATIONS
0.000	0.000	0
0.514	2.580	1
-1.994	5.824	2
0.743	9.086	3
7.617	10.431	4
4.424	14.391	5
1.786	15.817	6
7.596	7.877	4.1
9.975	4.541	4.2
SHOTS
0.000	0.000	0.514	2.580
0.514	2.580	-1.994	5.824
-1.994	5.824	2.745	4.292
-1.994	5.824	1.154	6.670
-1.994	5.824	0.055	4.304
-1.994	5.824	-0.565	5.152
-1.994	5.824	-1.937	6.291
-1.994	5.824	0.330	4.113
-1.994	5.824	0.743	9.086
0.743	9.086	0.130	9.913
0.743	9.086	0.976	10.529
0.743	9.086	3.422	10.792
0.743	9.086	5.330	9.340
0.743	9.086	3.859	8.363
0.743	9.086	1.866	8.298
0.743	9.086	0.254	10.772
0.743	9.086	-0.020	6.394
0.743	9.086	-1.001	8.326
0.743	9.086	7.617	10.431
7.617	10.431	6.996	12.574
7.617	10.431	8.503	11.695
7.617	10.431	9.092	11.900
7.617	10.431	9.213	9.608
7.617	10.431	7.573	7.882
7.617	10.431	4.074	6.940
7.617	10.431	2.343	6.859
7.617	10.431	2.130	8.074
7.617	10.431	3.190	9.605
7.617	10.431	4.799	11.409
7.617	10.431	5.362	12.230
7.617	10.431	7.307	9.895
7.617	10.431	4.092	14.849
7.617	10.431	7.632	7.898
7.617	10.431	7.633	7.900
7.617	10.431	4.424	14.391
4.424	14.391	7.152	17.776
4.424	14.391	8.215	17.079
4.424	14.391	5.608	17.611
4.424	14.391	4.792	16.953
4.424	14.391	8.149	15.782
4.424	14.391	7.894	14.875
4.424	14.391	10.184	14.649
4.424	14.391	8.995	13.345
4.424	14.391	11.400	11.104
4.424	14.391	7.860	8.834
4.424	14.391	3.336	15.514
4.424	14.391	3.736	14.607
4.424	14.391	1.800	15.826
4.424	14.391	3.827	14.715
4.424	14.391	1.786	15.817
7.617	10.431	7.596	7.877
7.596	7.877	7.614	6.428
7.596	7.877	8.489	7.077
7.596	7.877	10.247	4.479
7.596	7.877	9.824	5.001
7.596	7.877	10.243	4.488
7.596	7.877	10.268	4.468
7.596	7.877	9.975	4.541
POLYLINE BROWN
1.271	6.721
1.273	6.757
1.272	6.794
1.277	6.830
1.297	6.982
1.469	7.135
1.575	7.232
POLYLINE BROWN
1.321	6.846
1.317	6.567
1.305	6.600
1.382	6.252
1.394	6.196
1.410	6.139
1.440	6.090
1.678	5.698
1.865	5.474
2.195	5.153
2.321	5.031
2.473	4.937
2.594	4.810
2.710	4.688
2.800	4.544
2.901	4.408
2.992	4.286
2.908	3.962
2.905	3.904
2.896	3.753
3.005	3.634
3.105	3.538
3.146	3.499
3.191	3.464
3.238	3.432
3.498	3.257
3.861	3.074
4.111	2.834
4.129	2.818
4.141	2.796
4.156	2.777
POLYLINE BROWN
4.250	2.838
4.177	2.654
4.039	2.525
3.864	2.436
3.355	2.177
3.355	2.117
2.936	2.053
2.903	2.048
2.870	2.046
2.837	2.052
2.782	2.060
2.729	2.080
2.675	2.095
POLYLINE BROWN
2.670	2.132
2.670	2.132
POLYLINE BROWN
2.639	2.101
2.236	2.313
2.771	2.025
2.001	2.498
1.966	2.519
1.892	2.548
1.844	2.554
1.758	2.566
1.666	2.523
1.593	2.488
1.426	2.406
1.239	2.243
1.165	2.067
1.151	2.034
1.142	1.998
1.130	1.963
POLYLINE BROWN
1.169	1.920
1.361	1.225
1.188	1.719
1.567	0.987
1.592	0.938
1.612	0.853
1.614	0.795
1.621	0.592
1.497	0.386
1.378	0.235
1.174	-0.026
0.908	-0.304
0.550	-0.301
0.298	-0.299
0.107	-0.210
-0.151	-0.138
POLYLINE BROWN
-0.145	-0.123
-0.340	-0.023
-0.542	0.066
-0.732	0.175
-0.862	0.251
-0.985	0.338
-1.103	0.431
-1.166	0.481
-1.219	0.542
-1.271	0.603
-1.390	0.745
-1.467	0.859
-1.452	1.044
-1.450	1.078
-1.447	1.111
-1.435	1.143
-1.405	1.227
-1.366	1.309
-1.327	1.390
-1.247	1.558
-1.185	1.610
-1.190	1.789
-1.192	1.866
-1.202	1.962
-1.234	2.037
-1.252	2.080
-1.277	2.119
-1.299	2.160
-1.332	2.210
-1.372	2.256
-1.397	2.310
-1.407	2.333
-1.400	2.361
-1.402	2.386
POLYLINE BROWN
-1.420	2.330
-1.957	3.756
-1.783	3.231
-2.406	5.683
-2.433	5.792
-2.449	5.907
-2.440	6.020
-2.391	6.623
-2.302	7.222
-2.233	7.823
POLYLINE BROWN
0.839	2.098
1.101	2.159
0.997	2.126
1.154	2.180
POLYLINE BROWN
-1.428	2.507
-1.357	2.462
-1.291	2.411
-1.217	2.373
-1.135	2.331
-1.051	2.290
-0.961	2.265
-0.084	2.024
-0.081	1.989
0.620	1.989
0.650	1.989
0.680	1.997
0.709	2.003
0.774	2.018
0.837	2.041
0.903	2.052
0.940	2.058
0.979	2.052
1.017	2.052
POLYLINE BROWN
0.856	10.711
1.351	10.903
1.421	10.941
2.196	11.089
2.372	11.123
2.553	11.118
2.732	11.115
3.671	11.098
3.011	11.039
3.476	11.088
POLYLINE BROWN
5.248	9.406
5.084	9.770
5.123	9.713
4.689	10.219
4.550	10.382
4.400	10.537
4.231	10.668
3.979	10.862
3.700	11.018
3.432	11.190
3.338	11.251
3.368	11.224
3.391	11.201
POLYLINE BROWN
5.307	9.384
5.270	9.331
5.236	9.276
5.194	9.227
5.165	9.193
5.132	9.162
5.095	9.135
4.842	8.950
4.595	8.754
4.325	8.595
4.105	8.464
3.864	8.370
3.629	8.265
3.590	8.248
3.548	8.236
3.506	8.231
3.435	8.221
3.363	8.219
3.292	8.221
3.076	8.226
2.861	8.236
2.645	8.251
2.286	8.276
2.456	8.313
2.107	8.268
2.046	8.260
1.954	8.232
1.909	8.182
1.865	8.136
1.824	8.087
1.787	8.035
1.764	8.003
1.741	7.968
1.730	7.930
1.640	7.632
1.566	7.330
1.484	7.029
POLYLINE BROWN
1.318	9.112
1.304	9.167
1.294	9.224
1.275	9.278
1.260	9.321
1.241	9.363
1.215	9.402
0.304	10.789
0.781	10.521
0.181	10.829
POLYLINE BROWN
1.366	9.133
1.367	9.066
1.376	8.999
1.370	8.933
1.351	8.749
1.273	8.464
1.193	8.311
1.046	8.030
0.863	7.770
0.705	7.495
0.570	7.262
0.442	7.024
0.314	6.787
0.256	6.682
0.207	6.571
0.147	6.468
0.129	6.437
0.105	6.412
0.080	6.386
0.070	6.375
0.052	6.367
0.038	6.378
0.031	6.384
0.026	6.393
0.022	6.401
0.012	6.429
0.005	6.457
-0.004	6.485
POLYLINE BROWN
0.172	6.392
0.136	6.395
0.098	6.396
0.062	6.401
-0.073	6.421
-0.157	6.596
-0.201	6.699
-0.313	6.962
-0.403	7.235
-0.524	7.494
-1.109	8.758
-0.568	7.415
-0.856	8.146
POLYLINE BROWN
-0.819	8.217
-0.819	8.217
POLYLINE BROWN
-0.742	8.113
-0.789	8.211
-0.878	8.326
-0.876	8.445
-0.875	8.589
-0.836	8.742
-0.810	8.880
POLYLINE BROWN
-0.724	8.942
-0.310	10.087
-0.669	9.210
-0.290	9.949
-0.096	10.328
-0.169	10.276
0.044	10.585
0.067	10.619
0.098	10.646
0.126	10.676
0.186	10.740
0.189	10.707
0.184	10.741
POLYLINE BROWN
0.119	6.621
0.512	7.580
0.474	7.424
0.815	8.658
0.869	8.852
0.850	8.893
0.803	9.058
POLYLINE BROWN
0.795	9.235
0.757	9.746
0.789	9.762
0.637	10.225
0.314	11.206
0.579	10.259
0.452	10.723
POLYLINE BROWN
0.785	9.170
0.758	9.140
0.733	9.108
0.704	9.080
0.690	9.066
0.674	9.053
0.656	9.044
0.465	8.952
0.267	8.873
0.077	8.777
-0.147	8.664
-0.366	8.539
-0.585	8.417
-0.803	8.296
-0.545	8.410
-0.834	8.294
POLYLINE BROWN
-2.337	8.701
-2.512	10.070
-2.310	8.313
-2.404	11.225
-2.417	11.621
-2.473	12.014
-2.507	12.409
POLYLINE BROWN
-2.146	7.786
-2.224	8.547
-2.151	8.246
-2.287	8.705
POLYLINE BROWN
0.264	10.747
0.151	11.101
0.038	11.455
-0.074	11.809
-0.098	11.855
-0.116	11.903
-0.144	11.945
-0.698	12.776
-0.049	11.742
-0.420	12.339
POLYLINE BROWN
7.174	12.590
7.180	12.595
POLYLINE BROWN
5.415	12.220
5.165	11.860
5.286	12.023
4.731	11.426
4.680	11.372
4.482	11.294
4.462	11.290
4.094	11.201
3.807	11.102
3.463	11.119
3.452	11.120
3.442	11.122
3.432	11.125
3.396	11.133
3.360	11.144
3.324	11.153
POLYLINE BROWN
2.394	6.860
2.361	6.889
2.326	6.916
2.295	6.947
2.161	7.079
2.067	7.526
2.042	7.617
2.002	7.767
2.044	7.921
2.144	8.036
2.179	8.077
2.217	8.115
2.258	8.149
2.401	8.267
2.354	8.204
2.464	8.290
2.509	8.325
2.531	8.362
2.566	8.408
POLYLINE BROWN
3.679	7.815
3.729	7.807
3.777	7.790
3.827	7.791
3.935	7.792
4.043	7.800
4.148	7.821
4.798	7.947
5.456	8.042
6.091	8.230
6.523	8.358
6.924	8.574
7.333	8.762
7.384	8.786
7.698	8.961
7.785	9.052
8.035	9.317
8.215	9.787
8.323	10.064
8.403	10.268
8.454	10.483
8.504	10.696
8.533	10.817
8.546	10.941
8.562	11.064
8.564	11.076
8.557	11.101
8.551	11.113
8.524	11.162
8.453	11.216
8.393	11.197
8.059	11.089
7.725	10.981
7.394	10.867
7.274	10.826
7.160	10.764
7.037	10.731
6.833	10.678
6.623	10.654
6.417	10.611
6.359	10.599
6.313	10.546
6.282	10.500
6.129	10.270
6.009	10.015
5.831	9.803
5.573	9.497
5.261	9.243
4.981	8.957
4.079	8.036
5.843	9.690
3.864	7.888
POLYLINE BROWN
4.032	7.812
4.030	7.829
POLYLINE BROWN
3.971	7.886
4.430	8.256
3.900	7.846
5.125	8.499
5.275	8.579
5.408	8.686
5.555	8.769
6.455	9.276
6.327	8.908
6.442	9.335
POLYLINE BROWN
7.940	9.259
7.772	9.283
7.604	9.323
7.434	9.330
7.343	9.334
6.791	9.243
6.552	9.346
6.516	9.361
6.481	9.411
6.476	9.448
6.457	9.580
6.418	9.818
6.436	9.976
6.458	10.165
6.589	10.399
6.645	10.544
6.655	10.567
6.658	10.593
6.664	10.618
POLYLINE BROWN
7.545	10.471
7.278	10.217
7.012	9.964
6.745	9.710
6.732	9.693
6.713	9.679
6.706	9.659
6.696	9.625
6.700	9.588
6.696	9.552
POLYLINE BROWN
7.692	10.483
7.748	10.246
7.783	9.971
7.928	9.770
7.957	9.730
7.997	9.697
8.033	9.664
POLYLINE BROWN
-1.668	9.011
-1.633	9.062
POLYLINE BROWN
0.879	10.782
0.759	10.761
0.677	10.732
0.565	10.741
0.495	10.747
0.446	10.780
0.375	10.800
0.333	10.812
0.291	10.817
0.249	10.825
POLYLINE BROWN
5.491	14.120
5.413	14.112
5.323	14.110
5.256	14.062
5.182	14.008
5.060	13.878
5.012	13.833
4.960	13.785
4.899	13.750
4.861	13.691
4.830	13.643
4.812	13.591
4.801	13.536
4.749	13.285
4.756	13.328
4.749	13.148
POLYLINE BROWN
7.159	12.648
6.895	13.020
6.639	13.406
6.280	13.693
6.228	13.734
6.169	13.766
6.113	13.801
5.989	13.878
5.859	13.946
5.740	14.029
5.492	14.241
5.597	14.164
5.438	14.275
POLYLINE BROWN
5.382	12.207
5.377	12.243
5.375	12.279
5.369	12.315
5.365	12.336
5.358	12.356
5.349	12.375
5.287	12.504
5.225	12.634
5.156	12.759
5.136	12.794
5.109	12.826
5.082	12.857
4.920	13.041
4.753	13.221
4.588	13.403
POLYLINE BROWN
4.553	13.434
4.519	13.494
4.481	13.552
4.451	13.615
4.389	13.745
4.356	13.968
4.342	14.082
4.334	14.143
4.341	14.204
4.340	14.266
POLYLINE BROWN
10.984	13.658
10.999	13.686
POLYLINE BROWN
9.372	9.894
9.373	9.898
POLYLINE BROWN
9.351	9.751
9.390	9.784
9.425	9.822
9.468	9.850
9.592	9.929
9.718	10.008
9.851	10.071
10.042	10.162
10.946	10.478
11.345	10.774
11.436	10.842
11.596	11.008
11.571	11.142
11.562	11.189
11.526	11.228
11.499	11.266
POLYLINE BROWN
11.504	11.102
11.502	11.103
POLYLINE BROWN
11.612	11.169
10.872	13.562
11.442	11.884
10.890	13.286
10.651	13.894
10.607	14.175
10.270	14.688
10.154	14.864
10.000	15.012
9.881	15.186
9.560	15.653
9.422	16.046
8.997	16.417
8.720	16.658
8.401	16.847
8.109	17.069
7.889	17.236
7.683	17.421
7.461	17.584
7.274	17.722
7.046	17.896
6.810	17.977
6.473	18.092
6.046	17.944
5.743	17.808
5.378	17.644
5.313	17.606
5.039	17.400
5.022	17.387
5.006	17.373
4.992	17.357
4.960	17.315
4.932	17.271
4.902	17.228
POLYLINE BROWN
5.021	17.424
4.737	16.856
4.636	16.688
4.402	16.066
4.148	15.393
4.494	16.126
4.254	15.638
POLYLINE BROWN
4.378	15.714
4.341	15.690
4.307	15.661
4.267	15.642
4.214	15.616
4.158	15.594
4.100	15.581
3.630	15.467
3.661	15.481
3.274	15.447
POLYLINE BROWN
4.353	14.220
3.935	14.397
4.503	14.150
3.789	14.503
3.713	14.540
3.634	14.569
3.556	14.601
POLYLINE BROWN
3.510	15.369
3.100	15.532
3.146	15.503
2.578	15.843
2.496	15.892
2.429	15.962
2.351	16.017
2.248	16.090
2.114	16.073
1.996	16.062
1.947	16.057
1.895	16.031
1.858	16.000
1.846	15.990
1.837	15.978
1.827	15.968
1.820	15.962
1.815	15.955
1.807	15.950
1.769	15.927
1.729	15.907
1.689	15.886
POLYLINE BROWN
3.658	14.555
2.679	14.936
3.595	14.541
2.114	15.453
1.883	15.595
1.924	15.532
1.764	15.581
1.739	15.589
1.716	15.600
1.692	15.610
POLYLINE BROWN
1.762	16.000
1.674	15.964
1.647	15.962
1.579	15.910
1.455	15.815
1.362	15.568
1.358	15.417
1.355	15.309
1.377	15.271
1.412	15.162
POLYLINE BROWN
1.754	15.657
1.718	15.621
1.687	15.599
1.664	15.556
1.607	15.446
1.648	15.125
1.649	15.081
POLYLINE BROWN
9.252	9.624
9.398	9.782
POLYLINE BROWN
7.080	12.710
7.219	12.639
7.359	12.568
7.498	12.497
7.545	12.471
7.589	12.441
7.638	12.420
7.916	12.300
8.194	12.177
8.479	12.076
8.640	12.019
9.017	11.964
9.231	11.839
9.384	11.750
9.460	11.583
9.536	11.432
9.550	11.405
9.555	11.374
9.564	11.345
POLYLINE BROWN
9.353	9.813
9.476	11.549
9.301	9.656
9.550	11.165
9.576	11.322
9.593	11.483
9.585	11.642
9.561	12.097
9.426	12.552
9.268	12.974
9.227	13.084
9.174	13.190
9.107	13.286
8.807	13.716
8.460	14.112
8.170	14.549
8.086	14.674
7.841	15.259
7.633	15.481
7.561	15.558
7.480	15.627
7.396	15.693
7.094	15.931
6.790	16.169
6.476	16.391
6.261	16.543
5.998	16.632
5.750	16.699
5.656	16.725
5.559	16.745
5.462	16.751
5.261	16.762
5.006	16.740
4.817	16.653
4.563	16.536
4.984	16.701
4.626	16.524
4.579	16.500
4.525	16.492
4.475	16.476
POLYLINE BROWN
9.356	9.673
9.310	9.657
9.264	9.642
9.220	9.624
9.203	9.616
9.150	9.583
9.139	9.565
9.015	9.352
8.880	9.145
8.779	8.920
8.693	8.729
8.633	8.527
8.582	8.324
8.528	8.105
8.442	7.779
8.466	7.515
8.472	7.455
8.472	7.394
8.492	7.337
8.512	7.279
8.553	7.231
8.584	7.177
POLYLINE BROWN
2.425	6.841
2.494	6.819
2.561	6.791
2.632	6.773
2.882	6.713
3.332	6.734
3.503	6.725
3.815	6.708
3.839	6.657
4.119	6.710
4.410	6.765
4.802	6.917
5.128	6.872
7.301	6.576
6.836	6.708
7.710	6.454
POLYLINE BROWN
8.480	7.311
8.271	7.243
8.238	7.206
8.059	7.020
7.905	6.859
7.788	6.657
7.869	6.433
7.943	6.228
8.284	5.864
8.302	5.840
8.525	5.528
8.540	5.415
8.791	5.156
9.103	4.836
9.429	4.530
9.749	4.218
9.812	4.157
9.948	4.243
9.990	4.286
10.031	4.329
10.071	4.374
10.107	4.421
10.127	4.448
10.143	4.477
10.156	4.508
10.215	4.646
10.258	4.766
10.234	4.915
10.226	4.968
10.218	5.022
10.197	5.072
9.885	5.798
9.865	5.748
9.248	6.454
9.033	6.700
8.808	6.938
8.581	7.175
8.470	7.290
8.413	7.289
8.268	7.277

ELEVATION
STATIONS
0.000	0.000	0
0.514	-2.222	1
-1.994	-5.423	2
0.743	-4.355	3
7.617	-1.520	4
4.424	2.682	5
1.786	3.614	6
7.596	-1.494	4.1
9.975	-6.727	4.2
SHOTS
0.000	0.000	0.514	-2.222
0.514	-2.222	-1.994	-5.423
-1.994	-5.423	2.745	-2.596
-1.994	-5.423	1.154	-4.673
-1.994	-5.423	0.055	0.768
-1.994	-5.423	-0.565	1.398
-1.994	-5.423	-1.937	-7.771
-1.994	-5.423	0.330	0.595
-1.994	-5.423	0.743	-4.355
0.743	-4.355	0.130	-4.492
0.743	-4.355	0.976	-4.628
0.743	-4.355	3.422	-4.499
0.743	-4.355	5.330	-4.809
0.743	-4.355	3.859	-4.775
0.743	-4.355	1.866	-4.538
0.743	-4.355	0.254	-7.269
0.743	-4.355	-0.020	-6.319
0.743	-4.355	-1.001	-6.238
0.743	-4.355	7.617	-1.520
7.617	-1.520	6.996	-1.101
7.617	-1.520	8.503	-0.790
7.617	-1.520	9.092	-0.970
7.617	-1.520	9.213	-1.275
7.617	-1.520	7.573	-1.474
7.617	-1.520	4.074	-2.272
7.617	-1.520	2.343	-2.317
7.617	-1.520	2.130	-2.259
7.617	-1.520	3.190	-1.893
7.617	-1.520	4.799	-1.422
7.617	-1.520	5.362	-1.321
7.617	-1.520	7.307	4.588
7.617	-1.520	4.092	3.117
7.617	-1.520	7.632	-1.476
7.617	-1.520	7.633	-1.478
7.617	-1.520	4.424	2.682
4.424	2.682	7.152	3.420
4.424	2.682	8.215	4.209
4.424	2.682	5.608	3.192
4.424	2.682	4.792	2.464
4.424	2.682	8.149	3.771
4.424	2.682	7.894	4.182
4.424	2.682	10.184	4.973
4.424	2.682	8.995	4.641
4.424	2.682	11.400	5.308
4.424	2.682	7.860	3.331
4.424	2.682	3.336	2.758
4.424	2.682	3.736	2.798
4.424	2.682	1.800	3.633
4.424	2.682	3.827	2.901
4.424	2.682	1.786	3.614
7.617	-1.520	7.596	-1.494
7.596	-1.494	7.614	-3.052
7.596	-1.494	8.489	-3.235
7.596	-1.494	10.247	-7.423
7.596	-1.494	9.824	-6.535
7.596	-1.494	10.243	-7.443
7.596	-1.494	10.268	-7.433
7.596	-1.494	9.975	-6.727
POLYLINE BROWN
0.427	-1.007
0.523	-1.021
0.618	-1.039
0.714	-1.048
0.760	-1.053
0.815	-1.031
0.857	-1.059
0.973	-1.135
0.904	-1.456
0.900	-1.546
0.879	-2.040
0.922	-1.712
0.870	-2.043
POLYLINE BROWN
0.386	-1.188
0.430	-1.421
0.415	-1.585
0.349	-1.811
0.284	-2.036
0.152	-2.174
0.438	-2.161
0.575	-2.155
0.711	-2.140
0.848	-2.129
POLYLINE BROWN
-0.720	2.985
-0.547	2.980
-0.372	3.000
-0.201	2.970
0.357	2.873
0.900	2.700
1.458	2.607
1.876	2.537
2.299	2.507
2.722	2.483
3.973	2.411
2.321	2.633
3.501	2.455

