TRIP
DATE 2026-08-18
DECLINATION 0.0
DATA
0		28.75	9.72	2.809	>
0		28.75	9.77	2.802	>
0		28.73	9.78	2.808	>
0		185.23	-5.37	3.098	>
0		168.23	-4.06	1.861	>
0		140.28	-2.18	0.788	>
0		296.13	-6.93	2.473	>
0		311.68	-8.97	2.608	>
0		206.94	-3.09	4.522	>
0		217.23	-1.54	3.960	>
0		325.60	-82.80	4.608	>
0		129.22	81.34	1.333	>
0	1	28.74	9.76	2.806	>
1		192.04	-8.27	1.093	>
1		221.95	-11.19	1.603	>
1		271.10	-2.58	1.349	>
1		281.60	-7.87	2.954	>
1		299.18	-0.19	1.421	>
1		19.18	2.09	2.363	>
1		355.59	5.79	1.735	>
1		6.51	15.83	4.697	>
1		44.61	-85.42	0.896	>
1		257.62	62.23	2.960	>
1		262.76	62.47	3.009	>
1		262.70	62.69	2.987	>
1		262.63	62.68	2.992	>
1	2	262.70	62.61	2.996	>
2		41.67	20.71	3.280	>
2		41.64	20.89	3.262	>
2		42.20	20.94	3.257	>
2		199.02	-3.46	3.616	>
2		198.97	-3.21	3.616	>
2		198.95	-3.22	3.616	>
2	3	41.83	20.85	3.266	>
3		259.46	-6.47	0.850	>
3		301.61	33.24	5.012	>
3		301.65	33.11	4.994	>
3		301.61	33.19	5.004	>
3	4	301.62	33.18	5.003	>
4		66.87	6.83	1.190	>
4		345.25	-2.10	3.689	>
4		355.03	-1.95	4.332	>
4		73.45	-67.64	1.321	>
4		262.47	71.23	5.345	>
4		192.66	49.98	2.490	>
4		192.67	49.91	2.487	>
4		192.63	49.72	2.476	>
4		192.41	49.72	2.477	>
4		350.46	-4.67	6.663	>
4		350.49	-4.55	6.639	>
4		350.55	-4.60	6.657	>
4	5	192.65	49.87	2.484	>
5		192.38	49.91	2.477	>
5		192.24	49.87	2.476	>
5		63.54	0.97	1.169	>
5		332.26	55.57	4.323	>
5		330.57	55.24	4.317	>
5		329.76	55.16	4.293	>
5	6	330.86	55.33	4.311	>
4	4.1	350.50	-4.61	6.653	>
4.1		75.96	-1.40	0.531	>
4.1		253.40	-2.87	0.565	>
4.1		34.17	-53.60	2.895	>
4.1		355.77	-16.96	3.824	>
4.1		356.42	-15.88	3.637	>
4.1		356.36	-15.79	3.634	>
4.1		356.09	-15.58	3.636	>
4.1	4.2	356.29	-15.75	3.636	>
2	2.1	198.98	-3.30	3.616	>
2.1		300.92	-1.29	0.738	>
2.1		70.07	-84.69	6.304	>
2.1		241.30	-16.40	3.073	>
2.1		241.26	-16.32	3.059	>
2.1		241.22	-16.34	3.057	>
2.1	2.2	241.26	-16.35	3.063	>
2.2		337.41	-0.14	1.099	>
2.2		100.32	-84.34	4.322	>
2.2		329.12	54.46	0.486	>
2.2		258.38	-17.55	3.942	>
2.2		258.28	-17.55	3.943	>
2.2		258.29	-17.55	3.945	>
2.2	2.3	258.31	-17.55	3.943	>
2.3		102.36	4.95	0.968	>
2.3		108.43	-75.77	5.274	>
2.3		101.45	69.92	0.929	>
2.3		175.29	6.00	2.802	>
2.3		173.54	6.24	2.801	>
2.3		173.42	6.20	2.798	>
2.3	2.4	174.08	6.15	2.800	>
2.4		174.98	6.61	0.820	>
2.4		305.06	-5.53	1.087	>
2.4		9.22	-88.34	4.029	>
2.4		335.23	49.44	0.727	>
2.4		280.45	-3.56	1.407	>
2.4		280.11	-3.44	1.435	>
2.4		280.32	-3.49	1.429	>
2.4		280.67	-2.39	1.444	>
2.4	2.5	280.37	-3.11	1.436	>
2.5		216.24	4.58	1.918	>
2.5		216.20	4.76	1.890	>
2.5		216.29	4.54	1.511	>
2.5		216.33	4.58	1.887	>
2.5		212.89	4.79	1.858	>
2.5		212.99	4.81	1.861	>
2.5		213.11	4.74	1.846	>
2.5	2.6	213.00	4.78	1.855	>

PLAN
STATIONS
0.000	0.000	0
1.330	2.425	1
-0.037	2.250	2
1.999	4.524	3
-1.567	6.720	4
-1.918	5.157	5
-3.112	7.299	6
-2.661	13.260	4.1
-2.888	16.752	4.2
-1.211	-1.164	2.1
-3.788	-2.577	2.2
-7.470	-3.339	2.3
-7.183	-6.108	2.4
-8.594	-5.850	2.5
-9.600	-7.400	2.6
SHOTS
0.000	0.000	-0.281	-3.072
0.000	0.000	0.379	-1.817
0.000	0.000	0.503	-0.606
0.000	0.000	-2.204	1.081
0.000	0.000	-1.924	1.713
0.000	0.000	-2.046	-4.025
0.000	0.000	-2.395	-3.152
0.000	0.000	-0.326	0.477
0.000	0.000	0.155	-0.127
0.000	0.000	1.330	2.425
1.330	2.425	1.104	1.367
1.330	2.425	0.279	1.255
1.330	2.425	-0.017	2.451
1.330	2.425	-1.536	3.013
1.330	2.425	0.089	3.118
1.330	2.425	2.106	4.655
1.330	2.425	1.197	4.146
1.330	2.425	1.843	6.915
1.330	2.425	1.380	2.476
1.330	2.425	-0.017	2.129
1.330	2.425	-0.037	2.250
-0.037	2.250	1.999	4.524
1.999	4.524	1.169	4.370
1.999	4.524	-1.567	6.720
-1.567	6.720	-0.480	7.184
-1.567	6.720	-2.505	10.285
-1.567	6.720	-1.942	11.033
-1.567	6.720	-1.085	6.863
-1.567	6.720	-3.272	6.494
-1.567	6.720	-1.911	5.156
-1.567	6.720	-1.918	5.157
-1.918	5.157	-2.260	3.599
-1.918	5.157	-2.256	3.598
-1.918	5.157	-0.871	5.678
-1.918	5.157	-3.112	7.299
-1.567	6.720	-2.661	13.260
-2.661	13.260	-2.146	13.389
-2.661	13.260	-3.202	13.099
-2.661	13.260	-1.696	14.682
-2.661	13.260	-2.931	16.908
-2.661	13.260	-2.888	16.752
-0.037	2.250	-1.211	-1.164
-1.211	-1.164	-1.844	-0.785
-1.211	-1.164	-0.663	-0.965
-1.211	-1.164	-3.788	-2.577
-3.788	-2.577	-4.210	-1.563
-3.788	-2.577	-3.369	-2.654
-3.788	-2.577	-3.933	-2.335
-3.788	-2.577	-7.470	-3.339
-7.470	-3.339	-6.528	-3.545
-7.470	-3.339	-6.240	-3.748
-7.470	-3.339	-7.157	-3.402
-7.470	-3.339	-7.183	-6.108
-7.183	-6.108	-7.112	-6.920
-7.183	-6.108	-8.069	-5.487
-7.183	-6.108	-7.164	-5.993
-7.183	-6.108	-7.381	-5.679
-7.183	-6.108	-8.564	-5.853
-7.183	-6.108	-8.594	-5.850
-8.594	-5.850	-9.724	-7.392
-8.594	-5.850	-9.706	-7.370
-8.594	-5.850	-9.485	-7.064
-8.594	-5.850	-9.708	-7.366
-8.594	-5.850	-9.600	-7.400
POLYLINE BLUE
0.474	-0.656
0.452	-0.684
0.428	-0.711
0.408	-0.741
0.398	-0.758
0.386	-0.776
0.384	-0.795
0.347	-1.095
0.322	-1.397
0.291	-1.698
POLYLINE BLUE
-0.402	-3.232
-0.404	-3.213
-0.402	-3.146
-0.426	-3.118
-0.465	-3.071
-0.564	-3.116
-0.600	-3.142
-0.766	-3.262
-0.891	-3.437
-1.032	-3.578
-1.057	-3.603
-1.089	-3.621
-1.118	-3.642
-1.188	-3.692
-1.260	-3.740
-1.328	-3.793
-1.395	-3.844
-1.456	-3.903
-1.525	-3.953
-1.577	-3.990
-1.658	-4.037
-1.729	-4.024
-1.795	-4.011
-1.854	-3.983
-1.924	-3.981
-2.045	-3.978
-2.112	-4.096
-2.178	-4.176
POLYLINE BLUE
-0.467	-3.067
-0.277	-2.924
POLYLINE BLUE
-2.205	0.957
-2.269	0.873
-2.318	0.797
-2.322	0.689
-2.323	0.644
-2.301	-0.635
-2.415	-1.039
-2.470	-1.234
-2.565	-1.415
-2.629	-1.607
-2.643	-1.650
-2.647	-1.695
-2.649	-1.740
-2.657	-1.930
-2.666	-2.120
-2.656	-2.310
-2.651	-2.413
-2.629	-2.516
-2.606	-2.616
-2.535	-2.920
-2.468	-2.978
-2.466	-3.220
-2.465	-3.307
-2.484	-3.339
-2.511	-3.425
POLYLINE BLUE
-1.525	3.094
-1.551	3.068
-1.578	3.044
-1.601	3.016
-1.619	2.995
-1.638	2.952
-1.644	2.925
-1.678	2.778
-1.704	2.628
-1.738	2.481
-1.866	1.944
-1.769	2.577
-1.860	1.773
POLYLINE BLUE
-1.622	3.088
-1.240	3.024
-0.960	2.718
-0.605	2.592
-0.436	2.532
-0.493	2.573
-0.382	2.551
-0.316	2.539
-0.250	2.523
-0.185	2.509
POLYLINE BLUE
-1.771	3.017
-1.745	3.061
-1.730	3.105
-1.691	3.138
-1.456	3.337
-0.997	3.170
-0.768	3.156
-0.665	3.149
-0.563	3.178
-0.460	3.182
-0.397	3.185
-0.333	3.173
-0.270	3.177
0.360	3.216
-0.141	3.215
0.144	3.213
POLYLINE BLUE
0.129	3.243
0.073	3.268
0.009	3.305
-0.055	3.283
-0.069	3.278
-0.083	3.273
-0.095	3.264
-0.101	3.260
-0.107	3.251
-0.104	3.244
-0.100	3.234
-0.088	3.230
-0.079	3.224
-0.010	3.186
0.101	3.224
0.154	3.271
0.362	3.455
0.564	3.644
0.760	3.840
1.157	4.237
0.899	4.078
1.126	4.208
POLYLINE BLUE
2.164	4.741
2.167	4.753
POLYLINE BLUE
2.012	4.778
2.095	4.656
2.113	4.575
2.117	4.420
2.120	4.327
2.126	4.233
2.112	4.141
2.035	3.641
1.945	3.143
1.844	2.647
1.830	2.581
1.804	2.517
1.769	2.459
1.586	2.156
1.455	1.939
1.228	1.707
1.199	1.677
1.165	1.652
1.134	1.624
POLYLINE BLUE
1.801	6.915
1.801	6.913
POLYLINE BLUE
1.867	6.879
1.821	6.874
1.729	6.872
1.724	6.803
1.721	6.770
1.713	6.737
1.721	6.705
2.258	4.519
2.349	5.329
2.255	4.553
POLYLINE BLUE
1.751	6.875
1.626	6.856
1.506	6.919
1.382	6.896
1.307	6.882
1.233	6.860
1.157	6.847
1.130	6.843
1.103	6.843
1.077	6.845
0.960	6.853
0.845	6.870
0.728	6.877
0.650	6.881
0.437	6.799
0.429	6.797
0.395	6.788
0.343	6.791
0.309	6.797
0.203	6.816
0.174	6.879
0.123	6.966
POLYLINE BLUE
0.768	4.072
0.654	4.100
0.702	4.066
0.653	4.207
POLYLINE BLUE
1.100	4.301
1.027	4.212
1.025	4.222
0.983	4.139
0.979	4.131
0.972	4.105
0.974	4.113
0.988	4.172
1.011	4.229
1.019	4.288
1.029	4.364
1.030	4.441
1.029	4.517
1.019	5.101
0.970	5.686
0.984	6.270
0.998	6.862
1.020	6.916
1.121	7.263
POLYLINE BLUE
-0.756	6.946
-0.906	7.124
-0.817	7.003
-0.957	7.255
-1.000	7.333
-1.042	7.411
-1.088	7.487
-1.442	8.063
-1.276	7.666
-1.637	8.621
-1.671	8.710
-1.695	8.804
-1.708	8.899
-1.803	9.603
-1.876	10.310
-1.962	11.015
-1.975	11.121
-2.006	11.093
-1.943	11.123
POLYLINE BLUE
8.740	3.300
8.710	3.330
POLYLINE BLUE
7.890	5.850
7.840	5.860
POLYLINE GREEN
-1.168	5.894
-0.723	5.181
-0.867	5.481
-0.669	5.029
POLYLINE GREEN
-1.051	5.680
-1.312	5.797
POLYLINE GREEN
-1.260	5.687
-1.281	5.749
POLYLINE GREEN
-1.248	5.727
-1.283	5.746
-1.360	5.779
-1.391	5.817
-1.462	5.906
-1.526	6.000
-1.595	6.090
-1.759	6.304
-1.929	6.515
-2.091	6.731
-2.165	6.830
-2.242	6.928
-2.305	7.034
-2.568	7.477
-2.395	7.300
-2.595	7.546
-2.643	7.604
-2.764	7.665
-2.800	7.688
POLYLINE GREEN
-3.667	6.937
-3.635	6.869
-3.610	6.796
-3.571	6.732
-2.770	5.404
-4.201	8.002
-2.842	5.534
-2.727	5.325
-2.630	5.108
-2.515	4.900
-2.441	4.767
-2.292	4.665
-2.199	4.559
-2.139	4.491
-2.094	4.411
-2.038	4.339
-2.006	4.296
-1.860	4.189
-1.859	4.189
POLYLINE GREEN
-3.456	7.698
-3.521	7.740
POLYLINE GREEN
-3.638	7.602
-3.609	7.579
-3.538	7.497
-3.493	7.552
-3.482	7.566
-3.472	7.589
-3.469	7.606
-3.466	7.621
-3.466	7.637
-3.476	7.649
-3.490	7.664
-3.575	7.686
-3.565	7.644
-3.563	7.632
-3.554	7.622
-3.547	7.612
-3.532	7.592
-3.516	7.572
-3.500	7.553
POLYLINE GREEN
-7.787	12.257
-7.631	12.083
-7.473	11.912
-7.319	11.735
-7.282	11.692
-7.251	11.643
-7.214	11.599
-7.212	11.596
-7.205	11.598
-7.203	11.601
-7.199	11.607
-7.198	11.614
-7.199	11.622
-7.208	11.704
-7.220	11.787
-7.234	11.869
-7.241	11.912
-7.263	11.954
-7.263	11.998
-7.263	12.011
-7.241	11.980
-7.233	11.968
-7.154	11.859
-7.081	11.744
-7.002	11.635
-6.990	11.618
-6.983	11.647
-6.983	11.648
-6.982	11.660
-6.983	11.671
-6.983	11.682
-7.005	11.789
-7.023	11.897
-7.049	12.004
-7.057	12.035
-7.071	12.064
-7.083	12.094
-7.264	12.537
-7.234	12.609
-7.437	12.853
POLYLINE GREEN
-6.788	12.186
-6.746	12.110
-6.702	11.969
-6.592	11.958
-6.582	11.957
-6.572	11.955
-6.562	11.958
-6.556	11.960
-6.552	11.966
-6.547	11.970
-6.505	12.011
-6.464	12.053
-6.422	12.095
POLYLINE GREEN
-6.960	12.777
-6.887	12.893
POLYLINE GREEN
-6.501	12.128
-6.444	12.194
-6.364	12.272
-6.387	12.369
-6.391	12.384
-6.397	12.405
-6.414	12.411
-6.431	12.418
-6.449	12.405
-6.462	12.397
-6.525	12.358
-6.500	12.243
-6.485	12.192
-6.450	12.076
-6.425	11.993
-6.363	11.897
-6.329	11.845
-6.260	11.788
-6.192	11.801
-6.059	11.827
-6.106	12.139
-6.111	12.189
-6.114	12.217
-6.123	12.243
-6.128	12.270
-6.130	12.278
-6.132	12.287
-6.131	12.295
-6.126	12.322
-6.090	12.322
-6.070	12.321
-5.989	12.314
-5.922	12.259
-5.886	12.187
-5.853	12.122
-5.820	12.056
-5.796	11.987
-5.758	11.873
-5.732	11.755
-5.700	11.639
POLYLINE GREEN
-6.470	12.930
-6.371	13.078
-6.434	13.004
-6.271	13.140
POLYLINE GREEN
-5.801	12.256
-5.798	12.258
-5.594	12.432
-5.543	12.527
-5.508	12.594
-5.512	12.664
-5.550	12.728
-5.561	12.747
-5.578	12.763
-5.599	12.771
-5.619	12.779
-5.642	12.777
-5.662	12.770
-5.730	12.746
-5.769	12.689
-5.776	12.618
-5.785	12.524
-5.747	12.379
-5.701	12.295
-5.669	12.237
-5.632	12.183
-5.594	12.129
-5.568	12.092
-5.516	12.055
-5.468	12.066
-5.340	12.095
-5.282	12.221
-5.217	12.321
POLYLINE GREEN
-6.556	10.884
-6.458	11.107
-6.367	11.426
-6.092	11.203
-6.052	11.170
-6.013	11.131
-5.999	11.079
-5.976	10.994
-5.995	10.904
-6.034	10.827
-6.053	10.789
-6.079	10.762
-6.076	10.719
-6.074	10.668
-6.028	10.623
-6.000	10.586
POLYLINE GREEN
-5.927	10.160
-5.859	10.091
-5.894	10.091
-5.825	10.157
POLYLINE BLUE
-3.112	13.159
-3.116	13.117
-3.123	13.075
-3.124	13.032
-3.125	13.006
-3.123	12.978
-3.115	12.953
-2.956	12.420
-2.776	11.894
-2.625	11.360
-2.564	11.142
-2.580	10.784
-2.592	10.585
-2.596	10.526
-2.614	10.468
-2.627	10.410
-2.646	10.319
-2.676	10.231
-2.688	10.140
-2.702	10.027
-2.711	9.912
-2.703	9.799
-2.701	9.770
-2.674	9.748
-2.659	9.723
POLYLINE BLUE
-2.167	13.345
-1.927	11.967
-1.863	11.918
-1.801	10.852
-1.795	10.744
-1.810	10.737
-1.850	10.646
POLYLINE BLUE
-2.697	10.349
-2.573	9.485
-2.584	9.813
-2.580	9.371
POLYLINE RED
-1.763	-0.833
-1.779	-0.790
-1.821	-0.700
-1.817	-0.643
-1.799	-0.363
-1.732	-0.193
-1.597	0.059
-1.522	0.199
-1.423	0.326
-1.356	0.470
-1.304	0.579
-1.270	0.696
-1.244	0.814
-1.175	1.120
-1.248	1.065
-1.164	1.267
-1.151	1.298
-1.140	1.331
-1.117	1.354
-1.090	1.382
-1.050	1.394
-1.017	1.414
POLYLINE RED
-1.048	1.209
-1.067	1.226
-1.115	1.257
-1.128	1.291
-1.135	1.310
-1.133	1.336
-1.122	1.353
-0.946	1.613
-1.029	1.547
-0.886	1.642
POLYLINE RED
-1.030	1.349
-1.038	1.420
-1.049	1.504
-0.994	1.562
-0.881	1.680
-0.763	1.793
-0.649	1.910
-0.442	2.122
-0.236	2.336
-0.029	2.548
POLYLINE RED
-1.115	-1.205
-1.136	-1.190
POLYLINE RED
-1.247	-1.226
-1.197	-1.197
-1.145	-1.172
-1.097	-1.140
-0.937	-1.034
-0.774	-0.780
-0.692	-0.616
-0.642	-0.513
-0.590	-0.409
-0.562	-0.298
-0.449	0.157
-0.549	0.107
-0.424	0.380
POLYLINE RED
-0.323	0.319
-0.251	0.562
-0.178	0.805
-0.106	1.048
-0.084	1.145
-0.068	1.243
-0.040	1.338
-0.028	1.379
-0.008	1.417
0.012	1.455
0.100	1.620
0.192	1.782
0.282	1.945
POLYLINE RED
-0.225	0.626
-0.237	0.583
-0.245	0.538
-0.262	0.495
-0.275	0.460
-0.294	0.426
-0.313	0.394
-0.394	0.257
-0.490	0.129
-0.563	-0.012
-0.632	-0.147
-0.668	-0.297
-0.739	-0.430
-0.843	-0.628
-0.971	-0.812
-1.088	-1.002
-1.092	-1.010
-1.156	-1.101
-1.155	-1.134
-1.154	-1.162
-1.141	-1.188
-1.135	-1.215
POLYLINE RED
-1.182	-1.145
-1.215	-1.147
-1.248	-1.147
-1.280	-1.150
-1.321	-1.155
-1.368	-1.182
-1.396	-1.210
-1.514	-1.329
-1.619	-1.462
-1.745	-1.573
-2.072	-1.863
-2.579	-2.240
-2.956	-2.479
-3.011	-2.515
-3.074	-2.537
-3.135	-2.561
-3.371	-2.652
-3.613	-2.727
-3.847	-2.824
-4.020	-2.895
-4.189	-2.976
-4.354	-3.063
-4.398	-3.086
-4.435	-3.121
-4.474	-3.151
-4.480	-3.155
-4.485	-3.160
-4.488	-3.166
-4.512	-3.208
-4.532	-3.253
-4.553	-3.296
POLYLINE RED
-5.921	-2.027
-5.903	-1.995
-5.888	-1.962
-5.869	-1.931
-5.852	-1.905
-5.815	-1.869
-5.790	-1.854
-5.653	-1.769
-5.514	-1.686
-5.373	-1.607
-5.349	-1.593
-5.302	-1.584
-5.274	-1.583
-5.258	-1.583
-5.242	-1.586
-5.226	-1.587
-5.189	-1.590
-5.152	-1.597
-5.115	-1.596
-5.066	-1.595
-5.017	-1.589
-4.968	-1.579
-4.913	-1.567
-4.857	-1.551
-4.804	-1.530
-4.592	-1.446
-4.588	-1.407
-4.413	-1.378
-3.881	-1.289
-4.011	-1.359
-3.219	-1.262
-3.075	-1.245
-2.567	-1.043
-2.529	-1.032
-2.376	-0.992
-2.216	-0.983
-2.061	-0.953
-1.898	-0.921
-1.703	-0.717
-1.612	-0.643
POLYLINE RED
-4.606	-3.336
-4.814	-3.285
POLYLINE RED
-6.561	-3.517
-6.575	-3.474
POLYLINE RED
-6.494	-3.572
-6.527	-3.559
-6.569	-3.557
-6.594	-3.531
-6.605	-3.521
-6.568	-3.516
-6.553	-3.515
-6.164	-3.476
-5.775	-3.447
-5.386	-3.411
-5.322	-3.405
-5.258	-3.395
-5.193	-3.387
-5.123	-3.389
-5.052	-3.398
-4.981	-3.392
-4.843	-3.379
-4.707	-3.353
-4.570	-3.330
-4.461	-3.312
-4.449	-3.293
-4.354	-3.296
-4.284	-3.298
-4.224	-3.331
-4.162	-3.360
POLYLINE RED
-5.932	-1.971
-6.001	-1.900
-6.036	-1.868
-6.130	-1.926
-6.276	-2.016
-6.423	-2.104
-6.563	-2.203
-6.609	-2.235
-6.648	-2.276
-6.687	-2.316
-6.797	-2.428
-6.899	-2.547
-7.010	-2.658
-7.081	-2.729
-7.151	-2.802
-7.230	-2.863
-7.600	-3.146
-7.429	-2.926
-7.706	-3.236
-7.733	-3.266
-7.759	-3.298
-7.773	-3.335
-7.797	-3.397
-7.803	-3.465
-7.818	-3.530
POLYLINE RED
-7.604	-3.215
-7.626	-3.217
POLYLINE RED
-7.577	-3.297
-7.608	-3.294
-7.638	-3.289
-7.669	-3.288
-7.754	-3.285
-7.802	-3.394
-7.819	-3.459
-7.860	-3.616
-7.909	-3.771
-7.934	-3.931
-8.100	-5.032
-7.956	-4.929
-8.159	-5.490
POLYLINE RED
-6.585	-3.498
-6.602	-3.555
-6.626	-3.611
-6.637	-3.670
-6.737	-4.194
-6.802	-4.726
-6.916	-5.248
-7.059	-5.898
-7.439	-6.542
-7.340	-7.238
POLYLINE RED
-8.090	-5.185
-8.265	-5.417
-8.439	-5.649
-8.613	-5.882
-8.624	-5.906
-8.641	-5.928
-8.647	-5.954
-8.712	-6.271
-8.743	-6.596
-8.825	-6.909
-8.880	-7.118
-8.986	-7.310
-9.056	-7.515
-9.097	-7.634
-9.123	-7.757
-9.156	-7.878
POLYLINE RED
-1.900	-12.070
-2.050	-11.980
POLYLINE RED
-1.140	-6.460
-1.205	-6.450
POLYLINE RED
-1.260	-5.970
-1.260	-5.970
POLYLINE BLUE
-2.589	9.904
-2.592	9.903
POLYLINE BLUE
-2.672	9.885
-2.744	9.718
-2.749	9.612
-2.721	9.424
-2.686	9.193
-2.646	8.963
-2.597	8.735
-2.585	8.678
-2.567	8.621
-2.539	8.570
-2.459	8.426
-2.364	8.291
-2.274	8.153
-2.227	8.081
-2.168	8.016
-2.127	7.940
-2.074	7.841
-2.037	7.733
-1.994	7.628
-1.929	7.468
-1.857	7.310
-1.802	7.145
-1.765	7.031
-1.750	6.910
-1.719	6.794
-1.712	6.770
-1.703	6.746
-1.689	6.725
-1.671	6.697
-1.646	6.673
-1.624	6.647
POLYLINE BLUE
-0.210	6.896
0.215	6.803
0.031	6.865
0.350	6.734
POLYLINE BLUE
0.056	6.881
0.369	6.865
POLYLINE BLUE
0.141	6.734
0.039	6.752
-0.063	6.770
-0.165	6.789
-0.277	6.822
-0.387	6.866
-0.502	6.888
-0.599	6.906
-0.699	6.899
-0.797	6.909
-0.860	6.916
-0.940	6.980
-0.986	7.009
POLYLINE BLUE
1.145	4.106
1.035	4.239
1.011	4.422
0.892	4.547
0.797	4.647
0.585	4.790
0.508	4.851
0.425	4.918
0.350	4.994
0.266	5.060
0.076	5.209
-0.091	5.344
-0.313	5.435
-0.432	5.484
-0.559	5.514
-0.680	5.559
-0.707	5.570
-0.735	5.581
-0.756	5.601
-0.900	5.737
-1.042	5.876
-1.172	6.026
-1.337	6.216
-1.365	6.342
-1.512	6.534
-1.756	6.855
-1.629	6.582
-1.749	6.900
POLYLINE BLUE
-0.777	7.110
-0.720	7.113
POLYLINE BLUE
0.167	6.735
0.127	6.793
0.093	6.834
0.030	6.862
-0.004	6.878
-0.042	6.885
-0.074	6.905
-0.148	6.950
-0.218	7.002
-0.286	7.055
-0.299	7.065
-0.361	7.127
-0.365	7.156
-0.374	7.212
-0.371	7.269
-0.374	7.325
POLYLINE BLUE
0.420	-0.633
0.372	-0.577
0.302	-0.506
0.316	-0.421
0.336	-0.294
0.346	-0.164
0.385	-0.041
0.621	0.710
0.678	0.900
1.002	1.455
1.023	1.490
1.158	1.621
1.162	1.624
POLYLINE BLUE
-1.870	1.885
-2.016	1.616
-2.142	1.396
-2.270	1.108
-2.358	0.841
-2.306	0.965
-2.418	0.736
POLYLINE BLUE
-3.608	16.730
-3.626	16.334
-3.699	15.808
-3.595	15.391
-3.430	14.731
-3.416	14.963
-3.268	14.470
-3.246	14.395
-3.233	14.318
-3.222	14.242
-3.189	14.026
-3.341	13.596
-3.355	13.532
-3.373	13.446
-3.384	13.360
-3.399	13.274
POLYLINE BLUE
-3.467	13.366
-3.121	13.215
POLYLINE BLUE
-2.086	13.385
-2.116	13.355
-2.146	13.325
-2.176	13.295
-2.185	13.292
-2.194	13.285
-2.204	13.287
-2.225	13.291
-2.233	13.325
-2.236	13.339
-2.269	13.533
-2.323	13.726
-2.331	13.923
-2.343	14.195
-2.299	14.467
-2.295	14.739
-2.294	14.837
-2.386	15.211
-2.389	15.231
-2.501	16.024
-2.363	15.684
-2.626	16.430
-2.647	16.488
-2.677	16.543
-2.713	16.593
-2.738	16.630
-2.776	16.658
-2.807	16.690
POLYLINE BLUE
-3.449	13.289
-3.440	13.201
-3.442	13.094
-3.371	13.027
-3.358	13.016
-3.344	13.006
-3.330	12.995
-3.309	12.979
-3.286	12.964
-3.267	12.946
-3.217	12.900
-3.192	12.838
-3.164	12.779
POLYLINE BLUE
-9.326	4.800
-9.255	4.865
-9.177	4.924
-9.113	4.996
-9.024	5.095
-8.952	5.208
-8.867	5.311
-8.859	5.321
-8.847	5.329
-8.835	5.334
-8.798	5.350
-8.783	5.298
-8.783	5.272
-8.785	4.466
-8.746	4.720
-8.830	4.291
POLYLINE BLUE
-8.111	5.428
-8.157	5.321
-8.265	5.132
-8.286	4.979
-8.321	4.715
-7.996	4.664
-7.847	4.528
-7.831	4.513
-7.809	4.487
-7.800	4.466
-7.770	4.395
-7.847	4.361
-7.902	4.345
-8.059	4.302
-8.171	4.380
-8.247	4.517
-8.309	4.631
-8.276	4.764
-8.222	4.873
-8.173	4.974
-8.094	5.065
-8.093	5.183
-8.093	5.280
-8.234	5.390
-8.320	5.327
-8.361	5.297
-8.408	5.197
-8.416	5.184
POLYLINE BLUE
-7.564	4.288
-7.616	4.249
POLYLINE BLUE
-7.211	5.378
-7.225	5.214
-7.337	4.955
-7.280	4.760
-7.268	4.720
-7.249	4.683
-7.222	4.650
-7.130	4.541
-6.908	4.467
-6.777	4.546
-6.629	4.634
-6.599	4.931
-6.650	5.076
-6.752	5.368
-7.174	5.304
-7.396	5.276
-7.477	5.266
-7.637	5.235
-7.682	5.143
-7.715	5.075
-7.672	4.920
-7.670	4.894
POLYLINE BLUE
-6.143	5.197
-6.160	5.189
-6.282	5.149
-6.322	5.104
-6.363	5.058
-6.336	4.988
-6.298	4.950
-6.187	4.839
-6.069	4.737
-5.957	4.628
-5.925	4.597
-5.901	4.545
-5.911	4.500
-5.939	4.361
-6.354	4.187
-6.303	4.440
-6.284	4.534
-6.253	4.612
-6.204	4.697
-6.150	4.790
-6.082	4.862
-5.999	4.930
-5.995	4.933
-5.739	5.061
-5.793	5.153
-5.824	5.205
-5.928	5.228
-5.967	5.238
-6.134	5.284
-6.179	5.248
-6.320	5.162
POLYLINE BLUE
-9.167	3.105
-9.151	3.134
-9.083	3.300
-9.018	3.362
-8.929	3.446
-8.785	3.406
-8.700	3.337
-8.534	3.204
-8.794	2.984
-8.861	2.898
-8.866	2.892
-8.870	2.884
-8.872	2.876
-8.873	2.873
-8.874	2.868
-8.871	2.866
-8.867	2.863
-8.861	2.865
-8.856	2.866
-8.847	2.869
-8.838	2.875
-8.829	2.879
-8.811	2.887
-8.793	2.897
-8.774	2.902
-8.745	2.910
-8.716	2.918
-8.687	2.920
-8.632	2.923
-8.577	2.921
-8.522	2.918
-8.384	2.911
-8.225	2.822
-8.119	2.781
POLYLINE BLUE
-7.777	3.382
-7.797	3.279
-7.827	3.190
-7.762	3.101
-7.702	3.020
-7.645	2.980
-7.556	2.920
-7.507	2.886
-7.418	2.839
-7.356	2.872
-7.277	2.915
-7.272	3.058
-7.325	3.121
-7.354	3.156
-7.401	3.178
-7.445	3.187
-7.576	3.216
-7.737	3.210
-7.862	3.214
POLYLINE BLUE
-6.999	3.402
-6.967	3.491
-6.953	3.657
-6.851	3.718
-6.670	3.825
-6.450	3.530
-6.470	3.365
-6.481	3.267
-6.548	3.173
-6.611	3.100
-6.628	3.081
-6.648	3.065
-6.667	3.049
-6.712	3.010
-6.759	2.974
-6.803	2.935
-6.813	2.926
-6.842	2.899
-6.841	2.877
-6.838	2.847
-6.788	2.836
-6.767	2.832
-6.698	2.817
-6.627	2.808
-6.558	2.791
-6.493	2.774
-6.351	2.694
-6.317	2.676
POLYLINE BLUE
-5.270	3.844
-5.336	3.888
-5.405	3.956
-5.490	3.962
-5.538	3.966
-5.591	3.951
-5.631	3.924
-5.843	3.786
-5.928	3.694
-6.005	3.451
-6.026	3.386
-6.054	3.306
-6.028	3.237
-5.975	3.094
-5.813	2.977
-5.682	2.914
-5.567	2.859
-5.399	2.848
-5.285	2.907
-5.176	2.964
-5.282	3.116
-5.339	3.167
-5.390	3.211
-5.440	3.236
-5.505	3.257
-5.670	3.310
-5.841	3.296
-5.999	3.226
-6.083	3.189
-6.158	3.131
-6.239	3.086
POLYLINE BLUE
-1.948	17.819
-1.740	18.106
-1.532	18.393
-1.325	18.679
-1.304	18.700
-1.286	18.724
-1.263	18.742
-1.234	18.764
-1.204	18.785
-1.170	18.801
-1.100	18.834
-1.028	18.860
-0.955	18.887
-0.945	18.890
-0.934	18.890
-0.924	18.890
-0.822	18.889
-0.769	18.758
-0.755	18.677
-0.734	18.554
-0.717	18.430
-0.711	18.306
-0.706	18.195
-0.718	18.006
-0.759	17.891
-0.804	17.761
-0.849	17.651
-0.927	17.544
-0.937	17.530
-0.950	17.519
-0.962	17.506
-0.996	17.469
-1.032	17.434
-1.063	17.394
-1.127	17.312
-1.185	17.224
-1.246	17.139
POLYLINE BLUE
-1.285	16.354
-1.420	16.279
-1.429	16.275
-1.309	16.337
POLYLINE BLUE
0.013	18.868
0.197	16.186
POLYLINE BLUE
1.059	18.475
0.912	18.287
0.776	18.090
0.619	17.911
0.572	17.858
0.510	17.820
0.451	17.781
0.342	17.707
-0.010	17.578
0.135	17.377
0.296	17.155
0.458	16.933
0.619	16.711
POLYLINE BLUE
1.042	17.606
0.941	17.484
0.857	17.383
0.838	17.223
0.818	17.057
0.787	16.826
0.890	16.672
1.013	16.485
1.310	16.471
1.488	16.579
1.600	16.648
1.678	16.751
1.740	16.864
1.948	17.244
1.500	17.363
1.225	17.452
1.172	17.470
1.087	17.486
1.027	17.471
1.021	17.469
1.015	17.468
1.010	17.465
0.978	17.443
0.946	17.418
0.915	17.395
POLYLINE BLUE
2.375	17.467
2.326	16.871
2.279	16.274
2.230	15.677
2.228	15.653
2.214	15.660
2.205	15.673
2.158	15.905
2.098	16.134
2.064	16.368
1.999	16.827
2.086	17.280
2.405	17.625
2.484	17.712
2.610	17.779
2.728	17.733
2.917	17.659
2.921	17.501
2.845	17.330
2.781	17.186
2.686	17.051
2.540	16.984
2.407	16.923
2.362	16.970
2.177	16.992
POLYLINE BLUE
3.179	16.859
3.319	17.193
3.460	17.526
3.600	17.859
3.603	17.862
3.604	17.865
3.607	17.867
3.622	17.877
3.646	17.857
3.651	17.845
4.060	16.869
4.018	17.230
4.053	16.728
POLYLINE BLUE
3.186	17.379
3.809	17.371
POLYLINE BLUE
4.454	16.562
4.364	16.976
4.392	16.754
4.471	17.475
4.477	17.530
4.494	17.584
4.507	17.638
4.510	17.646
4.535	17.713
4.551	17.672
4.691	17.329
4.825	16.983
4.968	16.641
4.979	16.615
4.997	16.592
5.013	16.568
5.028	16.545
5.076	16.510
5.084	16.561
5.151	17.005
5.216	17.449
5.282	17.893
POLYLINE BLUE
5.846	17.891
5.917	17.406
5.915	16.899
5.772	16.425
POLYLINE BLUE
6.702	18.022
6.574	16.536
POLYLINE BLUE
6.530	17.676
7.130	17.880
6.912	17.788
7.197	17.913
POLYLINE BLUE
6.576	17.329
6.934	17.433
6.783	17.449
7.029	17.377
POLYLINE BLUE
6.400	16.632
6.987	16.717
6.775	16.668
7.049	16.735

ELEVATION
STATIONS
0.000	0.000	0
1.330	0.476	1
-0.037	3.136	2
1.999	4.298	3
-1.567	7.037	4
-1.918	8.936	5
-3.112	12.481	6
-2.661	6.502	4.1
-2.888	5.515	4.2
-1.211	2.928	2.1
-3.788	2.065	2.2
-7.470	0.876	2.3
-7.183	1.176	2.4
-8.594	1.098	2.5
-9.600	1.253	2.6
SHOTS
0.000	0.000	-0.281	-0.290
0.000	0.000	0.379	-0.132
0.000	0.000	0.503	-0.030
0.000	0.000	-2.204	-0.298
0.000	0.000	-1.924	-0.407
0.000	0.000	-2.046	-0.244
0.000	0.000	-2.395	-0.106
0.000	0.000	-0.326	-4.572
0.000	0.000	0.155	1.318
0.000	0.000	1.330	0.476
1.330	0.476	1.104	0.318
1.330	0.476	0.279	0.164
1.330	0.476	-0.017	0.415
1.330	0.476	-1.536	0.071
1.330	0.476	0.089	0.471
1.330	0.476	2.106	0.562
1.330	0.476	1.197	0.651
1.330	0.476	1.843	1.756
1.330	0.476	1.380	-0.418
1.330	0.476	-0.017	3.095
1.330	0.476	-0.037	3.136
-0.037	3.136	1.999	4.298
1.999	4.298	1.169	4.202
1.999	4.298	-1.567	7.037
-1.567	7.037	-0.480	7.178
-1.567	7.037	-2.505	6.901
-1.567	7.037	-1.942	6.889
-1.567	7.037	-1.085	5.815
-1.567	7.037	-3.272	12.097
-1.567	7.037	-1.911	8.926
-1.567	7.037	-1.918	8.936
-1.918	8.936	-2.260	10.831
-1.918	8.936	-2.256	10.829
-1.918	8.936	-0.871	8.956
-1.918	8.936	-3.112	12.481
-1.567	7.037	-2.661	6.502
-2.661	6.502	-2.146	6.489
-2.661	6.502	-3.202	6.473
-2.661	6.502	-1.696	4.172
-2.661	6.502	-2.931	5.386
-2.661	6.502	-2.888	5.515
-0.037	3.136	-1.211	2.928
-1.211	2.928	-1.844	2.911
-1.211	2.928	-0.663	-3.349
-1.211	2.928	-3.788	2.065
-3.788	2.065	-4.210	2.062
-3.788	2.065	-3.369	-2.236
-3.788	2.065	-3.933	2.461
-3.788	2.065	-7.470	0.876
-7.470	0.876	-6.528	0.960
-7.470	0.876	-6.240	-4.236
-7.470	0.876	-7.157	1.749
-7.470	0.876	-7.183	1.176
-7.183	1.176	-7.112	1.271
-7.183	1.176	-8.069	1.071
-7.183	1.176	-7.164	-2.851
-7.183	1.176	-7.381	1.728
-7.183	1.176	-8.564	1.089
-7.183	1.176	-8.594	1.098
-8.594	1.098	-9.724	1.251
-8.594	1.098	-9.706	1.255
-8.594	1.098	-9.485	1.218
-8.594	1.098	-9.708	1.249
-8.594	1.098	-9.600	1.253

