TRIP
DATE 2026-08-17
DECLINATION 0.0
DATA
0		27.67	16.59	5.277	>
0		27.62	16.88	5.278	>
0		27.63	16.85	5.279	>
0	1	27.64	16.77	5.278	>
1		65.84	-48.06	3.380	>
1		65.97	-48.02	3.388	>
1		66.14	-48.03	3.336	>
1		65.92	-47.97	3.383	>
1		65.77	-47.95	3.387	>
1		65.90	-47.96	3.332	>
1		65.19	-48.34	3.360	>
1		65.02	-48.18	3.335	>
1	2	65.37	-48.16	3.342	>
2		353.10	-34.36	7.063	>
2		353.27	-34.35	7.022	>
2		353.16	-34.54	7.015	>
2		353.18	-34.42	7.033	>
2		290.35	-5.32	1.667	>
2		69.02	-10.18	2.930	>
2		332.97	75.50	0.873	>
2		211.55	-84.63	1.283	>
2		93.71	-85.27	1.310	>
2		359.39	-47.06	4.771	>
2		340.05	-44.59	3.337	>
2		349.55	-13.74	3.451	>
2		358.97	-8.75	4.547	>
2		10.86	-24.22	4.188	>
2		13.05	-35.39	4.867	>
2		353.08	-34.50	6.997	>
2		352.99	-34.59	7.232	>
2		352.86	-34.55	6.994	>
2		353.04	-34.69	7.194	>
2		353.10	-34.87	7.228	>
2		352.99	-34.77	7.090	>
2		352.95	-34.71	7.186	>
2		352.77	-34.67	6.965	>
2		353.01	-34.87	6.968	>
2		352.93	-34.74	7.181	>
2		352.98	-34.38	6.954	>
2		352.78	-34.75	6.970	>
2		352.91	-34.63	6.973	>
2	3	352.89	-34.59	6.966	>
3		114.08	-6.69	2.019	>
3		183.41	69.69	2.849	>
3		208.21	67.86	1.137	>
3		271.47	84.51	6.731	>
3		109.42	-60.92	5.425	>
3		31.35	-9.44	1.201	>
3		84.86	-18.41	2.861	>
3		73.34	-38.30	3.842	>
3		56.41	-48.97	5.101	>
3		45.18	-15.71	5.763	>
3		45.38	-15.57	5.754	>
3		45.32	-15.51	5.781	>
3	4	45.29	-15.60	5.766	>
4		304.74	-2.24	0.490	>
4		228.81	-85.56	1.434	>
4		350.08	78.33	2.072	>
4		38.90	2.31	10.467	>
4		38.89	2.33	10.467	>
4		38.74	2.44	10.472	>
4	5	38.85	2.36	10.469	>
5		306.43	-1.81	0.510	>
5		128.29	2.02	2.060	>
5		69.82	58.07	6.588	>
5		90.96	45.60	3.730	>
5		99.70	33.44	2.777	>
5		105.49	11.21	2.615	>
5		38.72	36.43	6.040	>
5		32.78	34.67	1.615	>
5		285.31	-73.62	0.524	>
5		220.18	-48.24	4.200	>
5		211.97	-16.88	3.918	>
5		224.88	-24.32	5.073	>
5		238.62	-38.14	3.251	>
5		171.17	23.35	2.749	>
5		190.77	18.57	3.688	>
5		216.20	3.71	5.460	>
5		89.61	10.79	3.243	>
5		90.67	11.61	3.014	>
5		90.90	11.54	3.012	>
5		90.94	11.35	3.013	>
5	6	90.84	11.50	3.013	>
6		302.95	-80.68	1.480	>
6		290.57	71.11	6.165	>
6		8.51	58.69	5.827	>
6		344.44	51.83	5.672	>
6		357.60	51.29	10.702	>

PLAN
STATIONS
0.000	0.000	0
2.344	4.477	1
4.371	5.406	2
3.661	11.096	3
7.608	15.003	4
14.169	23.150	5
17.121	23.107	6
SHOTS
0.000	0.000	2.344	4.477
2.344	4.477	4.405	5.402
2.344	4.477	4.414	5.400
2.344	4.477	4.384	5.379
2.344	4.477	4.412	5.401
2.344	4.477	4.413	5.408
2.344	4.477	4.371	5.406
4.371	5.406	3.681	11.167
4.371	5.406	2.815	5.983
4.371	5.406	7.064	6.439
4.371	5.406	4.272	5.601
4.371	5.406	4.308	5.304
4.371	5.406	4.479	5.399
4.371	5.406	4.336	8.656
4.371	5.406	3.560	7.640
4.371	5.406	3.763	8.703
4.371	5.406	4.290	9.899
4.371	5.406	5.091	9.157
4.371	5.406	5.267	9.271
4.371	5.406	3.676	11.130
4.371	5.406	3.644	11.315
4.371	5.406	3.655	11.122
4.371	5.406	3.654	11.278
4.371	5.406	3.659	11.293
4.371	5.406	3.660	11.186
4.371	5.406	3.646	11.269
4.371	5.406	3.650	11.089
4.371	5.406	3.675	11.080
4.371	5.406	3.645	11.262
4.371	5.406	3.661	11.096
3.661	11.096	5.492	10.278
3.661	11.096	3.602	10.109
3.661	11.096	3.459	10.719
3.661	11.096	3.018	11.113
3.661	11.096	6.147	10.220
3.661	11.096	4.277	12.108
3.661	11.096	6.365	11.340
3.661	11.096	6.550	11.961
3.661	11.096	6.451	12.949
3.661	11.096	7.608	15.003
7.608	15.003	7.206	15.282
7.608	15.003	7.525	14.930
7.608	15.003	7.536	15.416
7.608	15.003	14.169	23.150
14.169	23.150	13.759	23.452
14.169	23.150	15.785	21.874
14.169	23.150	17.439	24.352
14.169	23.150	16.778	23.106
14.169	23.150	16.453	22.759
14.169	23.150	16.641	22.465
14.169	23.150	17.208	26.941
14.169	23.150	14.888	24.266
14.169	23.150	14.026	23.189
14.169	23.150	12.364	21.013
14.169	23.150	12.184	19.969
14.169	23.150	10.907	19.874
14.169	23.150	11.986	21.818
14.169	23.150	14.557	20.656
14.169	23.150	13.516	19.715
14.169	23.150	10.951	18.753
14.169	23.150	17.355	23.171
14.169	23.150	17.121	23.107
17.121	23.107	16.920	23.237
17.121	23.107	15.253	23.808
17.121	23.107	17.570	26.101
17.121	23.107	16.181	26.484
17.121	23.107	16.841	29.794
POLYLINE BLACK
4.253	5.155
4.250	5.157
POLYLINE BLACK
4.250	5.154
5.990	5.888
3.425	4.830
5.436	5.570
5.912	5.745
6.379	5.944
6.847	6.138
6.920	6.169
7.013	6.227
7.055	6.299
7.122	6.410
7.110	6.559
7.033	6.662
6.733	7.067
6.418	7.460
6.127	7.871
5.973	8.089
5.830	8.315
5.701	8.548
5.607	8.717
5.547	8.904
5.458	9.075
5.388	9.209
5.291	9.298
5.177	9.389
POLYLINE BLACK
2.634	5.957
2.637	5.956
POLYLINE BLACK
2.634	5.942
2.949	6.095
POLYLINE BLACK
2.766	5.961
2.756	5.967
POLYLINE BLACK
3.697	8.903
3.717	8.839
3.722	8.794
3.760	8.744
3.808	8.682
3.899	8.634
3.977	8.632
3.986	8.631
4.322	8.612
4.429	8.653
4.639	8.734
4.844	8.844
4.989	9.022
5.109	9.170
5.172	9.322
5.236	9.496
POLYLINE BLACK
3.965	11.283
3.960	11.283
POLYLINE BLACK
5.274	9.385
5.261	9.382
POLYLINE BLACK
5.255	9.382
5.217	9.429
5.171	9.475
5.161	9.538
5.139	9.670
5.278	9.875
5.329	9.949
5.612	10.358
5.583	10.321
5.799	10.531
POLYLINE BLACK
2.738	6.106
2.786	6.169
2.834	6.233
2.881	6.297
2.912	6.335
2.948	6.370
2.973	6.412
3.114	6.651
3.255	6.891
3.378	7.140
3.391	7.165
3.519	7.472
3.514	7.588
3.490	8.108
3.425	8.626
3.421	9.146
3.420	9.290
3.413	10.442
3.558	10.903
3.600	11.038
3.659	11.168
3.720	11.295
3.745	11.347
3.784	11.391
3.816	11.439
POLYLINE BLACK
7.834	15.280
7.291	14.458
7.133	14.301
6.784	13.605
6.717	13.470
6.647	13.337
6.595	13.196
6.473	12.863
6.485	12.533
6.404	12.186
6.356	11.982
6.288	11.782
6.211	11.587
6.095	11.296
5.951	11.016
5.825	10.729
5.805	10.683
5.789	10.636
5.775	10.588
5.762	10.545
5.753	10.500
5.743	10.455
POLYLINE BLACK
3.668	11.196
3.674	11.213
POLYLINE BLACK
3.695	11.271
3.737	11.372
3.771	11.477
3.823	11.573
3.869	11.660
3.925	11.741
3.985	11.818
5.907	14.280
5.138	13.577
6.250	14.539
POLYLINE BLACK
5.903	14.310
5.906	14.309
POLYLINE BLACK
5.844	14.177
5.847	14.177
POLYLINE BLACK
6.443	12.893
6.384	13.006
6.329	13.120
6.268	13.231
6.259	13.248
6.245	13.263
6.231	13.277
6.164	13.346
6.019	13.426
5.962	13.455
5.809	13.532
5.646	13.566
5.478	13.523
5.375	13.496
5.329	13.452
5.231	13.391
POLYLINE BLACK
3.465	9.197
3.502	9.055
3.539	8.886
3.662	8.790
3.707	8.756
3.748	8.739
3.798	8.713
POLYLINE BLACK
7.086	14.687
7.088	14.718
7.088	14.748
7.091	14.778
7.101	14.885
7.269	14.887
7.341	14.903
7.395	14.915
7.448	14.930
7.502	14.943
POLYLINE BLACK
5.028	12.994
5.008	12.977
4.961	12.948
4.944	12.915
4.915	12.859
4.965	12.799
5.015	12.777
5.083	12.746
5.125	12.745
5.202	12.717
5.252	12.698
5.294	12.670
5.334	12.635
5.393	12.583
5.413	12.483
5.498	12.465
5.572	12.449
5.647	12.439
5.722	12.427
5.786	12.417
5.824	12.415
5.868	12.359
5.904	12.313
5.948	12.252
5.967	12.193
5.980	12.153
5.988	12.110
5.997	12.068
6.005	12.037
6.002	11.995
6.037	11.979
6.050	11.973
6.070	11.972
6.083	11.976
6.312	12.041
6.316	12.042
6.373	12.273
6.376	12.287
6.376	12.308
6.366	12.321
6.346	12.344
6.302	12.330
6.278	12.331
6.249	12.332
6.218	12.349
6.197	12.368
6.185	12.380
6.174	12.392
6.163	12.404
6.106	12.473
6.053	12.544
5.994	12.611
5.938	12.675
5.878	12.665
5.821	12.709
5.755	12.759
5.726	12.846
5.643	12.873
5.545	12.905
5.435	12.850
5.340	12.886
5.289	12.905
5.307	12.962
5.268	12.990
5.235	13.013
5.185	13.016
5.147	13.016
5.020	13.015
4.967	12.980
4.864	12.911
POLYLINE BLACK
5.454	13.210
5.462	13.151
5.466	13.075
5.541	13.077
5.559	13.077
5.588	13.082
5.603	13.092
5.626	13.106
5.615	13.148
5.589	13.151
5.528	13.159
5.467	13.155
5.407	13.156
POLYLINE BLACK
5.790	13.079
5.767	13.037
5.742	12.995
5.720	12.952
5.667	12.846
5.888	12.835
5.944	12.852
5.984	12.865
6.018	12.893
6.045	12.925
6.059	12.942
6.067	12.967
6.056	12.987
6.034	13.027
5.929	13.052
5.913	13.058
POLYLINE BLACK
6.156	12.814
6.125	12.754
6.091	12.696
6.063	12.635
6.005	12.512
6.205	12.489
6.270	12.533
6.317	12.564
6.323	12.637
6.319	12.688
6.316	12.727
6.295	12.802
6.248	12.814
6.196	12.828
6.143	12.838
6.090	12.850
POLYLINE BLACK
5.591	13.357
5.576	13.320
5.560	13.283
5.548	13.245
5.536	13.210
5.575	13.188
5.603	13.185
5.654	13.180
5.806	13.167
5.804	13.254
5.804	13.265
5.798	13.297
5.789	13.305
5.751	13.336
5.708	13.360
5.667	13.388
POLYLINE BLACK
3.054	9.528
3.184	9.620
3.308	9.686
3.469	9.672
3.561	9.664
3.641	9.606
3.737	9.628
3.795	9.641
3.835	9.684
3.879	9.721
POLYLINE BLACK
3.815	9.840
3.898	9.836
3.981	9.832
4.064	9.828
4.087	9.827
4.109	9.833
4.129	9.819
4.186	9.779
4.092	9.604
4.082	9.585
4.073	9.565
4.056	9.549
4.047	9.529
4.032	9.496
4.024	9.460
4.012	9.425
POLYLINE BLACK
0.733	9.781
0.684	9.685
0.634	9.589
0.585	9.494
0.583	9.486
0.580	9.478
0.579	9.470
0.573	9.414
0.640	9.394
0.684	9.397
0.721	9.400
0.753	9.418
0.781	9.441
0.845	9.494
0.837	9.564
0.837	9.640
POLYLINE BLACK
0.751	9.560
0.777	9.525
0.801	9.489
0.829	9.456
0.861	9.418
0.917	9.482
0.916	9.514
0.915	9.579
0.908	9.645
0.903	9.711
POLYLINE BLACK
1.115	9.696
1.106	9.636
1.086	9.574
1.110	9.515
1.155	9.400
1.339	9.337
1.356	9.501
1.366	9.598
1.328	9.676
1.245	9.726
1.221	9.740
1.190	9.745
1.164	9.733
1.116	9.708
1.074	9.584
1.068	9.571
POLYLINE BLACK
1.541	9.695
1.514	9.628
1.472	9.552
1.502	9.479
1.562	9.334
1.755	9.462
1.739	9.569
1.722	9.689
1.603	9.745
1.496	9.695
1.485	9.690
1.439	9.663
1.435	9.646
1.424	9.586
1.427	9.524
1.422	9.462
POLYLINE BLACK
1.584	10.288
1.699	9.471
POLYLINE BLACK
2.084	9.835
2.034	9.794
1.982	9.756
1.935	9.713
1.896	9.678
1.865	9.625
1.866	9.572
1.869	9.472
1.971	9.377
2.064	9.446
2.100	9.473
2.113	9.510
2.117	9.554
2.118	9.574
2.106	9.601
2.120	9.615
2.130	9.625
2.142	9.597
2.150	9.586
2.173	9.553
2.191	9.517
2.214	9.485
2.252	9.433
2.286	9.426
2.348	9.393
POLYLINE BLACK
7.539	15.595
7.540	15.596
POLYLINE BLACK
7.572	15.604
7.521	15.572
7.469	15.539
7.417	15.507
7.369	15.484
7.317	15.468
7.273	15.438
7.120	15.333
6.973	15.219
6.828	15.103
6.733	15.027
6.635	14.952
6.554	14.861
6.368	14.654
6.203	14.430
6.028	14.214
POLYLINE BLACK
7.584	14.909
7.590	14.909
POLYLINE BLACK
11.939	19.866
11.980	19.878
12.023	19.887
12.063	19.902
12.091	19.913
12.120	19.926
12.144	19.944
12.330	20.085
12.522	20.220
12.693	20.379
13.169	20.822
13.456	21.234
13.782	21.815
13.904	22.034
14.206	23.052
14.228	23.125
14.254	23.214
14.292	23.410
14.200	23.487
14.177	23.507
14.151	23.511
14.121	23.521
POLYLINE BLACK
7.621	14.945
7.690	14.992
7.762	15.036
7.828	15.087
8.275	15.437
8.764	15.905
9.109	16.310
10.923	18.438
9.591	17.098
10.086	17.593
POLYLINE BLACK
9.881	17.279
10.439	18.018
10.457	18.129
11.001	18.642
11.130	18.764
11.250	18.900
11.402	18.992
11.734	19.191
12.086	19.358
12.443	19.509
13.739	20.056
12.962	19.531
13.947	20.175
13.995	20.207
14.034	20.249
14.076	20.288
14.172	20.378
14.261	20.477
14.361	20.564
14.635	20.802
14.921	21.027
15.197	21.262
15.253	21.310
15.302	21.367
15.359	21.414
15.658	21.663
15.813	21.834
16.117	21.969
POLYLINE BLACK
7.423	15.532
7.895	16.057
8.834	17.085
9.212	17.590
9.686	18.222
10.133	18.874
10.556	19.540
10.953	20.165
11.256	20.846
11.668	21.460
12.143	22.168
12.808	22.763
13.483	23.270
14.370	23.937
14.004	23.472
14.664	24.119
14.880	24.331
14.980	24.538
15.133	24.802
15.199	24.916
15.255	25.036
15.327	25.147
15.483	25.389
15.644	25.629
15.817	25.860
15.890	25.957
16.239	26.415
16.444	26.564
16.636	26.704
16.835	26.833
17.035	26.962
17.095	27.001
17.232	27.063
17.303	27.004
17.322	26.988
17.334	26.963
17.339	26.938
17.356	26.850
17.367	26.760
17.388	26.673
17.416	26.553
17.449	26.433
17.486	26.315
17.628	25.851
17.679	25.855
17.710	25.380
17.719	25.235
17.707	25.006
17.656	24.853
17.384	24.036
17.404	24.031
17.042	23.390
16.978	23.277
16.904	23.169
16.836	23.058
16.813	23.022
16.787	22.989
16.769	22.951
16.683	22.774
16.708	22.748
16.632	22.540
16.573	22.377
16.449	22.230
16.310	22.127
16.213	22.054
16.115	21.982
16.007	21.927
15.696	21.771
15.462	21.721
15.133	21.629
POLYLINE BLACK
10.806	18.496
11.136	19.008
10.932	18.709
11.773	19.636
11.932	19.811
11.929	19.797
12.097	19.901
POLYLINE BLACK
14.414	23.446
14.343	22.947
14.417	23.391
14.128	22.412
14.112	22.356
14.144	22.285
14.189	22.253
14.314	22.168
14.423	22.075
14.577	22.125
14.694	22.164
14.777	22.259
14.836	22.365
14.857	22.403
14.859	22.452
14.853	22.494
14.839	22.599
14.785	22.802
14.811	22.934
14.829	23.031
14.939	23.357
14.927	23.533
14.922	23.598
14.907	23.663
14.895	23.728
14.887	23.770
14.844	23.801
14.804	23.810
14.654	23.845
14.492	23.790
14.373	23.697
14.338	23.669
14.314	23.630
14.284	23.596
POLYLINE BLACK
14.441	23.629
14.440	23.640
POLYLINE BLACK
14.417	23.620
14.425	22.999
POLYLINE BLACK
14.578	23.839
14.577	23.839
POLYLINE BLACK
14.584	23.847
14.542	23.788
14.497	23.730
14.457	23.670
14.451	23.661
14.447	23.651
14.445	23.641
14.434	23.586
14.551	23.664
14.531	23.605
14.526	23.589
14.516	23.576
14.507	23.563
14.505	23.559
14.509	23.571
14.511	23.575
14.521	23.589
14.532	23.603
14.542	23.617
POLYLINE BLUE
15.360	24.455
15.246	24.297
15.116	24.150
15.126	23.948
15.132	23.827
15.165	23.774
15.149	23.646
15.133	23.517
15.080	23.372
15.145	23.246
15.166	23.206
15.205	23.178
15.247	23.164
15.430	23.105
15.538	23.333
15.622	23.451
15.652	23.493
15.672	23.499
15.688	23.551
15.707	23.615
15.724	23.680
15.735	23.746
15.766	23.925
15.730	24.032
15.714	24.232
15.709	24.287
15.734	24.421
15.681	24.487
15.650	24.526
15.599	24.548
15.554	24.564
15.279	24.661
15.244	24.309
15.205	24.126
POLYLINE BLUE
15.419	23.983
15.419	23.980
15.421	23.978
15.422	23.975
15.421	23.978
15.419	23.986
15.419	23.983
POLYLINE BLUE
15.530	23.715
15.530	23.731
15.498	23.723
15.482	23.727
15.498	23.723
15.530	23.698
15.530	23.715
POLYLINE BLUE
15.343	23.906
15.343	23.883
15.358	23.863
15.366	23.842
15.358	23.863
15.343	23.928
15.343	23.906
POLYLINE BLUE
15.364	23.765
15.364	23.746
15.394	23.743
15.409	23.731
15.394	23.743
15.364	23.784
15.364	23.765
POLYLINE BLUE
15.425	24.511
15.440	24.437
15.312	24.412
15.259	24.359
15.233	24.334
15.209	24.297
15.195	24.262
15.144	24.136
15.125	23.973
15.142	23.835
15.147	23.790
15.202	23.589
15.187	23.513
15.173	23.444
15.152	23.377
15.133	23.309
15.118	23.253
15.100	23.225
15.122	23.167
15.175	23.030
15.370	23.134
15.452	23.183
15.515	23.221
15.569	23.289
15.594	23.357
15.686	23.599
15.785	23.801
15.748	24.054
15.739	24.117
15.723	24.178
15.705	24.239
15.679	24.324
15.648	24.406
15.566	24.448
15.399	24.535
15.651	24.375
15.351	24.518
15.328	24.529
15.421	24.536
15.425	24.511
POLYLINE BLACK
16.289	22.292
16.436	22.388
16.587	22.479
16.730	22.581
16.763	22.604
16.793	22.634
16.817	22.667
16.922	22.812
17.020	22.963
17.117	23.115
17.132	23.138
17.139	23.165
17.150	23.190
17.165	23.223
17.178	23.256
17.195	23.288
17.356	23.581
17.338	23.463
17.449	23.878
17.518	24.135
17.477	24.253
17.539	24.525
17.583	24.721
17.652	24.910
17.708	25.102
POLYLINE BLACK
16.683	26.825
16.689	26.821
POLYLINE BLACK
16.682	26.816
16.117	26.373
16.313	26.570
16.043	26.280
POLYLINE BLACK
15.402	27.247
15.556	27.100
15.694	27.030
15.878	26.955
POLYLINE BLACK
15.352	26.761
15.441	26.743
15.529	26.720
15.619	26.707
15.666	26.700
15.767	26.683
15.823	26.715
15.868	26.739
15.882	26.791
15.885	26.839
15.892	26.957
15.897	27.076
15.903	27.195

ELEVATION
STATIONS
0.000	0.000	0
2.344	1.523	1
4.371	-0.967	2
3.661	-4.921	3
7.608	-6.471	4
14.169	-6.040	5
17.121	-5.439	6
SHOTS
0.000	0.000	2.344	1.523
2.344	1.523	4.405	-0.991
2.344	1.523	4.414	-0.995
2.344	1.523	4.384	-0.957
2.344	1.523	4.412	-0.990
2.344	1.523	4.413	-0.992
2.344	1.523	4.371	-0.967
4.371	-0.967	3.681	-4.942
4.371	-0.967	2.815	-1.121
4.371	-0.967	7.064	-1.485
4.371	-0.967	4.272	-0.122
4.371	-0.967	4.308	-2.244
4.371	-0.967	4.479	-2.272
4.371	-0.967	4.336	-4.459
4.371	-0.967	3.560	-3.310
4.371	-0.967	3.763	-1.787
4.371	-0.967	4.290	-1.659
4.371	-0.967	5.091	-2.685
4.371	-0.967	5.267	-3.786
4.371	-0.967	3.676	-4.930
4.371	-0.967	3.644	-5.072
4.371	-0.967	3.655	-4.933
4.371	-0.967	3.654	-5.061
4.371	-0.967	3.659	-5.099
4.371	-0.967	3.660	-5.010
4.371	-0.967	3.646	-5.058
4.371	-0.967	3.650	-4.929
4.371	-0.967	3.675	-4.951
4.371	-0.967	3.645	-5.059
4.371	-0.967	3.661	-4.921
3.661	-4.921	5.492	-5.156
3.661	-4.921	3.602	-2.249
3.661	-4.921	3.459	-3.868
3.661	-4.921	3.018	1.779
3.661	-4.921	6.147	-9.662
3.661	-4.921	4.277	-5.118
3.661	-4.921	6.365	-5.824
3.661	-4.921	6.550	-7.302
3.661	-4.921	6.451	-8.769
3.661	-4.921	7.608	-6.471
7.608	-6.471	7.206	-6.490
7.608	-6.471	7.525	-7.901
7.608	-6.471	7.536	-4.442
7.608	-6.471	14.169	-6.040
14.169	-6.040	13.759	-6.056
14.169	-6.040	15.785	-5.967
14.169	-6.040	17.439	-0.448
14.169	-6.040	16.778	-3.375
14.169	-6.040	16.453	-4.510
14.169	-6.040	16.641	-5.532
14.169	-6.040	17.208	-2.453
14.169	-6.040	14.888	-5.121
14.169	-6.040	14.026	-6.542
14.169	-6.040	12.364	-9.173
14.169	-6.040	12.184	-7.177
14.169	-6.040	10.907	-8.129
14.169	-6.040	11.986	-8.047
14.169	-6.040	14.557	-4.950
14.169	-6.040	13.516	-4.865
14.169	-6.040	10.951	-5.687
14.169	-6.040	17.355	-5.433
14.169	-6.040	17.121	-5.439
17.121	-5.439	16.920	-6.900
17.121	-5.439	15.253	0.394
17.121	-5.439	17.570	-0.461
17.121	-5.439	16.181	-0.980
17.121	-5.439	16.841	2.912

