TRIP
DATE 2026-08-17
DECLINATION 0.0
DATA
0		10.18	34.61	4.840	>
0		10.26	34.49	4.802	>
0		10.34	34.50	4.826	>
0	1	10.26	34.53	4.823	>
1		22.27	21.51	5.508	>
1		22.43	21.50	5.505	>
1		22.37	21.39	5.511	>
1	2	22.36	21.47	5.508	>
2		53.92	-12.94	1.267	>
2		53.99	-13.10	1.268	>
2		54.03	-13.18	1.266	>
2	3	53.98	-13.07	1.267	>
3		307.48	5.50	0.687	>
3		343.43	-4.95	2.076	>
3		2.06	14.32	6.273	>
3		27.10	-10.46	3.984	>
3		47.75	-29.61	4.280	>
3		345.35	80.83	2.035	>
3		288.46	-77.39	0.461	>
3		49.24	-44.33	4.877	>
3		49.16	-44.24	4.861	>
3		49.26	-44.19	4.859	>
3	4	49.22	-44.25	4.866	>
4		186.69	-1.82	0.899	>
4		219.36	77.34	3.061	>
4		107.62	-77.98	1.535	>
4		242.16	16.51	1.381	>
4		212.46	22.51	1.546	>
4		142.47	8.30	1.306	>
4		113.36	-50.21	4.370	>
4		113.46	-50.30	4.380	>
4		113.46	-50.36	4.389	>
4	5	113.42	-50.29	4.380	>
5		32.43	5.58	1.689	>
5		168.45	11.38	0.591	>
5		299.33	89.15	1.350	>
5		243.75	-72.76	1.760	>
5		58.79	-42.12	3.505	>
5		71.52	-43.01	4.097	>
5		120.20	-59.42	7.836	>
5		120.27	-59.51	7.849	>
5		120.20	-59.55	7.875	>
5	6	120.22	-59.49	7.853	>
6		214.85	4.92	0.603	>
6		38.83	-4.41	0.502	>
6		82.60	83.90	1.647	>
6		159.37	-80.56	8.127	>
6		159.75	-80.60	9.771	>
6		152.53	-84.13	19.222	>
6		147.52	-84.38	16.862	>
6		144.16	-57.19	4.148	>
6		145.14	-64.15	7.700	>
6		149.00	-73.66	12.279	>
6		150.30	-77.94	18.784	>
6		114.64	-69.70	6.424	>
6		177.47	-74.95	3.843	>
6		167.42	-58.58	3.285	>
6		160.37	-80.33	7.834	>
6		160.15	-80.34	7.852	>
6		159.90	-80.50	7.808	>
6	7	160.14	-80.39	7.831	>

PLAN
STATIONS
0.000	0.000	0
0.708	3.909	1
2.658	8.650	2
3.656	9.376	3
6.295	11.652	4
8.863	10.540	5
12.308	8.533	6
12.752	7.303	7
SHOTS
0.000	0.000	0.708	3.909
0.708	3.909	2.658	8.650
2.658	8.650	3.656	9.376
3.656	9.376	3.113	9.792
3.656	9.376	3.066	11.358
3.656	9.376	3.875	15.450
3.656	9.376	5.441	12.863
3.656	9.376	6.410	11.878
3.656	9.376	3.574	9.689
3.656	9.376	3.561	9.407
3.656	9.376	6.295	11.652
6.295	11.652	6.190	10.760
6.295	11.652	5.870	11.134
6.295	11.652	6.600	11.555
6.295	11.652	5.124	11.034
6.295	11.652	5.529	10.447
6.295	11.652	7.082	10.627
6.295	11.652	8.863	10.540
8.863	10.540	9.764	11.958
8.863	10.540	8.979	9.972
8.863	10.540	8.845	10.549
8.863	10.540	8.395	10.309
8.863	10.540	11.086	11.887
8.863	10.540	11.704	11.489
8.863	10.540	12.308	8.533
12.308	8.533	11.964	8.040
12.308	8.533	12.621	8.923
12.308	8.533	12.481	8.555
12.308	8.533	12.777	7.286
12.308	8.533	12.860	7.035
12.308	8.533	13.214	6.790
12.308	8.533	13.195	7.139
12.308	8.533	13.623	6.711
12.308	8.533	14.226	5.778
12.308	8.533	14.087	5.571
12.308	8.533	14.252	5.123
12.308	8.533	14.333	7.604
12.308	8.533	12.352	7.536
12.308	8.533	12.681	6.862
12.308	8.533	12.752	7.303
POLYLINE BLACK
3.557	8.278
2.821	6.404
POLYLINE BLACK
3.423	7.779
3.631	8.446
3.599	8.268
3.714	9.180
3.723	9.253
3.712	9.326
3.712	9.399
POLYLINE BLACK
3.542	8.091
3.693	8.525
3.844	8.959
3.995	9.393
4.019	9.449
4.100	9.610
4.066	9.560
3.979	9.431
3.900	9.295
3.834	9.153
3.370	8.158
3.431	8.325
3.248	7.713
POLYLINE BLACK
3.652	8.563
3.086	7.091
3.266	7.723
3.016	6.698
POLYLINE BLACK
4.100	15.634
4.045	15.589
3.983	15.552
3.935	15.500
3.838	15.390
3.753	15.269
3.667	15.149
3.648	15.123
3.636	15.092
3.623	15.063
3.556	14.920
3.481	14.781
3.426	14.633
3.361	14.459
3.298	14.282
3.264	14.100
3.170	13.599
3.234	13.589
3.222	13.159
3.194	12.150
3.207	13.657
3.124	12.460
3.079	11.816
3.038	11.170
3.036	10.524
3.036	10.344
3.092	10.168
3.118	9.990
3.132	9.891
3.122	9.842
3.155	9.763
3.240	9.564
3.544	9.524
3.709	9.482
3.776	9.466
3.852	9.472
3.916	9.497
3.984	9.522
4.039	9.580
4.081	9.637
4.321	9.958
4.490	10.101
4.612	10.399
4.640	10.468
4.661	10.540
4.693	10.606
4.795	10.814
4.929	11.007
5.014	11.222
5.198	11.689
5.277	11.985
5.368	12.403
5.410	12.596
5.398	12.546
5.436	12.767
5.444	12.813
5.458	12.859
5.460	12.905
5.467	13.066
5.468	13.227
5.464	13.388
5.463	13.420
5.457	13.453
5.448	13.484
5.385	13.687
5.311	13.887
5.248	14.090
5.192	14.272
5.139	14.455
5.092	14.640
5.068	14.734
5.063	14.832
5.035	14.925
4.924	15.301
4.908	15.353
4.704	15.635
4.685	15.662
4.660	15.686
4.635	15.707
4.568	15.764
4.470	15.837
4.375	15.828
4.206	15.811
4.073	15.596
3.985	15.475
POLYLINE BLACK
1.331	7.404
1.846	7.944
2.541	8.471
2.780	9.226
2.866	9.500
2.929	9.782
2.977	10.066
3.008	10.244
3.002	10.426
3.018	10.606
3.022	10.660
3.079	10.820
3.083	10.832
POLYLINE BLACK
3.819	9.363
3.810	9.369
POLYLINE BLACK
3.713	9.385
3.712	9.385
POLYLINE BLACK
3.704	9.381
4.128	9.490
3.659	9.358
4.441	9.690
4.579	9.749
4.667	9.751
4.812	9.769
POLYLINE BLACK
5.370	11.731
5.369	11.722
POLYLINE BLACK
3.920	9.222
3.988	9.326
4.045	9.439
4.124	9.535
4.250	9.689
4.455	9.905
4.647	10.017
5.064	10.259
5.451	10.540
5.939	10.575
6.124	10.588
6.246	10.538
6.438	10.494
POLYLINE BLACK
6.461	10.570
6.489	10.540
6.641	10.357
6.727	10.300
6.782	10.264
6.839	10.232
6.895	10.198
POLYLINE BLACK
5.189	10.665
5.586	10.790
POLYLINE BLACK
6.576	11.875
6.118	12.256
6.284	12.081
5.805	12.746
5.778	12.784
5.759	12.827
5.742	12.871
5.410	13.714
5.637	13.216
5.468	13.578
POLYLINE BLACK
6.479	11.997
6.513	11.950
6.542	11.900
6.581	11.857
6.621	11.813
6.662	11.768
6.714	11.739
7.131	11.507
8.320	10.613
9.230	10.417
POLYLINE BLACK
6.261	10.558
6.540	10.535
6.526	10.544
6.815	10.486
6.982	10.453
7.149	10.422
7.314	10.378
7.590	10.273
7.466	10.308
7.682	10.258
POLYLINE BLACK
5.324	13.865
5.503	13.253
5.403	13.542
6.077	12.448
6.312	12.067
6.598	11.826
6.947	11.536
7.074	11.431
7.201	11.321
7.347	11.246
7.838	10.998
8.347	10.789
8.852	10.570
9.149	10.441
9.116	10.488
9.012	10.669
POLYLINE BLACK
5.575	13.553
5.564	13.512
5.546	13.468
5.549	13.423
5.565	13.241
5.845	12.860
5.853	12.849
6.092	12.535
6.355	12.239
6.619	11.946
6.685	11.872
6.762	11.807
6.843	11.750
7.214	11.487
7.592	11.234
7.974	10.988
8.038	10.946
8.163	10.909
8.239	10.897
8.386	10.874
8.549	10.847
8.695	10.899
8.828	10.946
8.983	11.073
9.070	11.144
9.178	11.233
9.283	11.327
9.378	11.430
9.460	11.518
9.530	11.617
9.599	11.716
9.693	11.851
9.723	11.960
9.834	12.061
9.884	12.105
9.935	12.148
9.990	12.186
10.162	12.305
10.433	12.382
10.638	12.302
10.768	12.251
10.818	12.210
10.930	12.127
10.943	12.117
10.953	12.104
10.967	12.095
11.016	12.065
11.068	12.040
11.119	12.012
POLYLINE BLACK
7.507	10.216
7.613	10.230
7.719	10.255
7.826	10.259
8.001	10.265
8.174	10.249
8.340	10.195
8.954	9.995
8.796	10.086
9.059	9.922
POLYLINE BLACK
12.356	8.697
12.321	8.653
12.282	8.613
12.252	8.566
12.223	8.520
12.201	8.471
12.179	8.422
12.133	8.323
12.182	8.222
12.299	8.251
12.389	8.272
12.470	8.391
12.513	8.440
12.541	8.472
12.568	8.519
12.580	8.562
12.587	8.589
12.596	8.631
12.584	8.660
12.553	8.731
12.416	8.714
12.364	8.682
12.309	8.648
12.282	8.604
12.246	8.551
POLYLINE BLACK
11.018	12.066
11.050	12.027
11.083	11.988
11.115	11.949
11.129	11.937
11.140	11.922
11.156	11.914
11.190	11.896
11.227	11.885
11.263	11.870
POLYLINE BLACK
8.957	9.980
9.020	9.911
9.085	9.845
9.146	9.774
9.163	9.754
9.176	9.730
9.188	9.706
9.293	9.511
9.390	9.311
9.497	9.117
9.513	9.088
9.532	9.059
9.558	9.039
9.673	8.944
9.795	8.859
9.918	8.774
9.967	8.740
10.074	8.666
10.152	8.647
10.306	8.609
10.362	8.603
10.527	8.616
10.683	8.629
11.044	8.773
11.090	8.786
11.188	8.816
11.287	8.830
11.387	8.800
11.534	8.756
11.625	8.641
11.721	8.522
11.766	8.465
11.806	8.404
11.840	8.339
11.941	8.100
11.889	8.200
11.985	8.032
POLYLINE BLACK
11.545	12.890
11.607	12.015
POLYLINE BLACK
11.469	12.200
11.488	12.098
11.504	11.996
11.525	11.894
11.528	11.881
11.534	11.869
11.540	11.857
11.591	11.762
11.708	11.971
11.733	12.003
11.755	12.032
11.779	12.059
11.802	12.087
POLYLINE BLACK
12.763	7.241
12.721	7.258
POLYLINE BLACK
12.761	7.272
12.666	7.344
POLYLINE BLACK
12.553	7.406
12.580	7.395
12.615	7.393
12.636	7.372
12.641	7.367
12.572	7.360
12.570	7.350
12.569	7.341
12.583	7.336
12.591	7.330
12.616	7.315
12.647	7.309
12.674	7.304
12.695	7.301
12.741	7.308
12.737	7.272
12.736	7.264
12.733	7.256
12.730	7.249
12.721	7.227
12.709	7.207
12.702	7.185
12.680	7.121
12.691	7.078
12.701	7.010
POLYLINE BLACK
12.610	7.353
12.439	7.444
12.451	7.492
12.309	7.660
12.006	8.019
12.300	7.586
11.975	8.113
POLYLINE BLACK
12.696	7.248
12.689	7.081
12.681	6.914
12.674	6.746
12.664	6.529
12.661	6.311
12.645	6.094
12.629	5.881
12.601	5.669
12.580	5.457
POLYLINE BLACK
12.589	8.908
12.963	8.476
12.346	9.199
12.897	8.490
12.940	8.435
12.991	8.388
13.042	8.341
13.067	8.318
13.094	8.297
13.123	8.280
13.244	8.208
13.340	8.206
13.485	8.153
13.566	8.122
13.646	8.087
13.723	8.046
14.553	7.606
14.114	7.779
14.510	7.630
POLYLINE BLACK
14.502	7.638
14.526	7.561
14.554	7.486
14.576	7.408
14.582	7.383
14.585	7.357
14.586	7.331
14.627	6.554
14.607	6.783
14.369	5.654
14.338	5.503
14.299	5.355
14.251	5.209
14.230	5.148
14.198	5.091
14.166	5.036
14.054	4.844
13.934	4.657
13.817	4.467
POLYLINE BLACK
13.141	8.249
13.136	8.140
13.145	8.125
13.118	8.042
13.112	8.022
13.099	8.005
13.097	7.985
13.096	7.980
13.108	7.980
13.113	7.981
13.126	7.985
13.137	7.994
13.149	8.002
13.199	8.034
13.247	8.070
13.299	8.099
13.374	8.141
13.471	8.149
13.555	8.141
13.746	8.124
13.697	8.144
13.799	8.085
POLYLINE BLACK
13.110	8.075
13.031	8.200
12.950	8.324
12.874	8.451
12.840	8.508
12.840	8.557
12.916	8.534
13.033	8.500
13.126	8.445
13.174	8.327
13.194	8.276
13.202	8.223
13.195	8.169
13.192	8.148
13.184	8.127
13.182	8.106
13.181	8.094
13.192	8.084
13.202	8.081
13.259	8.062
13.425	8.129
13.454	8.135
13.612	8.172
13.792	8.120
13.938	8.100
13.956	8.097
13.982	8.083
13.996	8.073
14.004	8.066
14.012	8.058
14.019	8.050
14.050	8.018
14.081	7.985
14.112	7.953
POLYLINE BLACK
13.853	8.060
14.067	7.991
14.125	7.981
14.336	7.875
14.392	7.847
14.476	7.785
14.520	7.734
14.602	7.636
14.714	7.441
14.685	7.304
14.543	6.636
14.390	5.970
14.220	5.308
14.142	5.004
13.878	4.596
13.708	4.372
POLYLINE BLACK
13.461	8.146
13.340	8.145
13.252	8.133
13.150	8.071
13.087	8.032
13.069	8.009
13.021	7.954
13.008	7.938
13.000	7.915
12.982	7.904
12.975	7.900
12.981	7.920
12.981	7.929
12.993	7.983
13.009	8.037
13.018	8.092
13.027	8.146
13.014	8.229
13.000	8.276
12.981	8.333
12.960	8.389
12.932	8.442
12.870	8.556
12.803	8.666
12.732	8.774
12.708	8.811
12.617	8.909
12.645	8.875
12.740	8.761
12.842	8.653
12.931	8.535
12.981	8.470
13.021	8.397
13.063	8.325
13.072	8.309
13.080	8.290
13.084	8.272
13.095	8.218
13.103	8.163
13.108	8.109
13.110	8.077
13.107	8.045
13.104	8.014
13.103	7.993
13.092	7.972
13.096	7.952
13.097	7.945
13.110	7.952
13.115	7.956
13.168	8.004
13.132	7.997
13.188	8.032
13.212	8.047
13.238	8.061
13.265	8.073
13.356	8.111
13.380	8.103
13.490	8.113
POLYLINE BLACK
12.348	7.572
12.441	7.494
12.538	7.403
12.660	7.373
12.676	7.370
12.692	7.368
12.707	7.367
12.718	7.366
12.765	7.376
12.783	7.360
12.799	7.344
12.790	7.318
12.786	7.300
12.754	7.141
12.717	6.983
12.690	6.823
12.669	6.703
12.650	6.583
12.642	6.461
12.606	5.945
12.603	6.023
12.633	5.731
POLYLINE BLACK
8.729	10.894
8.693	10.846
8.653	10.800
8.619	10.750
8.543	10.642
8.518	10.424
8.540	10.300
8.548	10.256
8.575	10.133
8.621	10.100
8.651	10.078
8.684	10.062
8.715	10.043
POLYLINE BLACK
11.717	11.479
11.494	11.192
11.551	11.284
11.355	10.620
11.238	10.226
11.252	9.692
11.289	9.308
11.324	8.935
11.341	8.922
11.448	8.702
POLYLINE BLACK
12.692	8.900
12.683	8.899
POLYLINE BLACK
12.666	8.901
12.620	8.874
POLYLINE BLACK
12.623	8.874
12.613	8.896
POLYLINE BLACK
11.415	8.777
11.543	8.710
11.986	8.670
12.131	8.477
12.154	8.448
12.172	8.405
12.163	8.367
12.146	8.297
12.123	8.229
12.106	8.159
12.101	8.141
12.098	8.122
12.099	8.103
12.103	8.065
12.113	8.027
12.120	7.989
POLYLINE BLACK
12.117	8.280
12.120	8.160
12.107	8.035
12.142	7.917
12.150	7.890
12.164	7.864
12.174	7.837
POLYLINE BLACK
12.653	8.875
12.652	8.876
POLYLINE BLACK
12.889	8.517
12.787	8.586
12.769	8.590
12.687	8.678
12.654	8.714
12.628	8.764
12.612	8.810
12.532	9.039
12.466	9.273
12.379	9.500
12.339	9.603
12.282	9.700
12.233	9.800
12.166	9.969
12.093	10.135
12.032	10.306
12.020	10.339
12.018	10.374
12.015	10.409
12.002	10.536
12.005	10.665
11.983	10.790
11.957	10.933
11.917	11.073
11.874	11.211
11.853	11.277
11.802	11.391
11.750	11.455
11.722	11.489
11.689	11.519
11.660	11.553
11.602	11.624
11.627	11.605
11.642	11.589
POLYLINE BLACK
11.488	11.091
11.520	11.110
11.714	11.254
11.801	11.229
11.818	11.224
11.770	11.216
11.754	11.209
11.723	11.197
11.692	11.187
11.662	11.173
11.630	11.157
11.597	11.135
11.573	11.109
11.566	11.101
11.522	11.050
11.536	11.034
11.543	11.026
11.572	11.041
11.572	11.041
11.619	11.065
11.664	11.093
11.711	11.115
11.730	11.124
11.750	11.130
11.770	11.135
11.786	11.139
11.802	11.141
11.819	11.142
11.832	11.143
11.845	11.142
11.858	11.140
11.871	11.139
11.883	11.135
11.896	11.132
11.905	11.130
11.921	11.116
11.925	11.125
11.929	11.134
11.909	11.138
11.900	11.143
11.831	11.183
11.771	11.216
11.690	11.196
11.658	11.189
11.622	11.174
11.594	11.155
11.572	11.140
11.546	11.116
11.532	11.093
11.527	11.086
11.517	11.075
11.523	11.071
11.532	11.066
11.543	11.076
11.552	11.081
11.587	11.099
11.619	11.122
11.654	11.139
11.694	11.157
11.797	11.183
11.838	11.170
11.842	11.169
11.832	11.165
11.828	11.163
11.765	11.143
11.701	11.127
11.639	11.105
11.617	11.097
11.596	11.083
11.575	11.072
11.575	11.071
11.577	11.071
11.578	11.071
11.592	11.077
11.606	11.085
11.622	11.089
11.698	11.108
11.749	11.114
11.827	11.111
11.850	11.110
11.876	11.091
11.897	11.102
11.911	11.111
11.867	11.118
11.851	11.124
11.831	11.132
11.811	11.138
11.790	11.143
11.769	11.147
11.748	11.150
11.727	11.150
11.663	11.149
11.583	11.142
11.527	11.107
11.491	11.084
11.459	11.047
11.444	11.007
11.442	11.001
11.439	10.989
11.445	10.987
11.454	10.984
11.464	10.993
11.472	10.998
11.544	11.048
11.600	11.118
11.679	11.157
11.781	11.207
11.896	11.162
11.995	11.129
POLYLINE BLACK
11.927	11.092
11.794	11.322
11.909	11.105
11.771	11.456
11.758	11.490
11.723	11.550
11.686	11.568
11.668	11.578
11.647	11.583
11.628	11.590
POLYLINE BLACK
11.715	11.297
11.698	11.318
11.682	11.341
11.663	11.361
11.640	11.387
11.618	11.348
11.611	11.331
11.599	11.302
11.603	11.261
11.577	11.245
11.560	11.234
11.572	11.284
11.570	11.304
11.570	11.319
11.569	11.364
11.571	11.349
11.575	11.296
11.580	11.242
11.585	11.188
11.589	11.181
11.589	11.164
11.596	11.168
11.606	11.174
11.605	11.190
11.609	11.202
11.616	11.224
11.617	11.248
11.627	11.268
11.630	11.272
11.634	11.260
11.636	11.255
11.639	11.249
11.638	11.241
11.640	11.234
11.641	11.234
11.642	11.234
11.643	11.235
11.644	11.237
11.644	11.240
11.645	11.243
11.652	11.311
11.652	11.379
11.665	11.445
11.667	11.453
11.676	11.432
11.681	11.426
11.693	11.381
11.703	11.336
11.715	11.291
11.723	11.265
11.742	11.258
11.755	11.283
11.766	11.304
11.774	11.323
11.776	11.347
11.779	11.368
11.778	11.390
11.778	11.412
11.778	11.417
11.778	11.423
11.778	11.428
11.778	11.430
11.779	11.424
11.779	11.422
11.787	11.344
11.794	11.267
11.802	11.189
11.805	11.185
11.806	11.182
11.807	11.194
11.808	11.239
11.809	11.284
11.808	11.329
11.808	11.345
11.800	11.392
11.804	11.377
11.816	11.315
11.815	11.250
11.835	11.190
11.843	11.167
11.840	11.238
11.843	11.262
11.845	11.281
11.845	11.300
11.850	11.317
11.851	11.321
11.859	11.322
11.861	11.319
11.867	11.308
11.868	11.294
11.871	11.281
11.879	11.251
11.885	11.220
11.892	11.189
POLYLINE BLACK
11.103	11.992
11.119	11.962
11.172	11.843
11.233	11.851
11.265	11.855
11.295	11.864
11.326	11.870
POLYLINE BLACK
11.121	11.889
11.151	11.937

ELEVATION
STATIONS
0.000	0.000	0
0.708	2.734	1
2.658	4.750	2
3.656	4.463	3
6.295	1.068	4
8.863	-2.301	5
12.308	-9.068	6
12.752	-16.789	7
SHOTS
0.000	0.000	0.708	2.734
0.708	2.734	2.658	4.750
2.658	4.750	3.656	4.463
3.656	4.463	3.113	4.529
3.656	4.463	3.066	4.284
3.656	4.463	3.875	6.014
3.656	4.463	5.441	3.739
3.656	4.463	6.410	2.348
3.656	4.463	3.574	6.472
3.656	4.463	3.561	4.013
3.656	4.463	6.295	1.068
6.295	1.068	6.190	1.039
6.295	1.068	5.870	4.054
6.295	1.068	6.600	-0.434
6.295	1.068	5.124	1.460
6.295	1.068	5.529	1.660
6.295	1.068	7.082	1.256
6.295	1.068	8.863	-2.301
8.863	-2.301	9.764	-2.137
8.863	-2.301	8.979	-2.185
8.863	-2.301	8.845	-0.952
8.863	-2.301	8.395	-3.982
8.863	-2.301	11.086	-4.652
8.863	-2.301	11.704	-5.096
8.863	-2.301	12.308	-9.068
12.308	-9.068	11.964	-9.016
12.308	-9.068	12.621	-9.106
12.308	-9.068	12.481	-7.430
12.308	-9.068	12.777	-17.085
12.308	-9.068	12.860	-18.707
12.308	-9.068	13.214	-28.189
12.308	-9.068	13.195	-25.848
12.308	-9.068	13.623	-12.554
12.308	-9.068	14.226	-15.997
12.308	-9.068	14.087	-20.850
12.308	-9.068	14.252	-27.437
12.308	-9.068	14.333	-15.093
12.308	-9.068	12.352	-12.779
12.308	-9.068	12.681	-11.871
12.308	-9.068	12.752	-16.789

