TRIP
DATE 2026-08-19
DECLINATION 0.0
DATA
0		242.22	-32.33	3.972	>
0		242.28	-32.28	3.977	>
0		242.17	-32.36	3.979	>
0	1	242.22	-32.32	3.976	>
1		194.31	66.24	1.659	>
1		275.37	-73.04	2.811	>
1		96.67	-5.43	1.825	>
1		144.06	-5.46	2.698	>
1		229.48	-9.92	1.120	>
1		217.75	-12.69	2.499	>
1		182.16	-1.96	2.645	>
1		170.17	1.04	4.070	>
1		161.11	-6.36	4.316	>
1		186.12	-29.47	2.335	>
1		186.20	-29.44	2.335	>
1		186.35	-29.43	2.334	>
1	2	186.23	-29.44	2.335	>
2		139.47	69.47	3.703	>
2		128.35	34.84	3.113	>
2		116.28	-1.55	2.866	>
2		102.85	-66.21	4.959	>
2		102.93	-66.28	4.957	>
2		102.84	-66.14	4.934	>
2	3	102.87	-66.21	4.950	>
3		248.46	-6.49	3.466	>
3		217.31	-4.35	3.790	>
3		165.00	-24.96	4.335	>
3		172.12	-81.69	7.257	>
3		170.89	-81.67	7.176	>
3		171.14	-81.80	7.194	>
3	4	171.38	-81.72	7.209	>
4		171.15	-81.85	7.191	>
4		305.81	13.29	1.658	>
4		267.29	22.03	5.930	>
4		260.17	15.23	7.242	>
4		248.60	15.67	6.466	>
4		229.61	19.65	6.672	>
4		214.83	10.68	4.523	>
4		175.61	5.84	2.582	>
4		127.47	29.66	2.150	>
4		155.56	-79.25	5.854	>
4		155.64	-79.27	5.850	>
4		154.89	-79.26	5.852	>
4	5	155.36	-79.26	5.852	>
5		312.62	-23.33	5.392	>
5		293.48	-24.41	6.424	>
5		275.19	-19.66	5.674	>
5		245.83	-21.03	3.589	>
5		225.31	-62.31	6.720	>
5		140.00	-82.07	14.320	>
5		140.16	-82.04	14.325	>
5		139.77	-82.07	14.324	>
5	6	139.97	-82.06	14.323	>
6		132.24	-0.64	4.011	>
6		104.46	5.11	3.853	>
6		100.09	6.60	3.400	>
6		58.20	30.83	3.128	>
6		59.63	35.99	4.904	>
6		49.37	39.27	5.837	>
6		18.72	32.87	2.812	>
6		350.34	44.68	3.812	>
6		311.72	33.52	4.878	>
6		276.65	40.46	4.475	>
6		205.34	31.65	3.429	>
6		125.37	-17.53	1.634	>
6		125.34	-17.60	1.624	>
6		125.26	-17.61	1.625	>
6	7	125.32	-17.58	1.628	>
7		119.44	-28.71	1.476	>
7		119.50	-28.57	1.480	>
7		119.58	-28.56	1.482	>
7	8	119.51	-28.61	1.479	>
8		321.97	-18.15	0.366	>
8		188.55	-34.89	1.459	>
8		213.30	-41.96	0.593	>
8		355.98	-76.82	7.301	>
8		356.39	-76.74	7.306	>
8		356.49	-76.73	7.308	>
8	9	356.28	-76.77	7.305	>
9		49.27	59.33	3.747	>
9		24.94	64.01	6.573	>
9		3.70	66.67	3.127	>
9		316.18	58.22	2.990	>
9		307.94	51.99	4.196	>
9		236.71	45.64	1.955	>
9		208.20	42.82	2.210	>
9		164.36	36.76	3.922	>
9		203.00	-20.06	4.734	>
9		202.90	-20.12	4.735	>
9		202.93	-20.02	4.738	>
9	10	202.94	-20.07	4.736	>
10		36.44	56.41	4.565	>
10		24.49	26.98	2.994	>
10		312.07	75.96	1.337	>
10		311.13	-81.54	1.371	>
10		3.41	9.21	1.349	>
10		3.73	8.39	1.361	>
10		332.89	-4.86	0.535	>
10		275.64	-7.35	1.068	>
10		265.42	-35.03	2.121	>
10		254.19	-28.97	0.697	>
10		265.18	-35.20	2.132	>
10		265.29	-35.23	2.132	>
10		265.49	-35.23	2.124	>
10	11	265.32	-35.22	2.129	>
11		171.12	-84.98	12.411	>
11		171.81	-85.01	12.430	>
11		171.73	-85.02	12.409	>
11	12	171.55	-85.00	12.417	>
12		218.77	57.11	5.573	>
12		255.20	22.58	5.330	>
12		290.20	11.56	7.837	>
12		327.18	2.55	3.367	>
12		5.56	32.07	1.443	>
12		219.51	61.42	6.304	>
12		217.91	62.01	5.961	>
12		275.27	-44.40	8.402	>
12		284.38	-40.66	10.363	>
12		304.72	-43.08	6.318	>
12		284.82	-20.39	11.924	>
12		287.27	-78.15	11.107	>
12		287.67	-78.18	11.101	>
12		287.67	-78.09	11.111	>
12	13	287.54	-78.14	11.106	>
13		70.19	-14.37	2.055	>
13		136.19	-0.94	1.901	>
13		188.45	52.50	4.312	>
13		253.39	56.54	4.083	>
13		335.64	51.44	5.191	>
13		27.81	38.11	3.302	>
13		50.91	-12.72	3.114	>
13		72.11	5.17	1.925	>
13		72.00	5.41	1.928	>
13		71.99	5.40	1.926	>
13	14	72.03	5.33	1.926	>
14		270.02	47.95	11.283	>
14		32.22	-30.48	2.245	>
14		49.16	-25.43	4.100	>
14		65.57	-27.82	6.237	>
14		76.65	-32.62	2.269	>
14		92.38	-32.63	1.784	>
14		49.87	-71.52	6.848	>
14		68.53	-55.62	8.181	>
14		68.67	-55.57	8.191	>
14		68.58	-55.55	8.186	>
14	15	68.59	-55.58	8.186	>
15		259.73	20.69	4.502	>
15		296.41	43.67	2.983	>
15		120.18	32.53	2.351	>
15		192.73	28.97	1.086	>
15		119.06	-80.22	7.922	>
15		116.60	-33.65	7.751	>
15		101.64	-62.35	10.186	>
15		101.44	-62.48	10.317	>
15		101.57	-62.47	10.307	>
15		101.20	-62.56	10.358	>
15	16	101.40	-62.50	10.327	>
16		101.26	-62.53	10.338	>
16		89.98	68.35	7.543	>
16		15.06	66.32	6.701	>
16		64.64	28.78	3.270	>
16		13.31	12.52	4.080	>
16		130.55	80.91	6.987	>
16		241.97	49.60	4.120	>
16		279.92	37.47	4.098	>
16		341.70	-3.99	2.206	>
16		5.43	-10.03	4.423	>
16		352.97	-7.32	5.073	>
16		16.81	-74.88	5.595	>
16		16.85	-74.86	5.596	>
16		16.74	-74.83	5.587	>
16	17	16.80	-74.86	5.593	>
17		117.78	16.38	0.982	>
17		205.27	37.99	1.183	>
17		251.34	25.35	3.046	>
17		265.63	-33.36	5.152	>
17		302.77	-29.94	5.033	>
17		313.03	-31.85	4.033	>
17		0.47	17.56	2.383	>
17		221.11	-71.43	7.192	>
17		220.61	-71.26	7.212	>
17		221.28	-71.26	7.192	>
17	18	221.00	-71.32	7.199	>
18		211.83	12.45	1.363	>
18		181.98	10.93	1.581	>
18		92.39	3.89	0.782	>
18		55.33	5.11	3.404	>
18		13.26	3.76	3.492	>
18		356.72	-11.74	1.680	>
18		89.08	-40.15	2.460	>
18		51.67	-22.44	2.665	>
18		148.12	-55.35	4.154	>
18		148.26	-55.24	4.139	>
18		148.18	-55.30	4.168	>
18	19	148.18	-55.30	4.154	>
19		302.46	10.31	0.709	>
19		328.96	7.57	1.313	>
19		357.18	2.71	2.040	>
19		12.24	-0.04	2.145	>
19		345.83	-24.74	1.614	>
19		53.03	-52.56	3.396	>
19		80.00	-58.85	3.547	>
19		324.86	-87.27	6.885	>
19		327.74	-87.16	6.872	>
19		326.40	-87.19	6.887	>
19	20	326.33	-87.21	6.881	>
20		328.01	-68.08	1.156	>
20		134.41	53.13	1.846	>
20		42.40	44.15	2.319	>
20		329.32	56.48	3.097	>
20		251.47	17.48	1.274	>
20		291.88	-20.41	2.398	>
20		284.55	-37.90	4.868	>
20		277.48	-22.26	2.943	>
20		282.66	-8.23	3.059	>
20		282.47	-7.72	3.051	>
20		282.76	-7.81	3.054	>
20	21	282.63	-7.92	3.055	>
21		102.06	-29.08	1.686	>
21		129.86	-36.33	0.769	>
21		34.55	13.69	0.518	>
21		343.77	-4.02	1.049	>
21		319.84	-13.85	1.161	>
21		295.62	-72.51	8.189	>
21		295.86	-72.49	8.185	>
21		295.60	-72.46	8.188	>
21	22	295.69	-72.49	8.187	>
22		59.56	-17.75	1.170	>
22		87.52	-11.58	2.612	>
22		113.71	-10.74	3.581	>
22		139.13	-9.96	3.170	>
22		183.64	-6.63	1.836	>
22		196.67	-13.36	1.172	>
22		201.49	15.45	1.020	>
22		201.43	15.28	1.011	>
22		201.24	15.42	1.016	>
22	23	201.39	15.38	1.016	>
23		184.64	-1.40	0.929	>
23		207.39	-17.34	1.144	>
23		223.50	-21.50	1.362	>
23		234.71	-17.02	2.171	>
23		242.98	-28.20	2.525	>
23		258.28	-21.73	1.487	>
23		271.43	-26.11	0.700	>
23		230.99	-20.39	2.192	>
23		231.02	-20.60	2.199	>
23		230.86	-20.50	2.193	>
23	24	230.95	-20.50	2.195	>
24		156.08	-1.54	2.239	>
24		174.26	-48.52	4.621	>
24		174.34	-48.46	4.616	>
24		174.25	-48.44	4.604	>
24	25	174.28	-48.47	4.614	>
25		193.56	52.93	2.941	>
25		95.56	63.39	1.053	>
25		16.07	5.34	2.058	>
25		354.93	8.09	2.867	>
25		339.40	14.62	1.413	>
25		287.17	62.50	2.551	>
25		250.52	17.72	2.685	>
25		236.15	-54.15	2.830	>
25		236.05	-53.92	2.833	>
25		236.22	-54.14	2.835	>
25	26	236.14	-54.07	2.833	>
26		171.07	31.68	0.688	>
26		91.12	-0.26	1.534	>
26		58.83	-6.39	1.980	>
26		18.14	1.49	1.136	>
26		276.16	20.62	1.665	>
26		329.77	50.55	3.003	>
26		299.53	31.74	2.999	>
26		291.20	30.82	4.057	>
26		288.19	28.05	3.633	>
26		288.10	28.02	3.634	>
26		288.61	28.04	2.574	>
26		288.34	27.96	3.633	>
26		288.25	27.96	3.634	>
26		288.15	27.95	3.633	>
26	27	288.25	27.96	3.633	>
27		250.37	15.18	0.574	>
27		198.18	7.80	1.368	>
27		154.20	14.43	0.548	>
27		196.77	-44.57	1.905	>
27		197.56	-44.81	1.912	>
27		197.50	-44.76	1.912	>
27	28	197.28	-44.71	1.910	>
28		314.32	-7.44	2.226	>
28		337.21	-8.38	1.040	>
28		265.29	-78.48	7.990	>
28		265.53	-78.47	7.982	>
28		265.76	-78.44	7.964	>
28	29	265.53	-78.46	7.979	>
29		240.53	-16.64	1.681	>
29		264.53	-16.95	2.727	>
29		287.10	38.97	4.841	>
29		332.03	43.67	2.644	>
29		32.36	40.23	2.041	>
29		68.94	1.18	2.361	>
29		99.49	7.48	1.461	>
29		41.52	-68.41	1.279	>
29		258.79	-31.44	3.367	>
29		273.85	32.43	4.050	>
29		273.80	32.54	4.057	>
29		273.96	32.54	4.045	>
29	30	273.87	32.50	4.051	>
30		287.74	-64.54	0.985	>
30		82.12	64.20	5.605	>
30		84.04	77.39	7.640	>
30		208.76	62.48	1.585	>
30		109.04	38.92	3.254	>
30		150.34	48.10	2.861	>
30		224.06	29.87	1.755	>
30		357.08	32.17	1.908	>
30		281.07	2.83	0.876	>
30		225.57	8.01	3.564	>
30		220.65	4.98	3.557	>
30		253.78	-1.06	1.564	>
30		253.89	-1.13	1.551	>
30		254.01	-0.94	1.545	>
30	31	253.90	-1.04	1.553	>
31		311.22	9.31	0.990	>
31		322.62	-8.39	1.924	>
31		8.92	30.40	1.534	>
31		350.89	19.03	1.993	>
31		336.67	-26.90	3.099	>
31		336.49	-26.82	3.099	>
31		336.60	-26.85	3.100	>
31	32	336.59	-26.85	3.099	>
32		90.20	49.82	1.297	>
32		20.51	58.05	1.595	>
32		188.42	-2.13	1.416	>
32		54.68	4.58	0.471	>
32		9.83	-46.38	1.769	>
32		324.24	-2.94	1.271	>
32		334.39	-19.54	2.829	>
32		334.30	-19.60	2.834	>
32		334.17	-19.58	2.837	>
32	33	334.28	-19.57	2.833	>
33		93.71	73.95	1.071	>
33		25.43	61.72	2.564	>
33		340.61	16.17	3.169	>
33		332.64	2.38	3.832	>
33		223.49	-2.15	1.082	>
33		279.31	-26.51	1.760	>
33		288.12	-32.12	2.013	>
33		287.80	-32.46	2.000	>
33		287.98	-32.55	2.008	>
33	34	287.97	-32.38	2.007	>
34		273.93	-23.20	1.080	>
34		303.86	-30.44	1.954	>
34		350.57	-6.92	3.674	>
34		336.00	-18.97	5.448	>
34		325.06	-52.51	4.920	>
34		325.00	-52.39	4.918	>
34		325.18	-52.49	4.912	>
34	35	325.08	-52.47	4.917	>
35		210.94	-79.73	0.979	>
35		226.99	84.73	3.226	>
35		20.30	53.36	3.489	>
35		325.22	42.84	2.971	>
35		230.31	41.34	2.378	>
35		163.60	59.94	3.509	>
35		204.94	-32.48	0.553	>
35		263.19	3.64	1.181	>
35		243.58	15.42	0.628	>
35		243.55	15.89	0.637	>
35		243.70	15.80	0.634	>
35	36	243.61	15.70	0.633	>
36		328.66	25.79	2.855	>
36		250.37	37.12	1.748	>
36		308.08	-51.22	5.147	>
36		307.98	-51.27	5.146	>
36		307.80	-51.20	5.135	>
36	37	307.96	-51.23	5.143	>
37		303.79	-59.35	0.755	>
37		0.98	83.57	3.968	>
37		91.34	41.93	2.607	>
37		114.24	39.00	3.220	>
37		76.57	25.38	2.983	>
37		22.88	15.77	1.484	>
37		288.91	11.96	0.621	>
37		196.17	11.69	1.035	>
37		155.14	10.07	1.776	>
37		77.03	24.94	3.020	>
37		64.77	23.22	3.106	>
37		61.83	8.64	3.174	>
37		62.09	8.78	3.170	>
37		62.07	8.53	3.174	>
37	38	62.00	8.65	3.173	>
38		326.26	24.71	1.174	>
38		348.59	9.14	1.714	>
38		358.57	-0.31	1.998	>
38		294.03	73.40	0.716	>
38		313.56	-71.34	2.611	>
38		293.41	-1.13	0.401	>
38		353.47	-50.27	2.786	>
38		353.39	-50.30	2.786	>
38		353.33	-50.18	2.783	>
38	39	353.40	-50.25	2.785	>
39		66.25	75.26	2.176	>
39		51.51	24.14	1.893	>
39		85.78	22.29	1.878	>
39		119.00	49.66	2.066	>
39		165.32	63.67	2.387	>
39		354.48	-82.84	2.890	>
39		180.97	-3.82	2.005	>
39		50.75	-53.74	2.772	>
39		50.41	-53.97	2.792	>
39		50.32	-54.01	2.794	>
39	40	50.49	-53.91	2.786	>
40		143.04	77.19	3.034	>
40		222.60	-66.29	0.646	>
40		286.16	-20.40	1.258	>
40		249.54	-14.64	1.994	>
40		214.04	-14.66	1.525	>
40		166.59	11.54	1.139	>
40		130.19	54.77	2.718	>
40		94.22	57.55	2.453	>
40		109.04	15.05	3.012	>
40		108.91	15.26	3.004	>
40		109.00	15.16	2.989	>
40	41	108.98	15.16	3.002	>
41		32.10	87.95	0.657	>
41		94.04	-3.11	1.603	>
41		101.95	-7.19	2.265	>
41		16.46	31.81	0.583	>
41		159.29	45.01	0.574	>
41		232.75	-79.85	6.148	>
41		232.95	-79.97	6.145	>
41		232.58	-79.82	6.158	>
41	42	232.76	-79.88	6.150	>
42		302.54	-10.48	3.094	>
42		318.74	-3.97	2.824	>
42		337.73	12.86	3.160	>
42		347.31	38.58	3.180	>
42		42.48	63.56	4.757	>
42		91.67	61.79	6.504	>
42		309.74	-42.91	1.943	>
42		279.85	23.72	1.789	>
42		279.70	23.35	1.787	>
42		279.57	23.51	1.786	>
42	43	279.71	23.53	1.787	>
43		300.84	-67.05	2.752	>
43		26.56	-60.38	2.523	>
43		258.67	-58.71	2.946	>
43		230.51	-41.10	3.727	>
43		215.68	-32.78	4.679	>
43		156.69	31.77	1.132	>
43		186.65	4.59	1.877	>
43		194.91	-9.44	3.823	>
43		198.18	-12.87	4.351	>
43		201.45	-17.40	9.923	>
43		201.49	-17.50	9.929	>
43		201.29	-17.51	9.933	>
43	44	201.41	-17.47	9.928	>
44		229.42	-75.74	0.862	>
44		53.84	36.95	0.935	>
44		26.17	20.65	1.568	>
44		21.73	18.17	3.736	>
44		11.61	-1.66	4.935	>
44		6.87	-8.23	3.138	>
44		357.45	-20.26	1.590	>
44		334.54	-23.51	1.144	>
44		283.66	-41.06	0.981	>
44		230.53	-37.35	2.661	>
44		212.39	-30.05	3.402	>
44		203.86	-28.53	3.644	>
44		200.29	-56.67	1.498	>
44		200.67	-45.11	1.966	>
44		105.19	39.94	2.787	>
44		100.00	40.41	2.798	>
44		211.27	-41.38	2.658	>
44		211.40	-41.24	2.664	>
44		211.49	-41.29	2.663	>
44	45	211.39	-41.30	2.662	>
45		358.41	17.47	1.214	>
45		281.84	19.22	0.441	>
45		107.31	64.48	0.780	>
45		100.52	-56.49	0.644	>
45		219.78	17.16	0.968	>
45		181.78	-1.16	1.296	>
45		160.53	-10.77	1.158	>
45		114.40	-33.45	0.686	>
45		37.79	12.97	1.861	>
45		57.83	16.69	0.978	>
45		128.78	-14.74	1.840	>
45		128.72	-14.61	1.831	>
45		128.80	-14.77	1.839	>
45	46	128.77	-14.71	1.837	>
46		299.13	81.84	0.722	>
46		147.10	34.61	2.786	>
46		259.76	8.05	0.831	>
46		192.39	19.69	1.018	>
46		161.18	28.75	1.988	>
46		138.02	36.64	3.151	>
46		127.05	52.77	1.019	>
46		78.86	54.87	1.455	>
46		13.15	53.83	0.727	>
46		146.77	27.39	2.639	>
46		146.79	27.36	2.633	>
46		146.69	27.31	2.637	>
46	47	146.75	27.35	2.636	>
47		301.66	-62.29	1.631	>
47		284.00	82.34	0.231	>
47		290.69	-22.06	0.812	>
47		246.42	-35.16	1.683	>
47		212.82	-27.88	2.552	>
47		209.65	-21.37	0.952	>
47		3.92	40.65	0.960	>
47		210.95	-25.57	2.609	>
47		210.92	-25.41	2.612	>
47		210.77	-25.53	2.613	>
47		73.22	-85.86	0.379	>
47		119.58	60.58	0.825	>
47	48	210.88	-25.50	2.611	>
48		152.18	17.50	1.143	>
48		122.81	35.63	2.289	>
48		105.49	41.95	4.305	>
48		100.29	42.43	4.859	>
48		95.53	43.01	2.693	>
48		69.66	38.17	0.928	>
48		54.92	37.03	1.490	>
48		35.04	29.23	1.314	>
48		171.22	-2.36	1.986	>
48		183.02	-5.83	3.184	>
48		127.22	-69.29	1.623	>
48		114.05	-41.48	2.669	>
48		109.26	-29.28	3.999	>
48		107.57	11.10	3.552	>
48		107.62	11.06	3.543	>
48		107.64	11.10	3.542	>
48	49	107.61	11.08	3.546	>
49		137.20	-78.25	3.522	>
49		77.16	58.38	2.750	>
49		100.02	54.64	2.802	>
49		120.01	-34.53	2.438	>
49		103.30	-26.20	1.816	>
49		102.97	-26.24	1.824	>
49		103.02	-26.19	1.819	>
49	50	103.10	-26.21	1.820	>
50		42.48	-79.14	9.429	>
50		11.89	80.41	3.121	>
50		38.34	33.26	1.582	>
50		38.32	33.40	1.578	>
50		38.33	33.37	1.580	>
50	51	38.33	33.35	1.580	>
51		219.46	55.12	3.114	>
51		176.48	51.10	2.171	>
51		152.10	25.15	2.292	>
51		135.75	-6.15	5.173	>
51		268.57	53.62	0.636	>
51		242.12	58.94	3.494	>
51		207.59	55.94	2.649	>
51		88.72	-73.17	12.641	>
51		133.52	-80.10	13.699	>

PLAN
STATIONS
0.000	0.000	0
-2.973	-1.566	1
-3.193	-3.587	2
-1.247	-4.032	3
-1.091	-5.058	4
-0.636	-6.050	5
0.636	-7.565	6
1.902	-8.462	7
3.032	-9.101	8
2.924	-7.432	9
1.190	-11.529	10
-0.544	-11.671	11
-0.385	-12.741	12
-2.562	-12.053	13
-0.737	-11.461	14
3.571	-9.772	15
8.245	-10.715	16
8.667	-9.316	17
7.155	-11.057	18
8.402	-13.066	19
8.216	-12.787	20
5.263	-12.126	21
3.043	-11.057	22
2.686	-11.969	23
1.089	-13.264	24
1.394	-16.308	25
0.014	-17.234	26
-3.034	-16.229	27
-3.437	-17.525	28
-5.028	-17.650	29
-8.437	-17.419	30
-9.929	-17.850	31
-11.028	-15.312	32
-12.186	-12.907	33
-13.798	-12.384	34
-15.513	-9.928	35
-16.059	-10.199	36
-18.598	-8.218	37
-15.829	-6.746	38
-16.034	-4.977	39
-14.767	-3.933	40
-12.028	-4.875	41
-12.888	-5.529	42
-14.503	-5.253	43
-17.960	-14.070	44
-19.002	-15.777	45
-17.616	-16.889	46
-16.333	-18.847	47
-17.542	-20.870	48
-14.226	-21.923	49
-12.636	-22.293	50
-11.817	-21.258	51
SHOTS
0.000	0.000	-2.973	-1.566
-2.973	-1.566	-3.138	-2.213
-2.973	-1.566	-3.789	-1.489
-2.973	-1.566	-1.168	-1.777
-2.973	-1.566	-1.396	-3.740
-2.973	-1.566	-3.811	-2.283
-2.973	-1.566	-4.465	-3.493
-2.973	-1.566	-3.073	-4.207
-2.973	-1.566	-2.278	-5.575
-2.973	-1.566	-1.584	-5.624
-2.973	-1.566	-3.193	-3.587
-3.193	-3.587	-2.349	-4.574
-3.193	-3.587	-1.190	-5.172
-3.193	-3.587	-0.625	-4.856
-3.193	-3.587	-1.247	-4.032
-1.247	-4.032	-4.450	-5.296
-1.247	-4.032	-3.537	-7.038
-1.247	-4.032	-0.230	-7.828
-1.247	-4.032	-1.091	-5.058
-1.091	-5.058	-0.934	-6.065
-1.091	-5.058	-2.400	-4.114
-1.091	-5.058	-6.582	-5.318
-1.091	-5.058	-7.976	-6.252
-1.091	-5.058	-6.888	-7.330
-1.091	-5.058	-5.877	-9.130
-1.091	-5.058	-3.629	-8.707
-1.091	-5.058	-0.894	-7.619
-1.091	-5.058	0.392	-6.195
-1.091	-5.058	-0.636	-6.050
-0.636	-6.050	-4.280	-2.697
-0.636	-6.050	-6.002	-3.719
-0.636	-6.050	-5.958	-5.566
-0.636	-6.050	-3.693	-7.421
-0.636	-6.050	-2.857	-8.246
-0.636	-6.050	0.636	-7.565
0.636	-7.565	3.605	-10.261
0.636	-7.565	4.352	-8.523
0.636	-7.565	3.961	-8.156
0.636	-7.565	2.919	-6.149
0.636	-7.565	4.060	-5.559
0.636	-7.565	4.065	-4.622
0.636	-7.565	1.394	-5.328
0.636	-7.565	0.181	-4.893
0.636	-7.565	-2.399	-4.858
0.636	-7.565	-2.746	-7.170
0.636	-7.565	-0.613	-10.203
0.636	-7.565	1.902	-8.462
1.902	-8.462	3.032	-9.101
3.032	-9.101	2.818	-8.827
3.032	-9.101	2.854	-10.285
3.032	-9.101	2.790	-9.470
3.032	-9.101	2.924	-7.432
2.924	-7.432	4.372	-6.185
2.924	-7.432	4.139	-4.820
2.924	-7.432	3.004	-6.196
2.924	-7.432	1.834	-6.296
2.924	-7.432	0.886	-5.844
2.924	-7.432	1.781	-8.183
2.924	-7.432	2.158	-8.861
2.924	-7.432	3.771	-10.458
2.924	-7.432	1.190	-11.529
1.190	-11.529	2.690	-9.497
1.190	-11.529	2.296	-9.101
1.190	-11.529	0.949	-11.311
1.190	-11.529	1.038	-11.396
1.190	-11.529	1.269	-10.199
1.190	-11.529	1.277	-10.185
1.190	-11.529	0.947	-11.054
1.190	-11.529	0.136	-11.425
1.190	-11.529	-0.541	-11.667
1.190	-11.529	0.603	-11.695
1.190	-11.529	-0.544	-11.671
-0.544	-11.671	-0.385	-12.741
-0.385	-12.741	-2.280	-15.100
-0.385	-12.741	-5.143	-13.998
-0.385	-12.741	-7.591	-10.089
-0.385	-12.741	-2.208	-9.914
-0.385	-12.741	-0.267	-11.524
-0.385	-12.741	-2.303	-15.067
-0.385	-12.741	-2.104	-14.948
-0.385	-12.741	-6.363	-12.189
-0.385	-12.741	-8.000	-10.788
-0.385	-12.741	-4.178	-10.112
-0.385	-12.741	-11.190	-9.883
-0.385	-12.741	-2.562	-12.053
-2.562	-12.053	-0.689	-11.378
-2.562	-12.053	-1.246	-13.425
-2.562	-12.053	-2.947	-14.650
-2.562	-12.053	-4.719	-12.696
-2.562	-12.053	-3.897	-9.105
-2.562	-12.053	-1.350	-9.755
-2.562	-12.053	-0.204	-10.137
-2.562	-12.053	-0.737	-11.461
-0.737	-11.461	-8.294	-11.459
-0.737	-11.461	0.294	-9.824
-0.737	-11.461	2.064	-9.040
-0.737	-11.461	4.285	-9.180
-0.737	-11.461	1.122	-11.020
-0.737	-11.461	0.764	-11.524
-0.737	-11.461	0.923	-10.062
-0.737	-11.461	3.571	-9.772
3.571	-9.772	-0.573	-10.523
3.571	-9.772	1.638	-8.813
3.571	-9.772	5.284	-10.769
3.571	-9.772	3.362	-10.699
3.571	-9.772	4.748	-10.426
3.571	-9.772	9.341	-12.661
3.571	-9.772	8.201	-10.726
3.571	-9.772	8.245	-10.715
8.245	-10.715	12.921	-11.646
8.245	-10.715	11.028	-10.714
8.245	-10.715	8.944	-8.117
8.245	-10.715	10.835	-9.487
8.245	-10.715	9.162	-6.839
8.245	-10.715	9.084	-11.432
8.245	-10.715	5.888	-11.970
8.245	-10.715	5.041	-10.155
8.245	-10.715	7.554	-8.626
8.245	-10.715	8.657	-6.379
8.245	-10.715	7.629	-5.721
8.245	-10.715	8.667	-9.316
8.667	-9.316	9.501	-9.756
8.667	-9.316	8.269	-10.160
8.667	-9.316	6.059	-10.197
8.667	-9.316	4.377	-9.644
8.667	-9.316	5.000	-6.956
8.667	-9.316	6.163	-6.979
8.667	-9.316	8.686	-7.045
8.667	-9.316	7.155	-11.057
7.155	-11.057	6.453	-12.187
7.155	-11.057	7.101	-12.608
7.155	-11.057	7.934	-11.089
7.155	-11.057	9.943	-9.128
7.155	-11.057	7.954	-7.665
7.155	-11.057	7.061	-9.415
7.155	-11.057	9.035	-11.027
7.155	-11.057	9.087	-9.529
7.155	-11.057	8.402	-13.066
8.402	-13.066	7.813	-12.692
8.402	-13.066	7.730	-11.951
8.402	-13.066	8.301	-11.031
8.402	-13.066	8.856	-10.970
8.402	-13.066	8.043	-11.645
8.402	-13.066	10.051	-11.824
8.402	-13.066	10.208	-12.748
8.402	-13.066	8.216	-12.787
8.216	-12.787	7.987	-12.421
8.216	-12.787	9.007	-13.562
8.216	-12.787	9.338	-11.558
8.216	-12.787	7.343	-11.316
8.216	-12.787	7.064	-13.173
8.216	-12.787	6.130	-11.950
8.216	-12.787	4.498	-11.822
8.216	-12.787	5.515	-12.432
8.216	-12.787	5.263	-12.126
5.263	-12.126	6.704	-12.433
5.263	-12.126	5.739	-12.523
5.263	-12.126	5.549	-11.711
5.263	-12.126	4.971	-11.121
5.263	-12.126	4.536	-11.264
5.263	-12.126	3.043	-11.057
3.043	-11.057	4.004	-10.493
3.043	-11.057	5.600	-10.947
3.043	-11.057	6.264	-12.472
3.043	-11.057	5.086	-13.418
3.043	-11.057	2.927	-12.877
3.043	-11.057	2.716	-12.150
3.043	-11.057	2.686	-11.969
2.686	-11.969	2.611	-12.895
2.686	-11.969	2.184	-12.939
2.686	-11.969	1.814	-12.888
2.686	-11.969	0.992	-13.168
2.686	-11.969	0.704	-12.980
2.686	-11.969	1.334	-12.250
2.686	-11.969	2.058	-11.954
2.686	-11.969	1.089	-13.264
1.089	-13.264	1.997	-15.310
1.089	-13.264	1.394	-16.308
1.394	-16.308	0.978	-18.031
1.394	-16.308	1.864	-16.354
1.394	-16.308	1.961	-14.339
1.394	-16.308	1.143	-13.481
1.394	-16.308	0.913	-15.028
1.394	-16.308	0.269	-15.960
1.394	-16.308	-1.017	-17.161
1.394	-16.308	0.014	-17.234
0.014	-17.234	0.105	-17.812
0.014	-17.234	1.547	-17.264
0.014	-17.234	1.697	-16.216
0.014	-17.234	0.367	-16.155
0.014	-17.234	-1.536	-17.067
0.014	-17.234	-0.947	-15.585
0.014	-17.234	-2.205	-15.977
0.014	-17.234	-3.235	-15.974
0.014	-17.234	-3.032	-16.233
0.014	-17.234	-3.036	-16.237
0.014	-17.234	-2.139	-16.509
0.014	-17.234	-3.034	-16.229
-3.034	-16.229	-3.556	-16.415
-3.034	-16.229	-3.457	-17.517
-3.034	-16.229	-2.803	-16.707
-3.034	-16.229	-3.437	-17.525
-3.437	-17.525	-5.016	-15.983
-3.437	-17.525	-3.836	-16.577
-3.437	-17.525	-5.028	-17.650
-5.028	-17.650	-6.431	-18.442
-5.028	-17.650	-7.625	-17.898
-5.028	-17.650	-8.626	-16.543
-5.028	-17.650	-5.925	-15.960
-5.028	-17.650	-4.194	-16.333
-5.028	-17.650	-2.826	-16.801
-5.028	-17.650	-3.600	-17.888
-5.028	-17.650	-4.716	-17.297
-5.028	-17.650	-7.846	-18.208
-5.028	-17.650	-8.437	-17.419
-8.437	-17.419	-8.840	-17.290
-8.437	-17.419	-6.021	-17.085
-8.437	-17.419	-6.778	-17.246
-8.437	-17.419	-8.789	-18.061
-8.437	-17.419	-6.044	-18.245
-8.437	-17.419	-7.492	-19.079
-8.437	-17.419	-9.495	-18.513
-8.437	-17.419	-8.519	-15.806
-8.437	-17.419	-9.296	-17.251
-8.437	-17.419	-10.957	-19.890
-8.437	-17.419	-10.745	-20.108
-8.437	-17.419	-9.929	-17.850
-9.929	-17.850	-10.664	-17.206
-9.929	-17.850	-11.084	-16.337
-9.929	-17.850	-9.724	-16.543
-9.929	-17.850	-10.227	-15.990
-9.929	-17.850	-11.028	-15.312
-11.028	-15.312	-10.191	-15.315
-11.028	-15.312	-10.732	-14.522
-11.028	-15.312	-11.235	-16.712
-11.028	-15.312	-10.645	-15.041
-11.028	-15.312	-10.819	-14.110
-11.028	-15.312	-11.769	-14.282
-11.028	-15.312	-12.186	-12.907
-12.186	-12.907	-11.891	-12.926
-12.186	-12.907	-11.664	-11.810
-12.186	-12.907	-13.196	-10.036
-12.186	-12.907	-13.946	-9.507
-12.186	-12.907	-12.930	-13.692
-12.186	-12.907	-13.740	-12.653
-12.186	-12.907	-13.798	-12.384
-13.798	-12.384	-14.789	-12.316
-13.798	-12.384	-15.197	-11.446
-13.798	-12.384	-14.396	-8.786
-13.798	-12.384	-15.894	-7.678
-13.798	-12.384	-15.513	-9.928
-15.513	-9.928	-15.603	-10.078
-15.513	-9.928	-15.730	-10.130
-15.513	-9.928	-14.791	-7.975
-15.513	-9.928	-16.756	-8.139
-15.513	-9.928	-16.887	-11.069
-15.513	-9.928	-15.017	-11.615
-15.513	-9.928	-15.710	-10.351
-15.513	-9.928	-16.683	-10.068
-15.513	-9.928	-16.059	-10.199
-16.059	-10.199	-17.396	-8.004
-16.059	-10.199	-17.372	-10.667
-16.059	-10.199	-18.598	-8.218
-18.598	-8.218	-18.918	-8.004
-18.598	-8.218	-18.590	-7.774
-18.598	-8.218	-16.659	-8.264
-18.598	-8.218	-16.316	-9.246
-18.598	-8.218	-15.977	-7.593
-18.598	-8.218	-18.043	-6.903
-18.598	-8.218	-19.173	-8.022
-18.598	-8.218	-18.880	-9.192
-18.598	-8.218	-17.863	-9.805
-18.598	-8.218	-15.930	-7.604
-18.598	-8.218	-16.016	-7.002
-18.598	-8.218	-15.829	-6.746
-15.829	-6.746	-16.421	-5.859
-15.829	-6.746	-16.164	-5.087
-15.829	-6.746	-15.879	-4.748
-15.829	-6.746	-16.016	-6.662
-15.829	-6.746	-16.434	-6.170
-15.829	-6.746	-16.197	-6.586
-15.829	-6.746	-16.034	-4.977
-16.034	-4.977	-15.527	-4.754
-16.034	-4.977	-14.681	-3.902
-16.034	-4.977	-14.301	-4.849
-16.034	-4.977	-14.864	-5.625
-16.034	-4.977	-15.765	-6.001
-16.034	-4.977	-16.068	-4.618
-16.034	-4.977	-16.067	-6.977
-16.034	-4.977	-14.767	-3.933
-14.767	-3.933	-14.363	-4.470
-14.767	-3.933	-14.943	-4.124
-14.767	-3.933	-15.900	-3.605
-14.767	-3.933	-16.575	-4.607
-14.767	-3.933	-15.593	-5.155
-14.767	-3.933	-14.508	-5.018
-14.767	-3.933	-13.569	-4.944
-14.767	-3.933	-13.455	-4.030
-14.767	-3.933	-12.028	-4.875
-12.028	-4.875	-12.015	-4.855
-12.028	-4.875	-10.431	-4.988
-12.028	-4.875	-9.829	-5.340
-12.028	-4.875	-11.887	-4.400
-12.028	-4.875	-11.884	-5.255
-12.028	-4.875	-12.888	-5.529
-12.888	-5.529	-15.453	-3.893
-12.888	-5.529	-14.746	-3.411
-12.888	-5.529	-14.055	-2.678
-12.888	-5.529	-13.434	-3.104
-12.888	-5.529	-11.458	-3.967
-12.888	-5.529	-9.814	-5.619
-12.888	-5.529	-13.982	-4.619
-12.888	-5.529	-14.503	-5.253
-14.503	-5.253	-15.425	-4.703
-14.503	-5.253	-13.946	-4.137
-14.503	-5.253	-16.003	-5.553
-14.503	-5.253	-16.671	-7.039
-14.503	-5.253	-16.797	-8.448
-14.503	-5.253	-14.122	-6.137
-14.503	-5.253	-14.720	-7.111
-14.503	-5.253	-15.474	-8.897
-14.503	-5.253	-15.826	-9.283
-14.503	-5.253	-17.960	-14.070
-17.960	-14.070	-18.121	-14.208
-17.960	-14.070	-17.357	-13.629
-17.960	-14.070	-17.313	-12.753
-17.960	-14.070	-16.646	-10.772
-17.960	-14.070	-16.968	-9.238
-17.960	-14.070	-17.589	-10.986
-17.960	-14.070	-18.027	-12.580
-17.960	-14.070	-18.411	-13.123
-17.960	-14.070	-18.679	-13.895
-17.960	-14.070	-19.593	-15.414
-17.960	-14.070	-19.537	-16.556
-17.960	-14.070	-19.255	-16.998
-17.960	-14.070	-18.246	-14.842
-17.960	-14.070	-18.450	-15.368
-17.960	-14.070	-15.898	-14.630
-17.960	-14.070	-15.862	-14.440
-17.960	-14.070	-19.002	-15.777
-19.002	-15.777	-19.034	-14.619
-19.002	-15.777	-19.409	-15.691
-19.002	-15.777	-18.681	-15.877
-19.002	-15.777	-18.652	-15.842
-19.002	-15.777	-19.593	-16.487
-19.002	-15.777	-19.042	-17.072
-19.002	-15.777	-18.622	-16.849
-19.002	-15.777	-18.480	-16.013
-19.002	-15.777	-17.890	-14.344
-19.002	-15.777	-18.209	-15.278
-19.002	-15.777	-17.616	-16.889
-17.616	-16.889	-17.706	-16.839
-17.616	-16.889	-16.371	-18.814
-17.616	-16.889	-18.426	-17.035
-17.616	-16.889	-17.822	-17.825
-17.616	-16.889	-17.054	-18.539
-17.616	-16.889	-15.925	-18.768
-17.616	-16.889	-17.124	-17.260
-17.616	-16.889	-16.795	-16.727
-17.616	-16.889	-17.519	-16.471
-17.616	-16.889	-16.333	-18.847
-16.333	-18.847	-16.978	-18.449
-16.333	-18.847	-16.362	-18.840
-16.333	-18.847	-17.037	-18.581
-16.333	-18.847	-17.594	-19.398
-16.333	-18.847	-17.555	-20.743
-16.333	-18.847	-16.771	-19.618
-16.333	-18.847	-16.283	-18.121
-16.333	-18.847	-16.306	-18.839
-16.333	-18.847	-15.980	-19.047
-16.333	-18.847	-17.542	-20.870
-17.542	-20.870	-17.034	-21.834
-17.542	-20.870	-15.979	-21.878
-17.542	-20.870	-14.457	-21.725
-17.542	-20.870	-14.014	-21.511
-17.542	-20.870	-15.582	-21.060
-17.542	-20.870	-16.858	-20.616
-17.542	-20.870	-16.569	-20.186
-17.542	-20.870	-16.884	-19.931
-17.542	-20.870	-17.239	-22.831
-17.542	-20.870	-17.709	-24.033
-17.542	-20.870	-17.085	-21.217
-17.542	-20.870	-15.716	-21.685
-17.542	-20.870	-14.249	-22.021
-17.542	-20.870	-14.226	-21.923
-14.226	-21.923	-13.739	-22.449
-14.226	-21.923	-12.820	-21.603
-14.226	-21.923	-12.629	-22.205
-14.226	-21.923	-12.487	-22.928
-14.226	-21.923	-12.636	-22.293
-12.636	-22.293	-11.436	-20.983
-12.636	-22.293	-12.529	-21.784
-12.636	-22.293	-11.817	-21.258
-11.817	-21.258	-12.949	-22.632
-11.817	-21.258	-11.733	-22.618
-11.817	-21.258	-10.846	-23.091
-11.817	-21.258	-8.229	-24.942
-11.817	-21.258	-12.194	-21.267
-11.817	-21.258	-13.411	-22.101
-11.817	-21.258	-12.504	-22.572
-11.817	-21.258	-8.159	-21.176
-11.817	-21.258	-10.109	-22.880
POLYLINE BLACK
-3.879	-2.381
-3.819	-2.247
-3.639	-1.738
-3.457	-1.514
-3.068	-1.032
-3.460	-1.563
-3.219	-1.232
POLYLINE BLACK
-1.027	-1.735
-1.048	-1.611
-1.040	-1.490
-0.945	-1.399
-0.486	-0.955
-0.659	-1.077
-0.387	-0.899
POLYLINE BLACK
-3.176	-3.594
-3.073	-3.793
-3.098	-3.719
-3.039	-3.925
-3.007	-4.034
-2.998	-4.151
-2.947	-4.252
-2.825	-4.489
-2.651	-4.695
-2.524	-4.929
-2.450	-5.064
-2.411	-5.216
-2.347	-5.356
-2.233	-5.605
-1.834	-5.738
-1.595	-5.782
-1.386	-5.821
-1.124	-5.637
-0.980	-5.529
-0.892	-5.463
-0.813	-5.387
-0.735	-5.311
-0.414	-5.001
-0.443	-5.020
-0.207	-4.578
-0.190	-4.545
-0.179	-4.510
-0.171	-4.474
-0.119	-4.214
-0.115	-4.057
-0.196	-3.803
-0.268	-3.579
-0.363	-3.322
-0.544	-3.158
-0.722	-2.997
-1.011	-2.927
-1.225	-2.882
-1.433	-2.838
-1.644	-2.810
-1.855	-2.793
-2.101	-2.773
-2.485	-2.781
-2.697	-2.952
-2.839	-3.067
-2.978	-3.188
-3.113	-3.311
-3.181	-3.373
-3.244	-3.457
-3.181	-3.540
-3.176	-3.546
-3.170	-3.550
-3.165	-3.555
-3.144	-3.571
-3.122	-3.587
-3.100	-3.603
POLYLINE BLACK
-3.751	-2.240
-3.922	-2.429
-3.854	-2.343
-4.064	-2.678
-4.236	-2.951
-4.268	-2.985
-4.360	-3.275
-4.410	-3.432
-4.391	-3.544
-4.277	-3.665
-4.226	-3.719
-4.171	-3.780
-4.103	-3.814
-4.085	-3.823
-4.065	-3.831
-4.046	-3.836
-3.885	-3.880
-3.721	-3.915
-3.561	-3.962
-3.526	-3.972
-3.492	-3.988
-3.462	-4.008
-3.387	-4.057
-3.311	-4.105
-3.247	-4.166
-2.074	-5.291
-3.023	-4.450
-2.674	-4.758
POLYLINE BLACK
-1.027	-1.690
-1.025	-1.797
-1.036	-1.904
-1.021	-2.010
-0.997	-2.178
-0.911	-2.366
-0.826	-2.511
-0.769	-2.609
-0.615	-2.759
-0.560	-2.831
-0.423	-3.009
-0.296	-3.193
-0.164	-3.374
POLYLINE BLACK
-0.318	-3.395
-0.309	-3.392
POLYLINE BLACK
-0.278	-3.310
-0.250	-3.346
POLYLINE BLACK
-0.227	-3.243
-0.209	-3.294
-0.186	-3.343
-0.172	-3.395
-0.131	-3.551
-0.161	-3.929
-0.162	-3.981
POLYLINE BLACK
-3.384	-1.842
-3.377	-1.921
-3.363	-2.001
-3.363	-2.081
-3.363	-2.166
-3.378	-2.251
-3.385	-2.337
-3.398	-2.490
-3.412	-2.643
-3.423	-2.796
-3.458	-3.266
-3.472	-3.109
-3.442	-3.350
POLYLINE BLACK
-3.423	-3.306
-3.386	-3.310
-3.350	-3.312
-3.313	-3.318
-3.252	-3.329
-3.062	-3.456
-3.040	-3.469
POLYLINE BLACK
-3.370	-1.822
-3.299	-1.579
-3.282	-1.493
-3.170	-1.247
-3.148	-1.198
-3.114	-1.155
-3.086	-1.109
POLYLINE BLACK
-2.808	-2.714
-2.780	-2.799
-2.770	-2.923
-2.701	-2.995
-2.696	-2.999
-2.690	-3.001
-2.685	-3.004
-2.666	-3.013
-2.647	-3.021
-2.628	-3.029
POLYLINE BLACK
-1.473	-0.082
-0.920	0.270
-1.155	0.126
-0.771	0.357
POLYLINE BLACK
-0.550	-0.965
0.160	-0.463
-0.120	-0.624
0.250	-0.419
POLYLINE BLACK
-0.496	-0.980
-0.496	-0.969
POLYLINE BLACK
-1.507	-1.271
-1.745	-1.812
POLYLINE BLACK
-1.367	-0.019
-1.434	-0.064
-1.498	-0.111
-1.566	-0.153
-1.681	-0.226
-1.801	-0.292
-1.917	-0.365
-2.267	-0.586
-2.610	-0.818
-2.962	-1.036
-3.365	-1.286
-2.992	-1.002
-3.268	-1.222
POLYLINE BLACK
-1.406	-1.213
-1.573	-1.189
-1.571	-1.200
-1.715	-1.144
-1.772	-1.122
-1.810	-1.088
-1.870	-1.091
-1.916	-1.093
-1.955	-1.116
-1.998	-1.131
POLYLINE BLACK
-1.027	-0.635
-1.338	-0.787
-0.873	-0.569
-1.492	-0.786
-1.675	-0.851
-1.852	-0.930
-2.031	-1.004
-2.087	-1.027
-2.106	-1.068
-2.090	-1.124
-2.044	-1.287
-2.000	-1.452
-1.950	-1.614
-1.943	-1.637
-1.932	-1.658
-1.920	-1.678
-1.886	-1.734
-1.832	-1.796
-1.757	-1.773
-1.526	-1.703
-1.296	-1.631
-1.066	-1.557
-1.040	-1.548
-1.014	-1.518
-1.002	-1.495
-0.935	-1.371
-0.972	-1.133
-0.963	-1.020
-0.955	-0.928
-0.921	-0.839
-0.916	-0.748
-0.916	-0.733
-0.942	-0.764
-0.951	-0.776
-1.000	-0.835
-1.039	-0.903
-1.090	-0.960
-1.118	-0.992
-1.152	-1.019
-1.187	-1.043
-1.238	-1.077
-1.290	-1.108
-1.345	-1.135
-1.545	-1.233
-1.505	-1.143
-1.538	-1.246
POLYLINE BLACK
-2.744	-1.920
-2.724	-2.266
-2.713	-2.197
-2.764	-2.578
-2.768	-2.607
-2.792	-2.690
-2.817	-2.718
-3.384	-3.368
-3.211	-3.044
-3.390	-3.413
POLYLINE BLACK
-2.595	-1.742
-2.671	-1.861
-2.639	-1.794
-2.683	-1.947
POLYLINE BLACK
-2.875	-1.156
-2.742	-1.236
-2.645	-1.345
-2.568	-1.478
-2.536	-1.532
-2.512	-1.591
-2.479	-1.646
-2.458	-1.680
-2.431	-1.710
-2.406	-1.742
POLYLINE BLACK
-2.744	-3.000
-2.727	-2.948
-2.718	-2.894
-2.695	-2.845
-2.652	-2.756
-2.599	-2.671
-2.547	-2.586
-2.494	-2.500
-2.461	-2.490
-2.448	-2.391
-2.445	-2.368
-2.443	-2.344
-2.445	-2.320
-2.461	-2.139
-2.488	-1.959
-2.501	-1.778
-2.507	-1.701
-2.472	-1.519
-2.463	-1.461
POLYLINE BLACK
-2.632	-1.815
-2.617	-1.658
-2.601	-1.589
-2.511	-1.462
-2.480	-1.418
-2.487	-1.425
-2.449	-1.436
POLYLINE BLACK
-0.605	-1.035
-0.586	-0.971
-0.569	-0.938
-0.569	-0.878
-0.569	-0.779
-0.616	-0.670
-0.668	-0.589
-0.761	-0.440
-0.880	-0.305
-1.053	-0.253
-1.217	-0.203
-1.546	-0.223
-1.629	-0.237
-1.677	-0.245
-1.702	-0.300
-1.739	-0.331
POLYLINE BLACK
-3.205	-3.649
-3.169	-3.606
POLYLINE BLACK
-3.295	-3.498
-3.285	-3.522
-3.276	-3.547
-3.264	-3.570
-3.239	-3.619
-3.124	-3.743
-3.122	-3.745
-3.061	-3.805
-2.991	-3.855
-2.929	-3.914
-2.874	-3.966
-2.879	-3.992
-2.831	-4.051
-2.811	-4.076
-2.787	-4.098
-2.764	-4.120
-2.752	-4.130
-2.739	-4.141
-2.725	-4.148
-2.680	-4.169
-2.633	-4.184
-2.587	-4.203
-2.519	-4.224
-2.447	-4.237
-2.382	-4.266
-1.909	-4.480
-1.962	-4.525
-1.663	-4.602
-1.654	-4.604
-1.645	-4.605
-1.636	-4.605
-1.602	-4.606
-1.568	-4.605
-1.534	-4.605
POLYLINE BLACK
-3.264	-3.446
-3.236	-3.410
-3.210	-3.393
-3.170	-3.377
-3.154	-3.371
-3.138	-3.366
-3.123	-3.358
-3.104	-3.348
-3.085	-3.336
-3.068	-3.322
-2.998	-3.267
-2.918	-3.169
-2.818	-3.167
-2.703	-3.165
-2.594	-3.225
-2.492	-3.266
-2.458	-3.280
-2.426	-3.297
-2.397	-3.318
-2.266	-3.414
-2.136	-3.513
-2.013	-3.619
-1.754	-3.842
-1.503	-4.073
-1.251	-4.304
-1.233	-4.320
-1.196	-4.371
-1.201	-4.400
-1.203	-4.411
-1.211	-4.423
-1.221	-4.429
-1.259	-4.453
-1.297	-4.478
-1.336	-4.499
-1.373	-4.519
-1.411	-4.536
-1.449	-4.554
-1.451	-4.555
-1.455	-4.555
-1.458	-4.555
-1.522	-4.556
-1.593	-4.475
-1.631	-4.442
POLYLINE BLACK
-1.593	-4.419
-1.738	-4.302
-1.878	-4.179
-2.028	-4.068
-2.105	-4.011
-2.194	-3.970
-2.274	-3.918
-2.512	-3.761
-2.081	-3.949
-2.656	-3.722
-2.851	-3.645
-2.952	-3.650
-3.146	-3.522
-3.164	-3.510
-3.153	-3.479
-3.156	-3.458
POLYLINE BLACK
-2.316	-3.956
-2.471	-4.032
-2.541	-4.073
-2.648	-4.206
-2.655	-4.216
-2.656	-4.229
-2.660	-4.240
POLYLINE BLACK
-2.891	-3.262
-2.752	-3.479
-2.656	-3.636
-2.471	-3.772
POLYLINE GREEN
-5.853	-9.098
-5.853	-9.097
POLYLINE GREEN
-5.843	-9.106
-5.540	-9.150
-5.420	-9.175
-5.049	-9.162
-4.926	-9.158
-4.804	-9.133
-4.684	-9.107
-4.310	-9.023
-3.933	-8.949
-3.569	-8.832
-3.298	-8.745
-3.034	-8.633
-2.784	-8.498
-2.420	-8.300
-2.089	-8.045
-1.731	-7.834
-1.644	-7.783
-1.459	-7.724
-1.346	-7.711
-1.176	-7.691
-0.808	-7.731
-0.711	-7.743
-0.571	-7.759
-0.487	-7.802
-0.350	-7.827
-0.258	-7.844
-0.178	-7.831
-0.091	-7.797
-0.012	-7.765
0.045	-7.707
0.093	-7.637
0.115	-7.605
0.136	-7.571
0.150	-7.535
0.247	-7.293
0.341	-7.050
0.426	-6.804
0.442	-6.758
0.470	-6.610
0.459	-6.546
0.439	-6.417
0.403	-6.291
0.381	-6.162
0.351	-5.988
0.381	-5.966
0.312	-5.805
-0.098	-4.847
0.371	-6.153
-0.041	-4.857
-0.080	-4.731
-0.106	-4.732
-0.189	-4.613
-0.215	-4.575
-0.218	-4.503
-0.224	-4.460
POLYLINE GREEN
-3.257	-4.146
-3.301	-4.275
-3.374	-4.401
-3.481	-4.488
-3.493	-4.498
-3.661	-4.643
-3.747	-4.676
-3.844	-4.713
-3.901	-4.719
-3.990	-4.771
-4.079	-4.823
-4.228	-4.933
-4.304	-4.999
-4.454	-5.130
-4.453	-5.265
-4.540	-5.465
-4.570	-5.533
-4.602	-5.600
-4.644	-5.662
-5.191	-6.482
-4.623	-5.573
-5.230	-6.366
-5.467	-6.675
-5.627	-7.157
-5.703	-7.502
-5.785	-7.871
-5.811	-8.250
-5.857	-8.625
-5.862	-8.666
-5.860	-8.709
-5.855	-8.750
-5.840	-8.854
-5.818	-8.958
-5.796	-9.061
-5.793	-9.073
-5.792	-9.090
-5.780	-9.095
-5.768	-9.101
-5.753	-9.090
-5.739	-9.087
POLYLINE GREEN
-3.356	-3.996
-3.437	-4.076
-3.528	-4.153
-3.640	-4.187
-3.711	-4.208
-3.785	-4.226
-3.860	-4.232
-4.273	-4.266
-4.687	-4.278
-5.101	-4.307
-5.126	-4.309
-5.151	-4.316
-5.174	-4.326
-5.545	-4.488
-5.914	-4.652
-6.280	-4.822
-6.310	-4.835
-6.336	-4.855
-6.361	-4.877
-6.497	-4.998
-6.626	-5.128
-6.763	-5.249
-6.836	-5.314
-6.917	-5.369
-6.990	-5.433
-7.012	-5.452
-7.033	-5.475
-7.049	-5.500
-7.126	-5.623
-7.197	-5.750
-7.269	-5.877
-7.274	-5.885
-7.279	-5.909
-7.279	-5.920
-7.278	-5.945
-7.275	-5.970
-7.273	-5.995
POLYLINE GREEN
-7.122	-5.759
-7.653	-5.966
-7.400	-5.896
-7.877	-5.989
POLYLINE GREEN
-5.833	-7.950
-5.827	-7.916
-5.820	-7.883
-5.817	-7.850
-5.808	-7.769
-5.900	-7.683
-5.942	-7.637
-6.029	-7.543
-6.146	-7.411
-6.282	-7.376
-6.575	-7.301
-6.521	-7.355
-6.886	-7.322
-7.177	-7.296
-7.134	-7.256
-7.352	-7.276
-7.379	-7.278
-7.407	-7.281
-7.431	-7.292
-7.624	-7.383
-7.812	-7.484
-8.003	-7.579
POLYLINE RED
-0.032	-4.749
0.287	-4.985
0.690	-5.071
1.077	-5.117
1.142	-5.125
1.209	-5.112
1.273	-5.126
1.531	-5.181
1.787	-5.250
2.042	-5.321
2.153	-5.353
2.259	-5.403
2.370	-5.435
2.513	-5.476
2.673	-5.491
2.819	-5.457
2.833	-5.454
2.849	-5.451
2.860	-5.442
3.085	-5.275
3.295	-5.088
3.527	-4.932
3.667	-4.838
3.823	-4.770
3.973	-4.694
4.037	-4.662
4.100	-4.642
4.151	-4.698
4.209	-4.761
4.193	-4.982
4.193	-4.989
4.170	-5.383
4.107	-5.774
4.094	-6.167
4.082	-6.515
4.134	-6.862
4.118	-7.209
4.110	-7.385
4.051	-7.555
4.023	-7.730
4.020	-7.750
4.021	-7.772
4.025	-7.792
4.047	-7.926
4.081	-7.993
4.151	-8.123
4.174	-8.167
4.276	-8.299
4.294	-8.384
4.338	-8.589
4.299	-8.807
4.233	-9.003
4.121	-9.334
3.998	-9.662
3.862	-9.983
3.859	-9.989
3.745	-10.229
3.666	-10.302
3.615	-10.349
3.531	-10.384
3.463	-10.385
2.996	-10.388
2.529	-10.390
2.062	-10.368
1.679	-10.349
1.299	-10.264
0.914	-10.263
0.543	-10.262
0.176	-10.342
-0.195	-10.362
-0.288	-10.367
-0.547	-10.371
-0.694	-10.326
-0.763	-10.306
-0.814	-10.264
-0.860	-10.209
-0.874	-10.192
-0.890	-10.175
-0.898	-10.154
-1.043	-9.794
-1.187	-9.435
-1.318	-9.070
-1.385	-8.883
-1.376	-8.678
-1.405	-8.486
-1.445	-8.209
-1.474	-8.311
-1.460	-8.064
-1.456	-7.982
-1.421	-7.890
-1.402	-7.813
-1.398	-7.794
-1.396	-7.775
-1.392	-7.757
POLYLINE BLACK
0.604	-7.569
0.655	-7.420
0.706	-7.271
0.757	-7.122
0.769	-7.098
0.783	-7.075
0.793	-7.049
0.804	-7.022
0.812	-6.985
0.812	-6.954
0.812	-6.907
0.795	-6.870
0.766	-6.834
0.680	-6.728
0.602	-6.615
0.508	-6.517
0.419	-6.422
0.315	-6.342
0.216	-6.257
0.192	-6.236
0.165	-6.217
0.132	-6.217
0.093	-6.216
0.043	-6.239
0.017	-6.269
-0.104	-6.402
-0.217	-6.542
-0.340	-6.674
-0.402	-6.741
-0.572	-6.841
-0.587	-6.968
-0.589	-6.986
-0.588	-7.014
-0.581	-7.031
-0.464	-7.326
-0.345	-7.620
-0.224	-7.914
-0.195	-7.985
-0.131	-7.999
-0.068	-7.956
-0.056	-7.949
-0.047	-7.938
-0.036	-7.930
0.058	-7.857
0.149	-7.780
0.247	-7.712
0.625	-7.448
0.113	-7.852
0.624	-7.555
0.647	-7.542
0.642	-7.505
0.652	-7.481
POLYLINE BLACK
0.611	-7.440
0.368	-7.261
0.083	-7.143
-0.150	-6.950
-0.177	-6.928
-0.195	-6.897
-0.217	-6.871
POLYLINE BLACK
0.170	-6.303
0.100	-6.460
0.010	-6.664
-0.061	-6.804
-0.074	-6.831
-0.092	-6.855
-0.112	-6.877
-0.133	-6.903
-0.158	-6.924
-0.182	-6.947
POLYLINE BLACK
-0.223	-6.960
-0.358	-6.965
-0.477	-7.026
-0.594	-7.086
POLYLINE RED
3.182	-9.110
3.189	-9.086
3.199	-9.064
3.205	-9.040
3.210	-9.021
3.212	-9.002
3.212	-8.983
3.212	-8.796
3.219	-8.734
3.175	-8.575
3.166	-8.539
3.138	-8.476
3.099	-8.458
3.078	-8.448
3.052	-8.447
3.030	-8.451
2.951	-8.465
2.918	-8.482
2.871	-8.549
2.852	-8.575
2.832	-8.601
2.821	-8.630
2.775	-8.746
2.726	-8.861
2.699	-8.983
2.666	-9.130
2.668	-9.565
2.669	-9.693
2.669	-9.764
2.747	-9.855
2.776	-9.900
2.784	-9.912
2.793	-9.922
2.798	-9.935
2.812	-9.967
2.829	-10.061
2.873	-10.095
2.910	-10.124
2.973	-10.113
3.002	-10.078
3.021	-10.055
3.046	-9.989
3.048	-9.981
3.085	-9.871
3.123	-9.760
3.150	-9.647
3.171	-9.561
3.173	-9.471
3.190	-9.383
3.204	-9.315
3.228	-9.250
3.243	-9.182
3.258	-9.111
3.239	-9.026
3.210	-8.961
3.199	-8.934
3.182	-8.908
3.169	-8.882
POLYLINE BLUE
2.954	-7.313
2.942	-7.297
POLYLINE BLUE
1.585	-6.174
1.591	-6.181
POLYLINE BLUE
3.262	-7.802
3.192	-7.657
3.143	-7.500
3.053	-7.366
2.747	-6.912
2.514	-6.681
2.103	-6.357
2.049	-6.314
1.986	-6.283
1.925	-6.250
1.749	-6.157
1.539	-6.156
1.345	-6.188
1.304	-6.194
1.279	-6.238
1.246	-6.263
POLYLINE BLUE
3.260	-7.785
3.269	-7.944
3.261	-8.074
3.170	-8.209
3.145	-8.246
3.115	-8.261
3.078	-8.290
POLYLINE BLUE
1.321	-6.130
1.149	-6.329
1.167	-6.287
1.030	-6.563
1.008	-6.609
0.987	-6.657
0.976	-6.708
0.927	-6.956
0.893	-7.208
0.851	-7.457
POLYLINE BLUE
3.172	-8.190
3.104	-8.376
3.146	-8.298
3.058	-8.430
POLYLINE BLUE
3.091	-8.416
3.045	-8.533
2.990	-8.646
2.952	-8.766
2.909	-8.904
2.894	-9.051
2.849	-9.189
2.774	-9.419
2.507	-9.904
2.426	-10.061
2.240	-10.426
2.385	-10.205
1.998	-10.786
1.969	-10.829
1.933	-10.867
1.896	-10.904
1.703	-11.095
1.507	-11.284
1.308	-11.470
1.161	-11.608
1.215	-11.508
1.168	-11.608
POLYLINE BLUE
1.691	-11.081
1.743	-11.009
1.804	-10.938
1.816	-10.847
1.826	-10.778
1.862	-10.627
1.813	-10.545
1.781	-10.492
1.694	-10.476
1.642	-10.504
1.380	-10.642
1.249	-10.702
1.051	-10.883
POLYLINE BLUE
0.965	-10.972
0.951	-10.985
0.941	-11.002
0.925	-11.010
0.374	-11.306
0.437	-11.288
-0.068	-11.443
-0.346	-11.528
-0.026	-11.382
-0.481	-11.598
-0.500	-11.607
-0.519	-11.620
-0.535	-11.635
-0.548	-11.648
-0.555	-11.665
-0.565	-11.681
POLYLINE BLUE
1.198	-11.543
1.109	-11.578
1.023	-11.618
0.933	-11.648
0.730	-11.714
0.675	-11.681
0.435	-11.722
0.363	-11.735
0.295	-11.761
0.225	-11.780
0.203	-11.786
0.181	-11.789
0.159	-11.796
0.127	-11.806
0.097	-11.823
0.064	-11.831
0.054	-11.834
0.082	-11.819
0.091	-11.813
POLYLINE BLUE
0.952	-10.956
1.001	-10.878
1.060	-10.806
1.099	-10.723
1.155	-10.599
1.195	-10.468
1.234	-10.338
1.289	-10.155
1.238	-10.188
1.315	-10.036
1.422	-9.825
1.535	-9.618
1.647	-9.409
1.776	-9.170
1.664	-9.472
1.818	-8.970
1.823	-8.955
1.825	-8.939
1.825	-8.923
1.821	-8.790
1.770	-8.667
1.723	-8.543
1.711	-8.509
1.694	-8.477
1.673	-8.448
1.341	-8.006
1.500	-8.276
1.398	-8.099
POLYLINE BLUE
1.415	-8.125
1.392	-8.087
1.372	-8.046
1.347	-8.010
1.284	-7.916
1.221	-7.823
1.150	-7.736
1.110	-7.688
1.063	-7.646
1.016	-7.605
0.965	-7.561
0.910	-7.523
0.858	-7.481
0.851	-7.475
0.847	-7.464
0.847	-7.455
0.849	-7.435
0.859	-7.422
0.869	-7.401
POLYLINE BLUE
2.701	-8.461
2.529	-8.481
2.356	-8.497
2.184	-8.522
2.064	-8.539
1.941	-8.666
1.865	-8.729
1.845	-8.746
1.820	-8.790
1.824	-8.817
1.828	-8.839
1.843	-8.856
1.857	-8.871
1.904	-8.920
1.954	-8.967
2.001	-9.016
2.013	-9.029
2.017	-9.041
2.033	-9.046
2.047	-9.050
2.066	-9.051
2.080	-9.049
2.153	-9.037
2.226	-9.026
2.298	-9.007
2.410	-8.976
2.629	-8.829
2.680	-8.793
2.714	-8.770
2.741	-8.737
2.772	-8.708
2.774	-8.706
2.776	-8.703
2.777	-8.701
2.784	-8.688
2.786	-8.671
2.783	-8.657
2.774	-8.614
2.765	-8.571
2.754	-8.528
2.753	-8.521
2.750	-8.515
2.746	-8.508
2.739	-8.497
2.731	-8.487
2.723	-8.476
POLYLINE BLUE
2.708	-8.471
2.645	-8.532
2.583	-8.593
2.520	-8.653
2.516	-8.657
2.503	-8.662
2.498	-8.663
2.470	-8.669
2.470	-8.657
2.430	-8.664
2.391	-8.671
2.352	-8.681
2.315	-8.694
2.180	-8.738
2.186	-8.759
2.065	-8.767
2.023	-8.770
1.980	-8.771
1.938	-8.768
1.909	-8.762
1.880	-8.756
1.851	-8.750
1.849	-8.752
1.846	-8.753
1.846	-8.755
1.846	-8.759
1.850	-8.763
1.852	-8.766
1.857	-8.774
1.863	-8.780
1.869	-8.787
POLYLINE BLUE
2.154	-8.767
2.159	-8.976
2.138	-8.904
2.165	-8.990
POLYLINE BLUE
2.497	-8.666
2.582	-8.782
POLYLINE BLUE
-0.235	-11.910
-0.238	-11.861
-0.240	-11.812
-0.245	-11.763
-0.246	-11.757
-0.248	-11.752
-0.251	-11.747
-0.261	-11.725
-0.276	-11.707
-0.293	-11.691
-0.351	-11.638
-0.416	-11.592
-0.499	-11.600
-0.523	-11.602
-0.546	-11.613
-0.569	-11.620
POLYLINE BLUE
0.141	-11.803
-0.101	-11.867
0.018	-11.828
-0.216	-11.923
POLYLINE BLUE
-0.519	-11.640
-0.546	-11.690
-0.637	-11.831
-0.653	-11.916
-0.667	-11.988
-0.666	-12.064
-0.682	-12.136
-0.709	-12.257
-0.734	-12.312
-0.774	-12.409
POLYLINE BLUE
-0.221	-12.547
-0.231	-12.490
-0.244	-12.433
-0.250	-12.375
-0.256	-12.326
-0.248	-12.281
-0.236	-12.234
-0.226	-12.199
-0.212	-12.165
-0.204	-12.129
-0.199	-12.103
-0.198	-12.076
-0.197	-12.049
-0.196	-11.930
-0.180	-11.961
-0.219	-11.907
POLYLINE BLUE
-0.737	-12.323
-0.736	-11.288
-0.773	-11.673
-0.714	-11.163
POLYLINE BLUE
-0.713	-11.233
-0.409	-10.692
-0.349	-10.681
-0.217	-10.293
-0.205	-10.258
-0.204	-10.219
-0.221	-10.185
-0.239	-10.149
-0.300	-10.093
-0.338	-10.079
-0.683	-9.952
-1.029	-9.830
-1.377	-9.713
-1.408	-9.703
-1.441	-9.699
-1.473	-9.697
-1.555	-9.691
-1.649	-9.705
-1.726	-9.726
-1.856	-9.762
-1.981	-9.817
-2.112	-9.847
-2.265	-9.881
-2.422	-9.890
-2.576	-9.917
-2.601	-9.922
-2.625	-9.935
-2.649	-9.943
-2.819	-10.000
-2.979	-10.067
-3.161	-10.070
-3.327	-10.073
-3.492	-10.058
-3.656	-10.041
-3.795	-10.028
-3.912	-9.972
-4.048	-10.007
-4.100	-10.021
-4.153	-10.079
-4.180	-10.116
-4.312	-10.296
-4.454	-10.470
-4.565	-10.663
-4.652	-10.815
-4.732	-10.976
-4.769	-11.147
-4.930	-11.885
-5.038	-12.634
-5.156	-13.381
-5.179	-13.528
-5.150	-13.736
-5.086	-13.875
-5.078	-13.893
-5.032	-13.975
-5.004	-13.993
-4.884	-14.073
-4.744	-14.164
-4.601	-14.214
-4.472	-14.259
-4.350	-14.207
-4.215	-14.222
-3.973	-14.249
-3.734	-14.293
-3.496	-14.343
-3.415	-14.361
-3.336	-14.389
-3.260	-14.423
-2.794	-14.632
-3.086	-14.562
-2.853	-14.611
POLYLINE BLUE
-2.948	-14.584
-2.600	-14.842
-2.904	-14.602
-2.457	-15.032
-2.432	-15.057
-2.375	-15.089
-2.340	-15.100
-2.171	-15.153
-2.015	-15.126
-1.828	-15.117
-1.750	-15.114
-1.637	-15.080
-1.571	-15.044
-1.364	-14.930
-1.063	-14.804
-0.919	-14.581
-0.836	-14.452
-0.748	-14.205
-0.699	-14.100
-0.625	-13.939
-0.529	-13.786
-0.466	-13.620
-0.366	-13.360
-0.233	-12.911
-0.264	-12.610
-0.268	-12.570
-0.324	-12.558
-0.354	-12.532
POLYLINE BLUE
-8.501	-11.162
-8.516	-11.146
POLYLINE RED
-4.993	-10.257
-5.019	-10.234
-5.041	-10.206
-5.071	-10.187
-5.434	-9.956
-5.698	-9.934
-6.195	-9.836
-6.346	-9.806
-6.500	-9.794
-6.653	-9.794
-6.987	-9.794
-7.445	-9.849
-7.720	-10.073
-7.971	-10.277
-8.039	-10.425
-8.239	-10.765
-8.310	-10.885
-8.380	-11.135
-8.367	-11.280
-8.338	-11.602
-8.200	-11.904
-8.023	-12.171
-7.830	-12.464
-7.500	-12.621
-7.203	-12.790
-7.116	-12.840
-7.019	-12.873
-6.923	-12.903
-6.751	-12.956
-6.379	-13.076
-6.156	-13.029
-6.024	-13.001
-5.939	-12.969
-5.823	-12.901
-5.622	-12.784
-5.409	-12.430
-5.337	-12.282
-5.282	-12.170
-4.896	-11.414
-4.886	-11.029
-4.882	-10.884
-4.891	-10.737
-4.905	-10.592
-4.915	-10.497
-5.010	-10.182
-5.028	-10.117
POLYLINE RED
-7.789	-9.969
-7.892	-9.961
-7.995	-9.960
-8.097	-9.945
-8.422	-9.896
-9.000	-9.641
-9.182	-9.582
-9.260	-9.556
-9.344	-9.551
-9.425	-9.536
POLYLINE RED
-8.243	-10.712
-8.370	-10.691
-8.496	-10.670
-8.623	-10.649
-8.726	-10.639
-8.830	-10.639
-8.931	-10.619
-9.236	-10.560
-9.537	-10.480
-9.840	-10.411
POLYLINE RED
-4.165	-10.076
-4.494	-10.074
-4.201	-10.071
-4.710	-10.107
-4.758	-10.111
-4.890	-10.086
-4.902	-10.085
POLYLINE RED
-4.685	-10.078
-4.749	-10.088
-4.812	-10.099
-4.876	-10.109
-4.891	-10.109
-4.906	-10.112
-4.920	-10.110
-4.947	-10.107
-4.973	-10.099
-5.000	-10.094
POLYLINE BLUE
-2.382	-11.719
-2.411	-11.778
-2.440	-11.837
-2.468	-11.896
-2.476	-11.913
-2.464	-11.935
-2.453	-11.947
-2.435	-11.969
-2.413	-11.988
-2.396	-12.011
-2.364	-12.055
-2.337	-12.104
-2.306	-12.149
-2.304	-12.152
-2.285	-12.179
-2.271	-12.181
-2.255	-12.183
-2.242	-12.162
-2.236	-12.152
-2.205	-12.099
-2.174	-12.047
-2.145	-11.993
-2.136	-11.976
-2.129	-11.950
-2.137	-11.931
-2.138	-11.928
-2.140	-11.925
-2.141	-11.923
-2.166	-11.900
-2.191	-11.876
-2.216	-11.853
-2.266	-11.809
-2.316	-11.778
-2.354	-11.727
POLYLINE BLUE
-2.359	-11.724
-2.309	-11.870
-2.334	-11.813
-2.292	-11.901
POLYLINE BLUE
-2.302	-11.908
-2.409	-11.910
-2.372	-11.927
-2.423	-11.896
POLYLINE BLUE
-2.282	-11.937
-2.222	-12.155
POLYLINE BLUE
-2.461	-12.191
-2.427	-12.142
-2.416	-12.118
-2.409	-12.056
-2.408	-12.043
-2.411	-12.029
-2.411	-12.015
POLYLINE BLUE
-2.459	-12.176
-2.493	-12.144
-2.527	-12.112
-2.563	-12.082
-2.570	-12.075
-2.579	-12.070
-2.588	-12.065
-2.602	-12.057
-2.611	-12.055
-2.616	-12.037
-2.622	-12.018
-2.616	-11.988
-2.611	-11.972
-2.588	-11.902
-2.588	-11.861
-2.518	-11.867
-2.510	-11.868
-2.488	-11.871
-2.481	-11.878
-2.477	-11.882
-2.475	-11.888
-2.471	-11.893
POLYLINE BLUE
-2.450	-12.114
-2.457	-12.093
-2.464	-12.073
-2.472	-12.052
-2.474	-12.046
-2.477	-12.041
-2.479	-12.035
-2.483	-12.021
-2.483	-12.003
-2.480	-11.989
-2.468	-11.912
-2.457	-11.946
-2.474	-11.907
POLYLINE YELLOW
0.266	-9.815
-0.119	-10.233
-0.315	-10.360
-0.541	-10.791
-0.617	-10.936
-0.681	-11.087
-0.746	-11.237
-0.773	-11.300
-0.769	-11.395
-0.726	-11.452
-0.713	-11.467
-0.700	-11.482
-0.685	-11.496
-0.667	-11.513
-0.645	-11.531
-0.621	-11.540
-0.593	-11.549
-0.566	-11.550
-0.537	-11.548
-0.420	-11.539
-0.225	-11.450
-0.170	-11.427
-0.114	-11.403
-0.068	-11.359
-0.011	-11.340
0.116	-11.297
0.253	-11.287
0.380	-11.243
0.681	-11.138
0.968	-10.994
1.271	-10.894
1.631	-10.774
2.004	-10.697
2.367	-10.585
2.517	-10.538
2.659	-10.466
2.809	-10.417
3.016	-10.349
3.229	-10.300
3.438	-10.235
3.535	-10.204
3.541	-10.181
3.627	-10.133
3.744	-10.067
3.979	-10.157
4.054	-10.209
POLYLINE YELLOW
2.027	-9.211
2.005	-9.245
1.986	-9.281
1.961	-9.313
1.898	-9.395
1.656	-9.585
1.648	-9.591
1.623	-9.611
1.529	-9.667
1.491	-9.670
1.213	-9.693
0.935	-9.705
0.656	-9.716
0.590	-9.718
0.524	-9.709
0.458	-9.711
0.393	-9.713
0.329	-9.730
0.275	-9.766
0.251	-9.782
0.221	-9.806
0.215	-9.837
0.211	-9.856
0.228	-9.882
0.233	-9.896
POLYLINE YELLOW
3.964	-9.470
3.828	-9.455
3.687	-9.467
3.556	-9.426
3.251	-9.332
2.966	-9.182
2.668	-9.068
2.606	-9.045
2.499	-9.031
2.430	-9.032
2.314	-9.036
2.173	-9.109
2.089	-9.154
2.049	-9.175
2.019	-9.211
1.984	-9.240
POLYLINE BROWN
4.013	-10.169
4.060	-10.182
4.109	-10.190
4.155	-10.207
4.199	-10.224
4.242	-10.244
4.281	-10.269
4.641	-10.503
4.998	-10.742
5.352	-10.985
5.438	-11.044
5.544	-11.175
5.569	-11.277
5.624	-11.496
5.656	-11.720
5.704	-11.941
5.707	-11.956
5.727	-11.983
5.737	-11.993
5.776	-12.032
5.840	-12.068
5.886	-12.085
6.191	-12.205
6.296	-12.235
6.639	-12.220
7.045	-12.203
7.450	-12.168
7.854	-12.127
7.928	-12.120
8.000	-12.099
8.070	-12.074
8.419	-11.950
8.398	-11.856
8.810	-11.635
9.271	-11.388
9.736	-11.143
10.219	-10.940
10.395	-10.866
10.846	-10.871
11.017	-10.662
11.169	-10.474
11.198	-10.235
11.191	-10.001
11.188	-9.903
11.176	-9.805
11.153	-9.711
11.133	-9.628
11.098	-9.550
11.063	-9.473
11.042	-9.427
11.015	-9.384
10.987	-9.341
10.882	-9.185
10.753	-9.043
10.664	-8.877
10.393	-8.375
10.169	-7.849
9.910	-7.341
9.885	-7.291
9.848	-7.247
9.812	-7.204
9.783	-7.170
9.749	-7.139
9.715	-7.109
9.680	-7.078
9.634	-7.056
9.604	-7.019
9.509	-6.902
9.449	-6.757
9.341	-6.652
9.075	-6.393
8.780	-6.166
8.490	-5.934
8.439	-5.893
8.381	-5.862
8.322	-5.834
8.252	-5.802
8.177	-5.779
8.103	-5.755
7.921	-5.695
7.738	-5.638
7.554	-5.584
7.534	-5.578
7.512	-5.577
7.491	-5.577
7.330	-5.571
7.265	-5.687
7.204	-5.823
7.117	-6.016
7.106	-6.186
7.083	-6.408
7.073	-6.495
7.087	-6.614
7.113	-6.698
7.261	-7.161
7.433	-7.616
7.573	-8.082
7.601	-8.174
7.605	-8.273
7.615	-8.369
7.619	-8.400
7.621	-8.431
7.615	-8.461
7.596	-8.553
7.570	-8.643
7.542	-8.732
7.531	-8.769
7.519	-8.806
7.497	-8.837
7.400	-8.972
7.298	-9.103
7.187	-9.226
7.143	-9.276
7.091	-9.320
7.034	-9.354
6.991	-9.379
6.445	-9.761
6.170	-9.767
5.296	-9.789
5.873	-9.746
4.433	-9.520
3.858	-9.431
4.088	-9.622
3.867	-9.397
POLYLINE BROWN
3.985	-9.475
3.949	-9.465
3.913	-9.452
3.876	-9.444
3.782	-9.425
3.608	-9.464
3.522	-9.503
3.460	-9.531
3.402	-9.567
3.344	-9.602
3.255	-9.657
3.199	-9.781
3.240	-9.880
3.347	-10.137
3.769	-10.130
3.990	-10.134
POLYLINE RED
13.102	-11.368
12.192	-11.389
12.417	-11.357
10.968	-11.754
10.550	-11.869
10.135	-12.108
9.837	-12.426
9.740	-12.529
9.661	-12.679
9.696	-12.824
9.730	-12.960
9.890	-13.084
10.003	-13.138
10.597	-13.422
10.927	-13.632
11.501	-13.710
12.015	-13.779
12.572	-13.632
13.000	-13.345
13.202	-13.209
13.512	-12.972
13.613	-12.722
13.632	-12.675
13.797	-12.242
13.774	-12.104
13.721	-11.783
13.432	-11.531
13.229	-11.312
POLYLINE RED
12.949	-12.248
12.979	-12.257
POLYLINE BLUE
13.131	-9.747
13.115	-9.702
POLYLINE BLUE
7.154	-11.069
7.149	-11.101
7.141	-11.134
7.138	-11.166
7.136	-11.190
7.136	-11.214
7.139	-11.238
7.153	-11.367
7.161	-11.459
7.216	-11.575
7.296	-11.745
7.392	-11.907
7.470	-12.078
7.529	-12.207
7.545	-12.338
7.626	-12.451
7.659	-12.496
7.693	-12.539
7.731	-12.579
7.917	-12.777
8.096	-12.975
8.308	-13.143
8.331	-13.161
8.361	-13.176
8.390	-13.184
8.405	-13.189
8.421	-13.189
8.435	-13.196
8.467	-13.210
8.498	-13.227
8.527	-13.247
8.761	-13.403
8.714	-13.405
8.923	-13.494
8.961	-13.510
8.994	-13.517
9.034	-13.521
9.037	-13.521
9.041	-13.520
9.044	-13.520
9.055	-13.519
9.065	-13.517
9.076	-13.515
POLYLINE BLUE
9.082	-13.467
9.157	-13.388
9.196	-13.362
9.245	-13.273
9.295	-13.184
9.340	-12.991
9.352	-12.931
9.364	-12.874
9.365	-12.816
9.369	-12.759
9.371	-12.732
9.369	-12.706
9.370	-12.680
9.371	-12.670
9.372	-12.661
9.376	-12.652
9.407	-12.591
9.475	-12.456
9.539	-12.397
9.580	-12.359
9.628	-12.327
9.673	-12.293
9.717	-12.261
9.927	-12.132
10.005	-12.037
10.043	-11.990
10.063	-11.938
10.075	-11.879
10.077	-11.867
10.078	-11.852
10.075	-11.840
10.068	-11.809
10.045	-11.784
10.024	-11.761
10.012	-11.749
9.991	-11.734
9.976	-11.729
9.870	-11.691
9.761	-11.664
9.658	-11.621
9.514	-11.560
9.374	-11.492
9.237	-11.417
9.148	-11.367
9.056	-11.268
8.995	-11.189
8.970	-11.156
8.950	-11.118
8.928	-11.083
8.903	-11.043
8.885	-11.001
8.845	-10.975
8.778	-10.931
8.596	-10.917
8.587	-10.916
8.548	-10.910
8.440	-10.901
8.391	-10.924
8.374	-10.932
8.357	-10.942
8.342	-10.952
8.313	-10.972
8.288	-10.992
8.267	-11.020
8.260	-11.029
8.254	-11.038
8.250	-11.048
8.216	-11.140
8.186	-11.233
8.153	-11.325
8.078	-11.541
8.024	-11.485
8.105	-11.550
POLYLINE BLUE
8.072	-11.541
8.065	-11.574
8.068	-11.621
8.045	-11.651
8.020	-11.684
7.974	-11.697
7.939	-11.709
7.935	-11.710
7.891	-11.723
7.875	-11.721
7.816	-11.714
7.752	-11.703
7.710	-11.655
7.621	-11.556
7.624	-11.479
7.528	-11.341
7.479	-11.270
7.415	-11.209
7.353	-11.148
7.321	-11.116
7.284	-11.090
7.247	-11.064
7.236	-11.055
7.224	-11.043
7.210	-11.043
7.199	-11.043
7.191	-11.056
7.181	-11.062
POLYLINE BLUE
7.855	-11.697
7.838	-11.706
7.819	-11.714
7.802	-11.725
7.731	-11.772
7.688	-11.862
7.654	-11.934
7.644	-11.957
7.635	-11.980
7.630	-12.004
7.624	-12.034
7.623	-12.065
7.619	-12.095
POLYLINE RED
9.873	-11.072
9.888	-11.087
9.899	-11.107
9.918	-11.118
10.083	-11.217
10.162	-11.240
10.343	-11.292
10.398	-11.308
10.456	-11.314
10.509	-11.334
10.748	-11.424
10.983	-11.526
11.220	-11.623
POLYLINE RED
11.170	-10.552
11.693	-10.878
11.617	-10.862
12.323	-11.112
12.538	-11.188
12.761	-11.239
12.980	-11.303
POLYLINE BLUE
8.385	-13.170
8.310	-13.120
8.283	-13.113
8.194	-13.118
8.170	-13.119
8.147	-13.125
8.123	-13.124
8.030	-13.119
7.938	-13.099
7.845	-13.101
7.721	-13.103
7.597	-13.122
7.474	-13.138
7.423	-13.145
7.375	-13.165
7.324	-13.169
7.217	-13.179
7.075	-13.186
6.962	-13.158
6.858	-13.134
6.735	-13.065
6.648	-13.028
6.558	-12.990
6.542	-13.001
6.470	-12.949
6.406	-12.904
6.351	-12.846
6.283	-12.806
4.926	-12.014
6.068	-12.693
5.525	-12.422
5.455	-12.387
5.415	-12.316
5.347	-12.280
5.292	-12.251
5.197	-12.250
5.154	-12.239
5.126	-12.232
5.101	-12.216
5.074	-12.205
POLYLINE BLUE
5.278	-12.233
5.329	-12.200
5.367	-12.183
5.404	-12.139
5.484	-12.042
5.509	-11.917
5.502	-11.794
5.500	-11.749
5.489	-11.706
5.483	-11.662
POLYLINE BLUE
5.499	-11.591
5.367	-11.465
5.236	-11.338
5.104	-11.212
5.095	-11.207
5.087	-11.200
5.078	-11.197
5.025	-11.180
4.973	-11.164
4.919	-11.152
4.890	-11.145
4.861	-11.142
4.832	-11.141
4.762	-11.140
4.469	-11.164
4.346	-11.122
3.425	-10.805
4.434	-11.128
3.878	-10.912
3.819	-10.889
3.733	-10.883
3.672	-10.846
3.643	-10.828
3.616	-10.806
3.585	-10.790
3.559	-10.776
3.531	-10.767
3.503	-10.759
3.409	-10.733
3.306	-10.708
3.208	-10.732
3.163	-10.743
3.118	-10.766
3.079	-10.791
3.053	-10.807
3.020	-10.833
3.005	-10.863
2.991	-10.892
2.991	-10.926
2.995	-10.958
3.008	-11.064
3.078	-11.188
3.143	-11.269
3.274	-11.430
3.480	-11.572
3.645	-11.672
3.828	-11.783
4.018	-11.883
4.213	-11.973
4.393	-12.055
4.587	-12.136
4.787	-12.158
5.061	-12.187
5.001	-12.188
5.142	-12.181
POLYLINE BLUE
7.127	-11.283
7.099	-11.352
7.088	-11.404
7.044	-11.457
6.965	-11.552
6.806	-11.610
6.705	-11.645
6.625	-11.672
6.544	-11.702
6.459	-11.705
5.387	-11.752
5.811	-11.536
5.422	-11.756
POLYLINE BLUE
5.193	-11.461
5.185	-11.417
5.144	-11.386
5.118	-11.350
5.097	-11.322
5.064	-11.298
5.030	-11.288
4.890	-11.245
4.737	-11.409
4.677	-11.515
4.633	-11.591
4.627	-11.696
4.647	-11.780
4.665	-11.855
4.738	-12.005
4.808	-12.045
4.883	-12.088
4.929	-12.107
5.013	-12.124
5.137	-12.148
5.221	-12.139
5.318	-12.056
5.333	-12.043
5.348	-12.028
5.361	-12.012
5.441	-11.905
5.483	-11.785
5.477	-11.650
5.471	-11.537
5.446	-11.473
5.337	-11.431
5.281	-11.410
5.226	-11.359
5.167	-11.371
5.137	-11.378
5.198	-11.492
5.193	-11.461
POLYLINE BLUE
3.047	-10.810
2.976	-10.909
2.904	-11.008
2.833	-11.108
2.807	-11.141
2.780	-11.174
2.755	-11.209
2.636	-11.377
2.519	-11.548
2.400	-11.718
POLYLINE BLUE
3.504	-11.520
3.459	-11.521
3.419	-11.515
3.389	-11.552
3.375	-11.569
3.359	-11.586
3.350	-11.606
3.187	-11.977
3.212	-11.895
3.158	-12.127
POLYLINE BLUE
2.484	-11.674
2.414	-11.751
2.368	-11.818
2.286	-11.870
2.269	-11.881
2.252	-11.890
2.234	-11.896
2.103	-11.942
1.969	-11.978
1.840	-12.028
1.791	-12.046
1.746	-12.074
1.702	-12.101
1.502	-12.227
1.301	-12.351
1.109	-12.489
0.934	-12.615
0.852	-12.719
0.774	-12.911
0.752	-12.965
0.734	-13.036
0.746	-13.096
0.760	-13.171
0.863	-13.270
0.890	-13.300
0.965	-13.384
1.092	-13.468
1.208	-13.472
1.526	-13.484
1.827	-13.367
2.105	-13.226
2.220	-13.168
2.326	-13.092
2.443	-13.038
2.612	-12.961
2.826	-12.937
2.965	-12.797
3.022	-12.740
3.077	-12.660
3.108	-12.586
3.163	-12.457
3.287	-12.235
3.240	-12.064
3.231	-12.033
3.206	-12.018
3.179	-12.004
3.164	-11.996
2.863	-11.805
2.721	-11.779
2.598	-11.757
2.444	-11.771
2.330	-11.773
POLYLINE BLUE
2.972	-12.017
2.976	-11.987
2.923	-11.980
2.895	-11.968
2.825	-11.937
2.753	-11.911
2.681	-11.889
2.525	-11.841
2.286	-11.861
2.152	-11.965
2.099	-12.005
2.067	-12.052
2.033	-12.110
2.015	-12.141
1.990	-12.189
1.985	-12.229
1.975	-12.302
2.012	-12.373
2.044	-12.434
2.073	-12.491
2.124	-12.560
2.174	-12.601
2.248	-12.661
2.325	-12.715
2.403	-12.770
2.412	-12.776
2.423	-12.779
2.433	-12.781
2.513	-12.798
2.568	-12.800
2.652	-12.794
2.791	-12.785
2.917	-12.686
3.005	-12.585
3.052	-12.531
3.090	-12.470
3.115	-12.403
3.169	-12.262
3.160	-12.143
3.057	-12.030
3.024	-11.993
2.984	-11.959
2.939	-11.938
2.879	-11.910
2.802	-11.881
2.733	-11.886
2.712	-11.887
2.692	-11.892
2.673	-11.901
2.643	-11.916
2.550	-11.991
2.571	-11.998
2.699	-12.038
2.953	-12.149
2.972	-12.017
POLYLINE BLACK
0.965	-13.351
0.983	-13.629
1.002	-13.906
1.020	-14.184
1.028	-14.582
1.014	-14.981
1.043	-15.378
1.074	-15.794
1.161	-15.981
1.289	-16.351
POLYLINE BLACK
1.531	-13.485
1.525	-13.597
1.531	-13.714
1.586	-13.815
1.620	-13.878
1.660	-13.936
1.700	-13.994
1.770	-14.097
1.870	-14.204
1.912	-14.329
1.932	-14.391
1.950	-14.454
1.959	-14.519
2.015	-14.890
2.069	-15.088
2.010	-15.417
1.987	-15.544
1.950	-15.715
1.882	-15.838
1.796	-15.994
1.829	-15.886
1.722	-16.049
1.659	-16.144
1.655	-16.174
1.625	-16.270
POLYLINE BLACK
1.560	-16.271
1.575	-16.253
POLYLINE BLACK
1.568	-16.425
1.564	-16.611
1.555	-16.616
1.600	-16.818
1.607	-16.847
1.623	-16.874
1.635	-16.902
POLYLINE BLACK
1.612	-16.828
1.652	-16.966
POLYLINE BLACK
1.636	-16.993
1.634	-17.061
1.639	-17.154
1.615	-17.224
1.563	-17.375
1.468	-17.488
1.376	-17.623
1.301	-17.735
1.225	-17.846
1.146	-17.955
1.139	-17.965
1.129	-17.974
1.118	-17.982
0.906	-18.152
0.418	-17.930
0.295	-17.907
0.107	-17.871
0.185	-17.928
0.083	-17.876
POLYLINE BLACK
1.242	-16.293
1.230	-16.270
1.220	-16.246
1.206	-16.225
1.154	-16.151
1.054	-16.067
0.962	-16.047
0.947	-16.043
0.931	-16.041
0.916	-16.041
0.817	-16.045
0.718	-16.057
0.619	-16.060
0.505	-16.064
0.391	-16.068
0.277	-16.065
0.253	-16.064
0.229	-16.058
0.206	-16.049
-0.072	-15.933
-0.350	-15.816
-0.624	-15.690
-0.639	-15.683
-0.751	-15.611
-0.778	-15.576
-0.803	-15.543
-0.822	-15.507
-0.844	-15.473
POLYLINE BLACK
1.940	-15.516
1.878	-15.439
1.817	-15.320
1.717	-15.275
1.547	-15.199
1.377	-15.206
1.211	-15.286
1.181	-15.301
1.135	-15.331
1.111	-15.359
1.050	-15.431
1.038	-15.481
1.013	-15.572
POLYLINE BLACK
0.168	-17.798
0.089	-17.702
0.005	-17.582
-0.120	-17.539
-0.478	-17.414
-0.841	-17.302
-1.200	-17.180
-1.305	-17.145
-1.413	-17.114
-1.514	-17.068
-1.608	-17.024
-1.727	-16.934
-1.797	-16.852
-1.877	-16.758
-1.940	-16.649
-2.026	-16.562
-2.036	-16.552
-2.317	-16.308
-2.416	-16.296
-2.531	-16.281
-2.678	-16.412
-2.728	-16.505
-2.843	-16.718
-2.752	-16.607
-2.863	-16.860
-2.902	-16.951
-2.946	-17.039
-2.999	-17.122
-3.249	-17.512
-3.265	-17.427
-3.380	-17.724
POLYLINE BLACK
-0.784	-15.429
-1.448	-15.295
-2.125	-15.445
-2.780	-15.555
POLYLINE BLACK
-2.631	-15.572
-2.892	-15.804
-3.188	-16.300
-3.579	-16.458
-3.665	-16.493
-3.794	-16.492
-3.872	-16.490
-3.950	-16.487
-4.190	-16.470
-4.290	-16.421
-4.463	-16.337
-4.624	-16.229
-4.797	-16.144
-4.887	-16.099
-5.049	-16.080
-5.140	-16.064
POLYLINE BLACK
-0.128	-17.291
-0.050	-17.307
0.028	-17.328
0.107	-17.337
0.286	-17.358
0.483	-17.347
0.638	-17.243
0.878	-17.081
0.826	-16.648
0.603	-16.494
0.191	-16.210
-0.462	-16.140
-0.845	-16.021
-1.218	-15.904
-1.393	-15.790
-1.728	-15.753
-1.969	-15.726
-2.557	-15.873
-2.582	-15.879
-2.767	-15.920
-3.044	-15.999
-3.200	-16.136
-3.275	-16.201
-3.334	-16.315
-3.367	-16.395
-3.511	-16.738
-3.504	-16.711
-3.501	-16.996
POLYLINE BLACK
-3.049	-16.978
-2.967	-16.864
-2.881	-16.755
-2.804	-16.637
-2.720	-16.507
-2.673	-16.350
-2.544	-16.254
-2.481	-16.207
-2.398	-16.194
-2.321	-16.208
-2.089	-16.250
-1.996	-16.290
-1.812	-16.440
-1.655	-16.568
-1.552	-16.709
-1.355	-16.770
-0.844	-16.927
-0.494	-16.972
-0.075	-17.203
0.013	-17.251
0.068	-17.317
0.138	-17.387
POLYLINE BLACK
-3.065	-17.272
-3.116	-17.174
-3.176	-17.041
-3.300	-17.021
-3.367	-17.009
-3.415	-17.022
-3.487	-17.028
POLYLINE BLACK
-3.331	-17.690
-3.554	-17.718
-3.729	-17.876
-3.949	-17.911
-3.992	-17.918
-4.036	-17.922
-4.080	-17.920
-4.362	-17.906
-4.644	-17.874
-4.927	-17.865
-4.963	-17.863
-5.128	-17.887
-5.175	-17.914
-7.690	-19.383
-4.538	-17.639
-6.585	-18.660
-7.641	-19.187
-6.942	-18.927
-7.317	-19.063
POLYLINE BLACK
-5.092	-16.027
-5.280	-15.978
-5.467	-15.929
-5.654	-15.880
-5.687	-15.876
-5.720	-15.869
-5.754	-15.868
-5.909	-15.867
-6.142	-15.952
-6.264	-16.053
-6.393	-16.160
-6.451	-16.366
-6.529	-16.503
-6.560	-16.557
-6.599	-16.607
-6.634	-16.658
POLYLINE BLACK
-7.229	-19.018
-7.309	-19.087
-7.411	-19.184
-7.530	-19.162
-7.582	-19.152
-7.634	-19.117
-7.669	-19.079
-7.873	-18.863
-7.817	-18.860
-7.962	-18.556
-8.025	-18.422
-8.190	-18.229
-8.361	-18.266
-8.374	-18.268
-8.388	-18.271
-8.400	-18.278
-8.516	-18.341
-8.635	-18.401
-8.745	-18.475
-8.892	-18.575
-9.001	-18.684
-9.133	-18.790
POLYLINE BLACK
-3.722	-16.761
-3.732	-16.762
-3.948	-16.806
-4.018	-16.789
-4.722	-16.618
-4.411	-16.612
-5.060	-16.645
-5.100	-16.647
-5.176	-16.674
-5.210	-16.695
-5.391	-16.809
-5.469	-16.951
-5.615	-17.111
-5.756	-17.267
-6.092	-17.329
-6.286	-17.320
-6.649	-17.305
-6.791	-17.262
-7.131	-17.149
-7.232	-17.116
-7.327	-17.068
-7.428	-17.037
-7.551	-17.000
-7.688	-16.974
-7.819	-16.980
-7.969	-16.987
-8.079	-17.044
-8.224	-17.108
-8.271	-17.129
-8.316	-17.154
-8.359	-17.182
-8.451	-17.243
-8.538	-17.312
-8.627	-17.377
POLYLINE BLACK
-8.367	-18.169
-8.320	-18.112
-8.275	-18.052
-8.225	-17.997
-8.069	-17.825
-7.504	-17.883
-7.478	-17.882
-7.441	-17.880
-7.403	-17.883
-7.367	-17.894
-7.135	-17.965
-6.910	-18.063
-6.676	-18.127
-6.506	-18.172
-6.331	-18.194
-6.157	-18.221
-6.129	-18.225
-6.099	-18.224
-6.071	-18.220
-5.952	-18.201
-5.832	-18.188
-5.717	-18.153
-4.775	-17.868
-5.108	-17.942
-4.279	-17.513
-4.241	-17.493
-4.198	-17.481
-4.155	-17.473
-4.008	-17.443
-3.857	-17.438
-3.711	-17.400
-3.683	-17.393
-3.668	-17.360
-3.647	-17.339
POLYLINE BLACK
-6.573	-16.580
-6.798	-16.557
-7.216	-16.569
-7.439	-16.414
-7.924	-16.078
-7.995	-15.897
-8.416	-15.750
-8.522	-15.713
-8.692	-15.667
-8.795	-15.745
-8.879	-15.808
-8.959	-15.962
-8.987	-16.056
-9.083	-16.383
-9.161	-16.715
-9.252	-17.043
-9.270	-17.106
-9.355	-17.141
-9.414	-17.121
-9.453	-17.108
-9.482	-17.071
-9.496	-17.034
-9.521	-16.972
-9.542	-16.909
-9.562	-16.846
-9.577	-16.802
-9.585	-16.756
-9.602	-16.713
-9.647	-16.601
-9.722	-16.501
-9.797	-16.407
-9.942	-16.226
-10.097	-16.053
-10.240	-15.870
-10.363	-15.713
-10.262	-15.765
-10.360	-15.724
POLYLINE BLACK
-9.882	-18.314
-9.938	-18.271
-10.000	-18.235
-10.051	-18.185
-10.122	-18.117
-10.193	-18.046
-10.246	-17.962
-10.593	-17.424
-10.919	-16.872
-11.249	-16.323
-11.265	-16.296
-11.275	-16.237
-11.276	-16.206
-11.276	-16.168
-11.272	-16.130
-11.270	-16.092
POLYLINE BLACK
-9.092	-18.765
-9.168	-18.779
-9.286	-18.771
-9.358	-18.824
-9.501	-18.932
-9.493	-18.879
-9.495	-18.963
POLYLINE BLACK
-9.870	-18.271
-9.835	-18.297
-9.764	-18.325
-9.746	-18.377
-9.734	-18.411
-9.746	-18.445
-9.761	-18.475
-9.857	-18.675
-9.830	-18.580
-9.859	-18.710
POLYLINE BLACK
-9.836	-18.616
-9.875	-18.635
-9.915	-18.650
-9.953	-18.672
-10.169	-18.795
-10.433	-19.298
-10.490	-19.371
-10.886	-19.874
-10.655	-19.519
-10.913	-19.786
-10.956	-19.831
-10.992	-19.882
-11.032	-19.930
POLYLINE BLACK
-9.466	-18.963
-9.498	-18.975
-9.531	-18.985
-9.562	-18.999
-9.604	-19.019
-9.662	-19.075
-9.686	-19.104
-9.820	-19.271
-9.938	-19.451
-10.078	-19.614
-10.181	-19.735
-10.294	-19.847
-10.411	-19.953
-10.485	-20.021
-10.573	-20.073
-10.650	-20.137
-10.678	-20.159
-10.666	-20.161
-10.650	-20.177
POLYLINE BLACK
-11.294	-16.057
-11.366	-15.364
-11.315	-15.509
-11.564	-14.775
-11.586	-14.711
-11.620	-14.651
-11.656	-14.594
-11.819	-14.330
-11.813	-14.349
-11.976	-14.173
POLYLINE BLACK
-10.261	-15.675
-10.252	-15.517
-10.122	-15.161
-10.254	-14.972
-10.307	-14.898
-10.365	-14.828
-10.424	-14.759
-10.577	-14.580
-10.601	-14.598
-10.702	-14.407
-10.768	-14.280
-10.802	-14.081
-10.840	-13.962
-10.866	-13.881
-10.911	-13.833
-10.962	-13.765
POLYLINE BLACK
-10.925	-13.707
-11.044	-13.335
-11.149	-12.957
-11.283	-12.590
-11.382	-12.317
-11.515	-12.057
-11.625	-11.788
-11.633	-11.768
-11.635	-11.746
-11.637	-11.724
-11.643	-11.627
-11.623	-11.556
-11.607	-11.457
POLYLINE BLACK
-11.616	-11.741
-11.639	-11.677
-11.653	-11.609
-11.684	-11.549
-11.918	-11.096
-12.068	-10.933
-12.456	-10.532
-12.528	-10.458
-12.611	-10.395
-12.697	-10.338
-12.846	-10.240
-13.019	-10.178
-13.160	-10.069
-13.436	-9.857
-13.690	-9.616
-13.944	-9.377
-14.003	-9.323
-14.052	-9.259
-14.096	-9.192
-14.163	-9.087
-14.214	-8.972
-14.276	-8.863
-14.292	-8.836
-14.322	-8.809
-14.352	-8.798
-14.380	-8.787
-14.432	-8.789
-14.453	-8.788
POLYLINE BLACK
-15.302	-10.588
-15.256	-10.625
-15.207	-10.659
-15.165	-10.700
-15.133	-10.731
-15.105	-10.766
-15.080	-10.802
-14.864	-11.111
-14.663	-11.430
-14.440	-11.733
-14.325	-11.890
-14.191	-12.032
-14.068	-12.182
-14.013	-12.249
-13.961	-12.316
-13.908	-12.383
POLYLINE BLACK
-13.370	-12.706
-12.975	-12.960
-12.630	-13.143
-12.314	-13.498
-12.139	-13.694
-12.004	-13.922
-11.849	-14.134
POLYLINE BLACK
-10.812	-14.317
-10.980	-13.667
-11.043	-13.189
-11.312	-12.631
-11.581	-12.072
-11.379	-12.610
-11.507	-12.251
POLYLINE BLACK
-13.939	-12.341
-13.918	-12.358
-13.572	-12.615
-13.511	-12.686
-13.474	-12.730
-13.453	-12.785
-13.423	-12.835
POLYLINE BLACK
-11.947	-14.138
-12.031	-14.087
-12.119	-14.041
-12.199	-13.984
-12.216	-13.972
-12.423	-13.775
-12.527	-13.743
-12.675	-13.699
-12.832	-13.683
-12.974	-13.625
-13.043	-13.597
-13.359	-13.435
-13.485	-13.322
-13.608	-13.212
-13.664	-12.928
-13.708	-12.831
-13.750	-12.741
-13.881	-12.604
-13.943	-12.543
-14.088	-12.399
-14.516	-12.340
-14.697	-12.294
-14.826	-12.261
-14.976	-12.030
-15.018	-11.925
-15.266	-11.297
-15.317	-11.489
-15.171	-11.166
POLYLINE BLACK
-11.426	-12.450
-11.635	-12.314
-11.830	-12.154
-12.053	-12.043
-12.470	-11.835
-12.916	-11.690
-13.340	-11.496
-13.406	-11.466
-13.621	-11.331
-13.685	-11.247
-13.809	-11.087
-13.927	-10.921
-14.035	-10.750
-14.200	-10.489
-14.345	-10.216
-14.506	-9.952
-14.519	-9.930
-14.536	-9.911
-14.554	-9.894
-14.669	-9.784
-14.831	-9.735
-14.982	-9.702
-15.146	-9.666
-15.293	-9.696
-15.455	-9.737
-15.466	-9.740
-15.431	-9.736
-15.419	-9.736
POLYLINE BLACK
-16.620	-10.018
-16.528	-10.190
-16.404	-10.353
-16.202	-10.395
-16.179	-10.399
-16.156	-10.401
-16.132	-10.402
-16.020	-10.405
-15.908	-10.398
-15.797	-10.407
-15.559	-10.426
-15.449	-10.507
-15.242	-10.623
POLYLINE BLACK
-15.427	-9.746
-15.513	-9.743
-15.599	-9.744
-15.685	-9.735
-15.822	-9.722
-15.965	-9.639
-16.051	-9.533
-16.141	-9.424
-16.212	-9.256
-16.269	-9.144
POLYLINE BLACK
-14.351	-8.735
-14.608	-8.338
-14.372	-8.727
-14.661	-8.120
-14.667	-8.107
-14.750	-7.960
-14.790	-7.936
-14.952	-7.840
-15.115	-7.747
-15.285	-7.669
-15.376	-7.627
-15.474	-7.603
-15.571	-7.578
-15.640	-7.560
-15.711	-7.554
-15.781	-7.542
-15.790	-7.541
-15.800	-7.543
-15.808	-7.539
-15.815	-7.535
-15.819	-7.526
-15.825	-7.520
POLYLINE BLACK
-15.011	-11.111
-15.058	-11.119
-15.105	-11.129
-15.153	-11.135
-15.284	-11.150
-15.490	-10.977
-15.565	-10.933
-15.643	-10.888
-15.799	-10.868
-15.860	-10.860
-16.038	-10.837
-16.275	-10.957
-16.424	-11.020
-16.456	-11.033
-16.486	-11.052
-16.518	-11.064
-16.646	-11.110
-16.753	-11.095
-16.898	-11.093
-16.972	-11.091
-17.045	-11.086
-17.119	-11.080
-17.130	-11.079
-17.141	-11.074
-17.152	-11.070
-17.208	-11.044
-17.244	-11.016
-17.291	-10.971
-17.473	-10.795
-17.440	-10.494
-17.475	-10.265
-17.496	-10.126
-17.587	-10.000
-17.675	-9.897
-17.803	-9.747
-18.022	-9.713
-18.186	-9.633
-18.239	-9.607
-18.288	-9.571
-18.336	-9.534
-18.530	-9.384
-18.719	-9.227
-18.911	-9.073
POLYLINE BLACK
-18.005	-6.848
-17.601	-6.812
-17.773	-6.849
-17.339	-6.705
-17.280	-6.686
-17.224	-6.660
-17.164	-6.642
-17.056	-6.609
-16.816	-6.580
-16.705	-6.481
-16.633	-6.417
-16.620	-6.312
-16.574	-6.234
-16.541	-6.178
-16.495	-6.131
-16.455	-6.079
POLYLINE BLACK
-15.893	-7.488
-15.916	-7.407
-15.962	-7.313
-15.943	-7.224
-15.941	-7.215
-15.940	-7.207
-15.935	-7.200
-15.856	-7.075
-15.774	-6.952
-15.693	-6.829
-15.672	-6.796
-15.666	-6.798
-15.655	-6.765
-15.639	-6.713
-15.658	-6.661
-15.649	-6.609
-15.573	-6.163
-15.487	-5.718
-15.406	-5.272
POLYLINE BLACK
-18.686	-8.330
-18.600	-8.462
POLYLINE BLACK
-16.714	-6.586
-16.720	-6.572
POLYLINE BLACK
-18.836	-9.018
-18.913	-8.982
-18.973	-8.965
-19.032	-8.910
-19.178	-8.774
-19.232	-8.564
-19.249	-8.374
-19.266	-8.192
-19.260	-8.086
-19.222	-7.912
-19.194	-7.782
-19.016	-7.457
-19.006	-7.439
-18.985	-7.401
-18.961	-7.365
-18.930	-7.335
-18.800	-7.207
-18.566	-7.018
-18.401	-6.940
-18.191	-6.841
-18.079	-6.822
-17.887	-6.779
POLYLINE BLACK
-16.369	-5.189
-16.259	-5.943
-16.308	-5.407
-16.470	-6.800
POLYLINE BLACK
-15.812	-6.927
-15.515	-6.055
-15.672	-6.642
-15.525	-5.391
-15.515	-5.306
-15.495	-5.222
-15.485	-5.138
-15.477	-5.070
-15.492	-5.001
-15.501	-4.935
POLYLINE BLACK
-16.565	-6.138
-16.528	-5.990
-16.479	-5.843
-16.453	-5.693
-16.436	-5.594
-16.468	-5.342
-16.382	-5.217
-16.310	-5.114
-16.171	-5.024
-16.093	-4.952
-16.062	-4.925
-16.036	-4.887
-16.031	-4.845
-16.027	-4.814
-16.034	-4.780
-16.048	-4.752
-16.078	-4.687
-16.150	-4.668
-16.215	-4.655
-16.293	-4.640
-16.372	-4.628
-16.450	-4.612
-16.459	-4.610
-16.471	-4.601
-16.477	-4.595
-16.516	-4.550
-16.483	-4.457
-16.466	-4.417
-16.435	-4.342
-16.407	-4.264
-16.363	-4.197
-16.311	-4.118
-16.044	-3.680
-15.843	-3.514
-15.764	-3.449
-15.663	-3.440
-15.568	-3.421
POLYLINE BLACK
-15.675	-6.685
-15.603	-6.359
-15.603	-6.191
-15.369	-5.978
-15.346	-5.957
-15.321	-5.937
-15.294	-5.921
-15.245	-5.894
-15.194	-5.872
-15.143	-5.850
-15.023	-5.799
-14.895	-5.780
-14.811	-5.676
-14.696	-5.535
-14.664	-5.339
-14.602	-5.175
-14.556	-5.053
-14.422	-4.984
-14.311	-4.936
-14.248	-4.910
-14.182	-4.912
-14.117	-4.928
-13.739	-5.023
-13.791	-5.052
-13.536	-5.052
POLYLINE BLACK
-13.687	-5.029
-13.176	-4.830
-12.643	-4.927
-12.114	-4.953
-12.058	-4.956
-12.002	-4.950
-11.946	-4.949
POLYLINE BLACK
-14.359	-4.811
-12.050	-4.810
-12.843	-4.934
-11.950	-4.785
POLYLINE BLACK
-12.382	-4.899
-12.989	-5.476
-12.743	-5.284
-13.073	-5.532
POLYLINE BLACK
-15.511	-3.458
-14.972	-3.290
-15.283	-3.369
-14.756	-3.272
-14.683	-3.258
-14.508	-3.244
-14.437	-3.175
-14.296	-3.038
-14.244	-2.926
-14.159	-2.752
POLYLINE BLACK
-14.160	-2.832
-14.123	-2.786
-14.090	-2.728
-14.032	-2.705
-13.911	-2.655
-13.666	-2.777
-13.577	-2.847
-13.468	-2.932
-13.382	-3.046
-13.266	-3.122
-12.983	-3.305
-12.682	-3.461
-12.385	-3.621
-12.232	-3.703
-11.844	-3.722
-11.770	-3.745
-11.572	-3.808
-11.387	-3.908
-11.200	-3.999
-11.153	-4.022
-11.110	-4.053
-11.070	-4.087
-10.852	-4.268
-10.630	-4.445
-10.426	-4.642
-10.168	-4.892
-9.933	-5.164
-9.687	-5.425
POLYLINE BLACK
-9.635	-5.406
-9.666	-5.476
-9.696	-5.595
-9.780	-5.632
-9.923	-5.695
-10.060	-5.782
-10.213	-5.814
-10.446	-5.864
-11.289	-6.061
-11.747	-5.972
-12.135	-5.896
-12.143	-5.865
-12.473	-5.760
-12.754	-5.671
-12.872	-5.599
-13.125	-5.606
-13.285	-5.610
-13.519	-5.730
-13.618	-5.781
-13.854	-5.902
-13.987	-6.011
-14.170	-6.194
-14.325	-6.348
-14.475	-6.725
-14.522	-6.834
-14.599	-7.009
-14.592	-7.057
-14.605	-7.223
POLYLINE RED
-19.653	-15.364
-19.142	-14.380
-18.555	-13.431
-18.120	-12.410
-17.847	-11.770
-17.765	-11.063
-17.540	-10.403
-17.303	-9.709
-17.231	-9.545
-16.914	-9.117
POLYLINE RED
-17.068	-9.114
-16.989	-8.992
-16.871	-8.854
-16.822	-8.703
-16.792	-8.612
-16.762	-8.522
-16.740	-8.429
-16.654	-8.073
-16.705	-7.992
-16.484	-7.627
-16.066	-6.935
-15.977	-6.998
-15.462	-6.432
-15.295	-6.249
-15.213	-6.010
-15.111	-5.791
POLYLINE RED
-14.655	-7.096
-14.912	-7.620
-15.169	-8.145
-15.427	-8.669
-15.467	-8.736
-15.512	-8.801
-15.547	-8.871
-15.609	-8.997
-15.661	-9.127
-15.717	-9.255
-15.945	-9.770
-16.199	-10.274
-16.401	-10.800
-16.454	-10.939
-16.491	-11.368
-16.616	-11.579
-17.113	-12.421
-16.626	-11.357
-17.267	-12.896
-17.312	-13.004
-17.302	-13.307
-17.301	-13.333
-17.297	-13.482
-17.290	-13.473
-17.232	-13.569
POLYLINE RED
-17.523	-14.510
-17.355	-14.436
-17.286	-14.468
-17.107	-14.513
POLYLINE RED
-17.223	-13.544
-16.780	-13.804
-16.931	-13.693
-16.744	-13.835
POLYLINE RED
-16.972	-14.624
-16.851	-14.591
-16.782	-14.558
-16.666	-14.559
-16.505	-14.560
-16.182	-14.677
-16.125	-14.692
-16.109	-14.696
-16.092	-14.696
-16.076	-14.700
-16.030	-14.710
-15.985	-14.722
-15.940	-14.733
POLYLINE RED
-16.461	-13.783
-16.460	-13.783
POLYLINE RED
-16.600	-13.784
-15.517	-14.460
-16.538	-13.846
-15.874	-14.205
-15.846	-14.220
-15.821	-14.242
-15.795	-14.260
POLYLINE RED
-17.525	-14.536
-17.630	-14.627
-17.738	-14.714
-17.840	-14.807
-17.866	-14.831
-17.889	-14.858
-17.908	-14.887
-18.026	-15.072
-18.138	-15.260
-18.249	-15.449
-18.257	-15.463
-18.261	-15.479
-18.265	-15.495
-18.281	-15.570
-18.276	-15.652
-18.219	-15.709
-18.087	-15.843
-17.944	-15.965
-17.820	-16.106
-17.784	-16.145
-17.768	-16.199
-17.742	-16.246
POLYLINE RED
-18.925	-15.804
-18.925	-15.804
POLYLINE RED
-18.895	-15.834
-18.904	-15.856
POLYLINE RED
-19.641	-15.287
-19.639	-15.287
POLYLINE RED
-19.454	-15.084
-19.659	-15.686
-19.536	-15.246
-19.656	-16.088
-19.666	-16.156
-19.687	-16.222
-19.697	-16.289
-19.725	-16.491
-19.636	-16.761
-19.493	-16.908
-19.358	-17.048
-18.868	-17.160
-18.736	-17.200
POLYLINE RED
-19.026	-17.177
-18.906	-17.087
-18.757	-16.938
-18.600	-16.926
-18.550	-16.922
-18.492	-16.942
-18.452	-16.970
-18.051	-17.243
-18.114	-17.193
-17.899	-17.378
POLYLINE RED
-17.811	-16.100
-17.802	-16.098
POLYLINE RED
-17.807	-16.152
-17.600	-16.454
-17.712	-16.342
-17.501	-16.514
POLYLINE RED
-17.456	-16.526
-17.068	-16.621
-17.360	-16.541
-16.618	-16.874
POLYLINE RED
-16.732	-16.831
-16.732	-16.831
POLYLINE RED
-16.709	-16.844
-16.188	-17.342
-16.339	-17.131
-15.920	-18.147
-15.756	-18.544
-15.748	-18.628
-15.702	-18.918
POLYLINE RED
-17.771	-16.241
-17.979	-16.450
-18.227	-16.601
-18.317	-16.879
-18.331	-16.922
-18.341	-16.968
-18.352	-17.012
POLYLINE RED
-15.652	-18.870
-15.650	-18.910
-15.645	-18.950
-15.646	-18.991
-15.651	-19.133
-15.844	-19.441
-15.902	-19.510
-17.323	-21.193
-16.378	-19.946
-16.732	-20.416
POLYLINE RED
-15.778	-18.496
-16.128	-18.495
-16.469	-18.577
-16.816	-18.618
POLYLINE RED
-16.972	-18.904
-16.805	-18.975
-16.638	-19.045
-16.472	-19.115
-16.370	-19.167
-16.272	-19.226
-16.167	-19.272
-16.120	-19.293
-16.069	-19.302
-16.019	-19.315
-15.958	-19.330
-15.867	-19.326
-15.814	-19.328
POLYLINE RED
-17.972	-17.442
-17.964	-17.566
-17.997	-17.749
-17.907	-17.862
-17.899	-17.872
-17.891	-17.884
-17.880	-17.891
-17.761	-17.965
-17.630	-18.020
-17.517	-18.103
-17.433	-18.164
-17.359	-18.239
-17.292	-18.318
-17.071	-18.577
-17.040	-18.718
-16.979	-19.053
-16.974	-19.083
-16.975	-19.114
-16.978	-19.144
-16.984	-19.227
-17.018	-19.317
-17.052	-19.389
-17.126	-19.544
-17.206	-19.697
-17.288	-19.848
-17.299	-19.869
-17.315	-19.887
-17.331	-19.904
-17.385	-19.960
-17.456	-19.986
-17.519	-20.030
-17.549	-20.051
-17.578	-20.072
-17.608	-20.093
POLYLINE RED
-16.657	-20.305
-16.841	-20.408
-17.027	-20.509
-17.210	-20.614
-17.232	-20.626
-17.254	-20.645
-17.267	-20.667
-17.278	-20.685
-17.284	-20.704
-17.286	-20.725
-17.294	-20.830
-17.170	-20.872
-17.092	-20.899
-16.963	-20.942
-16.933	-20.922
-16.778	-20.932
-14.930	-21.041
-15.621	-20.928
-14.507	-21.155
POLYLINE RED
-17.585	-20.006
-17.974	-20.364
-17.654	-20.046
-18.052	-20.522
-18.083	-20.559
-18.121	-20.590
-18.155	-20.624
POLYLINE RED
-18.110	-20.975
-18.110	-20.975
POLYLINE RED
-18.110	-20.975
-18.103	-20.942
-18.087	-20.910
-18.088	-20.876
-18.088	-20.857
-18.104	-20.908
-18.111	-20.925
-18.345	-21.507
-18.569	-22.093
-18.810	-22.673
-19.063	-23.281
-18.802	-22.453
-19.011	-23.178
POLYLINE RED
-17.597	-21.317
-17.627	-21.349
-17.660	-21.378
-17.686	-21.412
-17.707	-21.440
-17.727	-21.471
-17.740	-21.504
-17.920	-21.980
-18.076	-22.465
-18.265	-22.938
-18.311	-23.054
-18.391	-23.154
-18.443	-23.268
-18.472	-23.329
-18.491	-23.435
-18.505	-23.506
POLYLINE RED
-18.082	-20.535
-18.095	-20.629
-18.163	-20.779
-18.111	-20.884
-18.098	-20.910
-18.083	-20.935
-18.068	-20.960
POLYLINE RED
-17.562	-21.150
-16.577	-21.740
-17.376	-21.278
-14.487	-21.942
-14.156	-22.018
-14.307	-21.920
-14.108	-21.995
-13.609	-22.182
-13.187	-22.410
-12.647	-22.414
-12.572	-22.414
-12.406	-22.354
-12.382	-22.347
POLYLINE RED
-14.504	-21.054
-14.410	-21.106
-14.312	-21.153
-14.221	-21.212
-14.042	-21.327
-13.920	-21.548
-13.719	-21.625
-13.472	-21.721
-13.216	-21.795
-12.962	-21.872
-12.882	-21.896
-12.789	-21.902
-12.708	-21.875
-12.548	-21.822
-12.416	-21.666
-12.300	-21.559
POLYLINE RED
-12.462	-22.397
-12.439	-22.279
-11.959	-22.143
-11.829	-22.006
-11.544	-21.705
-11.789	-21.910
-11.564	-21.733
POLYLINE RED
-12.287	-21.538
-12.226	-21.483
-12.165	-21.433
-12.141	-21.353
-12.119	-21.275
-12.124	-21.195
-12.123	-21.113
-12.123	-21.072
-12.132	-21.061
-12.119	-21.026
-12.108	-20.997
-12.085	-20.973
-12.058	-20.957
-11.983	-20.913
-11.899	-20.960
-11.835	-21.001
-11.763	-21.047
-11.701	-21.111
-11.624	-21.148
-11.399	-21.258
-11.163	-21.343
-10.933	-21.440
POLYLINE RED
-11.579	-21.697
-11.391	-21.737
-11.258	-21.785
-11.108	-21.877

ELEVATION
STATIONS
0.000	0.000	0
-2.973	-2.126	1
-3.193	-3.274	2
-1.247	-7.803	3
-1.091	-14.937	4
-0.636	-20.686	5
0.636	-34.872	6
1.902	-35.364	7
3.032	-36.072	8
2.924	-43.183	9
1.190	-44.808	10
-0.544	-46.036	11
-0.385	-58.405	12
-2.562	-69.275	13
-0.737	-69.096	14
3.571	-75.848	15
8.245	-85.009	16
8.667	-90.407	17
7.155	-97.227	18
8.402	-100.642	19
8.216	-107.515	20
5.263	-107.936	21
3.043	-115.744	22
2.686	-115.474	23
1.089	-116.243	24
1.394	-119.696	25
0.014	-121.990	26
-3.034	-120.287	27
-3.437	-121.630	28
-5.028	-129.448	29
-8.437	-127.271	30
-9.929	-127.299	31
-11.028	-128.699	32
-12.186	-129.649	33
-13.798	-130.723	34
-15.513	-134.622	35
-16.059	-134.451	36
-18.598	-138.461	37
-15.829	-137.983	38
-16.034	-140.125	39
-14.767	-142.376	40
-12.028	-141.591	41
-12.888	-147.646	42
-14.503	-146.932	43
-17.960	-149.913	44
-19.002	-151.669	45
-17.616	-152.136	46
-16.333	-150.924	47
-17.542	-152.049	48
-14.226	-151.367	49
-12.636	-152.171	50
-11.817	-151.302	51
SHOTS
0.000	0.000	-2.973	-2.126
-2.973	-2.126	-3.138	-0.608
-2.973	-2.126	-3.789	-4.815
-2.973	-2.126	-1.168	-2.299
-2.973	-2.126	-1.396	-2.383
-2.973	-2.126	-3.811	-2.319
-2.973	-2.126	-4.465	-2.675
-2.973	-2.126	-3.073	-2.216
-2.973	-2.126	-2.278	-2.052
-2.973	-2.126	-1.584	-2.604
-2.973	-2.126	-3.193	-3.274
-3.193	-3.274	-2.349	0.194
-3.193	-3.274	-1.190	-1.495
-3.193	-3.274	-0.625	-3.351
-3.193	-3.274	-1.247	-7.803
-1.247	-7.803	-4.450	-8.195
-1.247	-7.803	-3.537	-8.090
-1.247	-7.803	-0.230	-9.632
-1.247	-7.803	-1.091	-14.937
-1.091	-14.937	-0.934	-22.055
-1.091	-14.937	-2.400	-14.556
-1.091	-14.937	-6.582	-12.713
-1.091	-14.937	-7.976	-13.034
-1.091	-14.937	-6.888	-13.190
-1.091	-14.937	-5.877	-12.693
-1.091	-14.937	-3.629	-14.098
-1.091	-14.937	-0.894	-14.674
-1.091	-14.937	0.392	-13.873
-1.091	-14.937	-0.636	-20.686
-0.636	-20.686	-4.280	-22.822
-0.636	-20.686	-6.002	-23.341
-0.636	-20.686	-5.958	-22.595
-0.636	-20.686	-3.693	-21.974
-0.636	-20.686	-2.857	-26.637
-0.636	-20.686	0.636	-34.872
0.636	-34.872	3.605	-34.917
0.636	-34.872	4.352	-34.529
0.636	-34.872	3.961	-34.481
0.636	-34.872	2.919	-33.269
0.636	-34.872	4.060	-31.990
0.636	-34.872	4.065	-31.177
0.636	-34.872	1.394	-33.346
0.636	-34.872	0.181	-32.192
0.636	-34.872	-2.399	-32.178
0.636	-34.872	-2.746	-31.968
0.636	-34.872	-0.613	-33.073
0.636	-34.872	1.902	-35.364
1.902	-35.364	3.032	-36.072
3.032	-36.072	2.818	-36.186
3.032	-36.072	2.854	-36.907
3.032	-36.072	2.790	-36.469
3.032	-36.072	2.924	-43.183
2.924	-43.183	4.372	-39.960
2.924	-43.183	4.139	-37.275
2.924	-43.183	3.004	-40.312
2.924	-43.183	1.834	-40.641
2.924	-43.183	0.886	-39.877
2.924	-43.183	1.781	-41.785
2.924	-43.183	2.158	-41.681
2.924	-43.183	3.771	-40.836
2.924	-43.183	1.190	-44.808
1.190	-44.808	2.690	-41.005
1.190	-44.808	2.296	-43.449
1.190	-44.808	0.949	-43.511
1.190	-44.808	1.038	-46.164
1.190	-44.808	1.269	-44.592
1.190	-44.808	1.277	-44.609
1.190	-44.808	0.947	-44.853
1.190	-44.808	0.136	-44.945
1.190	-44.808	-0.541	-46.025
1.190	-44.808	0.603	-45.145
1.190	-44.808	-0.544	-46.036
-0.544	-46.036	-0.385	-58.405
-0.385	-58.405	-2.280	-53.726
-0.385	-58.405	-5.143	-56.359
-0.385	-58.405	-7.591	-56.835
-0.385	-58.405	-2.208	-58.255
-0.385	-58.405	-0.267	-57.639
-0.385	-58.405	-2.303	-52.869
-0.385	-58.405	-2.104	-53.142
-0.385	-58.405	-6.363	-64.284
-0.385	-58.405	-8.000	-65.158
-0.385	-58.405	-4.178	-62.721
-0.385	-58.405	-11.190	-62.560
-0.385	-58.405	-2.562	-69.275
-2.562	-69.275	-0.689	-69.785
-2.562	-69.275	-1.246	-69.306
-2.562	-69.275	-2.947	-65.854
-2.562	-69.275	-4.719	-65.868
-2.562	-69.275	-3.897	-65.216
-2.562	-69.275	-1.350	-67.237
-2.562	-69.275	-0.204	-69.960
-2.562	-69.275	-0.737	-69.096
-0.737	-69.096	-8.294	-60.717
-0.737	-69.096	0.294	-70.234
-0.737	-69.096	2.064	-70.857
-0.737	-69.096	4.285	-72.007
-0.737	-69.096	1.122	-70.319
-0.737	-69.096	0.764	-70.058
-0.737	-69.096	0.923	-75.590
-0.737	-69.096	3.571	-75.848
3.571	-75.848	-0.573	-74.258
3.571	-75.848	1.638	-73.789
3.571	-75.848	5.284	-74.584
3.571	-75.848	3.362	-75.322
3.571	-75.848	4.748	-83.655
3.571	-75.848	9.341	-80.143
3.571	-75.848	8.201	-84.871
3.571	-75.848	8.245	-85.009
8.245	-85.009	12.921	-94.182
8.245	-85.009	11.028	-77.998
8.245	-85.009	8.944	-78.872
8.245	-85.009	10.835	-83.434
8.245	-85.009	9.162	-84.125
8.245	-85.009	9.084	-78.110
8.245	-85.009	5.888	-81.871
8.245	-85.009	5.041	-82.516
8.245	-85.009	7.554	-85.163
8.245	-85.009	8.657	-85.779
8.245	-85.009	7.629	-85.655
8.245	-85.009	8.667	-90.407
8.667	-90.407	9.501	-90.130
8.667	-90.407	8.269	-89.679
8.667	-90.407	6.059	-89.103
8.667	-90.407	4.377	-93.240
8.667	-90.407	5.000	-92.919
8.667	-90.407	6.163	-92.536
8.667	-90.407	8.686	-89.688
8.667	-90.407	7.155	-97.227
7.155	-97.227	6.453	-96.933
7.155	-97.227	7.101	-96.927
7.155	-97.227	7.934	-97.174
7.155	-97.227	9.943	-96.924
7.155	-97.227	7.954	-96.998
7.155	-97.227	7.061	-97.569
7.155	-97.227	9.035	-98.813
7.155	-97.227	9.087	-98.244
7.155	-97.227	8.402	-100.642
8.402	-100.642	7.813	-100.515
8.402	-100.642	7.730	-100.469
8.402	-100.642	8.301	-100.545
8.402	-100.642	8.856	-100.643
8.402	-100.642	8.043	-101.317
8.402	-100.642	10.051	-103.338
8.402	-100.642	10.208	-103.677
8.402	-100.642	8.216	-107.515
8.216	-107.515	7.987	-108.587
8.216	-107.515	9.007	-106.038
8.216	-107.515	9.338	-105.899
8.216	-107.515	7.343	-104.933
8.216	-107.515	7.064	-107.132
8.216	-107.515	6.130	-108.351
8.216	-107.515	4.498	-110.505
8.216	-107.515	5.515	-108.630
8.216	-107.515	5.263	-107.936
5.263	-107.936	6.704	-108.755
5.263	-107.936	5.739	-108.391
5.263	-107.936	5.549	-107.813
5.263	-107.936	4.971	-108.009
5.263	-107.936	4.536	-108.214
5.263	-107.936	3.043	-115.744
3.043	-115.744	4.004	-116.100
3.043	-115.744	5.600	-116.268
3.043	-115.744	6.264	-116.411
3.043	-115.744	5.086	-116.292
3.043	-115.744	2.927	-115.956
3.043	-115.744	2.716	-116.014
3.043	-115.744	2.686	-115.474
2.686	-115.474	2.611	-115.497
2.686	-115.474	2.184	-115.815
2.686	-115.474	1.814	-115.973
2.686	-115.474	0.992	-116.110
2.686	-115.474	0.704	-116.667
2.686	-115.474	1.334	-116.025
2.686	-115.474	2.058	-115.782
2.686	-115.474	1.089	-116.243
1.089	-116.243	1.997	-116.303
1.089	-116.243	1.394	-119.696
1.394	-119.696	0.978	-117.350
1.394	-119.696	1.864	-118.755
1.394	-119.696	1.961	-119.505
1.394	-119.696	1.143	-119.293
1.394	-119.696	0.913	-119.340
1.394	-119.696	0.269	-117.434
1.394	-119.696	-1.017	-118.879
1.394	-119.696	0.014	-121.990
0.014	-121.990	0.105	-121.629
0.014	-121.990	1.547	-121.997
0.014	-121.990	1.697	-122.211
0.014	-121.990	0.367	-121.960
0.014	-121.990	-1.536	-121.404
0.014	-121.990	-0.947	-119.671
0.014	-121.990	-2.205	-120.412
0.014	-121.990	-3.235	-119.912
0.014	-121.990	-3.032	-120.282
0.014	-121.990	-3.036	-120.283
0.014	-121.990	-2.139	-120.780
0.014	-121.990	-3.034	-120.287
-3.034	-120.287	-3.556	-120.137
-3.034	-120.287	-3.457	-120.101
-3.034	-120.287	-2.803	-120.150
-3.034	-120.287	-3.437	-121.630
-3.437	-121.630	-5.016	-121.918
-3.437	-121.630	-3.836	-121.782
-3.437	-121.630	-5.028	-129.448
-5.028	-129.448	-6.431	-129.929
-5.028	-129.448	-7.625	-130.243
-5.028	-129.448	-8.626	-126.403
-5.028	-129.448	-5.925	-127.622
-5.028	-129.448	-4.194	-128.130
-5.028	-129.448	-2.826	-129.399
-5.028	-129.448	-3.600	-129.257
-5.028	-129.448	-4.716	-130.637
-5.028	-129.448	-7.846	-131.204
-5.028	-129.448	-8.437	-127.271
-8.437	-127.271	-8.840	-128.161
-8.437	-127.271	-6.021	-122.225
-8.437	-127.271	-6.778	-119.815
-8.437	-127.271	-8.789	-125.865
-8.437	-127.271	-6.044	-125.227
-8.437	-127.271	-7.492	-125.142
-8.437	-127.271	-9.495	-126.397
-8.437	-127.271	-8.519	-126.255
-8.437	-127.271	-9.296	-127.228
-8.437	-127.271	-10.957	-126.774
-8.437	-127.271	-10.745	-126.962
-8.437	-127.271	-9.929	-127.299
-9.929	-127.299	-10.664	-127.139
-9.929	-127.299	-11.084	-127.580
-9.929	-127.299	-9.724	-126.523
-9.929	-127.299	-10.227	-126.650
-9.929	-127.299	-11.028	-128.699
-11.028	-128.699	-10.191	-127.709
-11.028	-128.699	-10.732	-127.346
-11.028	-128.699	-11.235	-128.752
-11.028	-128.699	-10.645	-128.662
-11.028	-128.699	-10.819	-129.980
-11.028	-128.699	-11.769	-128.765
-11.028	-128.699	-12.186	-129.649
-12.186	-129.649	-11.891	-128.619
-12.186	-129.649	-11.664	-127.391
-12.186	-129.649	-13.196	-128.766
-12.186	-129.649	-13.946	-129.489
-12.186	-129.649	-12.930	-129.689
-12.186	-129.649	-13.740	-130.434
-12.186	-129.649	-13.798	-130.723
-13.798	-130.723	-14.789	-131.149
-13.798	-130.723	-15.197	-131.714
-13.798	-130.723	-14.396	-131.166
-13.798	-130.723	-15.894	-132.495
-13.798	-130.723	-15.513	-134.622
-15.513	-134.622	-15.603	-135.586
-15.513	-134.622	-15.730	-131.410
-15.513	-134.622	-14.791	-131.823
-15.513	-134.622	-16.756	-132.602
-15.513	-134.622	-16.887	-133.052
-15.513	-134.622	-15.017	-131.585
-15.513	-134.622	-15.710	-134.919
-15.513	-134.622	-16.683	-134.547
-15.513	-134.622	-16.059	-134.451
-16.059	-134.451	-17.396	-133.209
-16.059	-134.451	-17.372	-133.396
-16.059	-134.451	-18.598	-138.461
-18.598	-138.461	-18.918	-139.110
-18.598	-138.461	-18.590	-134.518
-18.598	-138.461	-16.659	-136.719
-18.598	-138.461	-16.316	-136.434
-18.598	-138.461	-15.977	-137.182
-18.598	-138.461	-18.043	-138.057
-18.598	-138.461	-19.173	-138.332
-18.598	-138.461	-18.880	-138.251
-18.598	-138.461	-17.863	-138.150
-18.598	-138.461	-15.930	-137.187
-18.598	-138.461	-16.016	-137.236
-18.598	-138.461	-15.829	-137.983
-15.829	-137.983	-16.421	-137.493
-15.829	-137.983	-16.164	-137.711
-15.829	-137.983	-15.879	-137.994
-15.829	-137.983	-16.016	-137.297
-15.829	-137.983	-16.434	-140.457
-15.829	-137.983	-16.197	-137.991
-15.829	-137.983	-16.034	-140.125
-16.034	-140.125	-15.527	-138.020
-16.034	-140.125	-14.681	-139.350
-16.034	-140.125	-14.301	-139.412
-16.034	-140.125	-14.864	-138.550
-16.034	-140.125	-15.765	-137.985
-16.034	-140.125	-16.068	-142.992
-16.034	-140.125	-16.067	-140.258
-16.034	-140.125	-14.767	-142.376
-14.767	-142.376	-14.363	-139.417
-14.767	-142.376	-14.943	-142.967
-14.767	-142.376	-15.900	-142.814
-14.767	-142.376	-16.575	-142.880
-14.767	-142.376	-15.593	-142.762
-14.767	-142.376	-14.508	-142.148
-14.767	-142.376	-13.569	-140.156
-14.767	-142.376	-13.455	-140.306
-14.767	-142.376	-12.028	-141.591
-12.028	-141.591	-12.015	-140.934
-12.028	-141.591	-10.431	-141.678
-12.028	-141.591	-9.829	-141.875
-12.028	-141.591	-11.887	-141.284
-12.028	-141.591	-11.884	-141.185
-12.028	-141.591	-12.888	-147.646
-12.888	-147.646	-15.453	-148.209
-12.888	-147.646	-14.746	-147.841
-12.888	-147.646	-14.055	-146.942
-12.888	-147.646	-13.434	-145.663
-12.888	-147.646	-11.458	-143.386
-12.888	-147.646	-9.814	-141.914
-12.888	-147.646	-13.982	-148.969
-12.888	-147.646	-14.503	-146.932
-14.503	-146.932	-15.425	-149.466
-14.503	-146.932	-13.946	-149.125
-14.503	-146.932	-16.003	-149.450
-14.503	-146.932	-16.671	-149.382
-14.503	-146.932	-16.797	-149.466
-14.503	-146.932	-14.122	-146.336
-14.503	-146.932	-14.720	-146.782
-14.503	-146.932	-15.474	-147.559
-14.503	-146.932	-15.826	-147.901
-14.503	-146.932	-17.960	-149.913
-17.960	-149.913	-18.121	-150.748
-17.960	-149.913	-17.357	-149.351
-17.960	-149.913	-17.313	-149.359
-17.960	-149.913	-16.646	-148.748
-17.960	-149.913	-16.968	-150.055
-17.960	-149.913	-17.589	-150.362
-17.960	-149.913	-18.027	-150.463
-17.960	-149.913	-18.411	-150.369
-17.960	-149.913	-18.679	-150.557
-17.960	-149.913	-19.593	-151.527
-17.960	-149.913	-19.537	-151.616
-17.960	-149.913	-19.255	-151.653
-17.960	-149.913	-18.246	-151.164
-17.960	-149.913	-18.450	-151.305
-17.960	-149.913	-15.898	-148.123
-17.960	-149.913	-15.862	-148.099
-17.960	-149.913	-19.002	-151.669
-19.002	-151.669	-19.034	-151.305
-19.002	-151.669	-19.409	-151.524
-19.002	-151.669	-18.681	-150.966
-19.002	-151.669	-18.652	-152.206
-19.002	-151.669	-19.593	-151.384
-19.002	-151.669	-19.042	-151.696
-19.002	-151.669	-18.622	-151.886
-19.002	-151.669	-18.480	-152.048
-19.002	-151.669	-17.890	-151.252
-19.002	-151.669	-18.209	-151.389
-19.002	-151.669	-17.616	-152.136
-17.616	-152.136	-17.706	-151.421
-17.616	-152.136	-16.371	-150.553
-17.616	-152.136	-18.426	-152.019
-17.616	-152.136	-17.822	-151.793
-17.616	-152.136	-17.054	-151.180
-17.616	-152.136	-15.925	-150.255
-17.616	-152.136	-17.124	-151.324
-17.616	-152.136	-16.795	-150.946
-17.616	-152.136	-17.519	-151.549
-17.616	-152.136	-16.333	-150.924
-16.333	-150.924	-16.978	-152.368
-16.333	-150.924	-16.362	-150.695
-16.333	-150.924	-17.037	-151.229
-16.333	-150.924	-17.594	-151.893
-16.333	-150.924	-17.555	-152.118
-16.333	-150.924	-16.771	-151.271
-16.333	-150.924	-16.283	-150.299
-16.333	-150.924	-16.306	-151.302
-16.333	-150.924	-15.980	-150.206
-16.333	-150.924	-17.542	-152.049
-17.542	-152.049	-17.034	-151.705
-17.542	-152.049	-15.979	-150.715
-17.542	-152.049	-14.457	-149.171
-17.542	-152.049	-14.014	-148.770
-17.542	-152.049	-15.582	-150.212
-17.542	-152.049	-16.858	-151.475
-17.542	-152.049	-16.569	-151.151
-17.542	-152.049	-16.884	-151.407
-17.542	-152.049	-17.239	-152.130
-17.542	-152.049	-17.709	-152.372
-17.542	-152.049	-17.085	-153.567
-17.542	-152.049	-15.716	-153.816
-17.542	-152.049	-14.249	-154.004
-17.542	-152.049	-14.226	-151.367
-14.226	-151.367	-13.739	-154.815
-14.226	-151.367	-12.820	-149.025
-14.226	-151.367	-12.629	-149.082
-14.226	-151.367	-12.487	-152.749
-14.226	-151.367	-12.636	-152.171
-12.636	-152.171	-11.436	-161.431
-12.636	-152.171	-12.529	-149.093
-12.636	-152.171	-11.817	-151.302
-11.817	-151.302	-12.949	-148.747
-11.817	-151.302	-11.733	-149.613
-11.817	-151.302	-10.846	-150.328
-11.817	-151.302	-8.229	-151.856
-11.817	-151.302	-12.194	-150.790
-11.817	-151.302	-13.411	-148.309
-11.817	-151.302	-12.504	-149.107
-11.817	-151.302	-8.159	-163.402
-11.817	-151.302	-10.109	-164.797

