TRIP
DATE 2026-08-16
DECLINATION 0.0
DATA
0		10.65	10.65	0.474	>
0		11.26	10.66	0.473	>
0		10.96	11.59	0.475	>
0		75.17	5.87	2.110	>
0		75.01	5.88	2.111	>
0		75.21	5.82	2.102	>
0		14.86	58.83	1.399	>
0		14.80	58.63	1.417	>
0		15.07	58.64	1.416	>
0		58.93	17.83	1.788	>
0		58.83	17.80	1.789	>
0		59.06	17.71	1.781	>
0		58.59	17.90	1.788	>
0		58.35	17.95	1.759	>
0		58.88	18.01	1.792	>
0		73.30	6.76	0.950	>
0		75.08	6.03	2.123	>
0		75.09	6.11	2.123	>
0		75.06	6.06	2.126	>
0	1	75.08	6.07	2.124	>
1		15.83	58.73	1.448	>
1		15.58	58.58	1.466	>
1		15.39	58.61	1.464	>
1	2	15.60	58.64	1.459	>
2		60.29	17.61	1.788	>
2		60.38	17.67	1.789	>
2		60.30	17.67	1.787	>
2	3	60.32	17.65	1.788	>
3		102.82	-17.79	1.533	>
3		102.84	-17.83	1.529	>
3		102.86	-17.84	1.533	>
3	4	102.84	-17.82	1.532	>
4		9.83	17.12	0.469	>
4		350.38	42.11	0.268	>
4		209.00	-77.17	0.269	>
4		95.64	-4.30	1.520	>
4		95.79	-4.33	1.524	>
4		95.64	-4.38	1.524	>
4	5	95.69	-4.34	1.523	>
5		29.86	-81.43	0.679	>
5		357.36	-21.98	2.153	>
5		40.47	-14.40	0.923	>
5		216.64	-14.68	1.545	>
5		145.27	-0.01	4.084	>
5		145.20	-0.04	4.091	>
5		145.13	0.01	4.100	>
5	6	145.20	-0.01	4.092	>
6		351.01	5.46	2.305	>
6		317.46	7.37	1.374	>
6		220.46	-83.10	0.716	>
6		260.69	9.85	0.475	>
6		71.99	-10.51	0.736	>
6		60.42	-27.14	1.320	>
6		181.40	23.64	2.376	>
6		105.42	3.80	2.863	>
6		161.19	19.80	3.288	>
6		161.23	19.79	3.273	>
6		161.18	19.83	3.284	>
6	7	161.20	19.80	3.282	>
7		44.15	74.79	8.348	>
7		29.75	68.94	8.195	>
7		24.93	50.19	6.299	>
7		22.95	38.44	6.489	>
7		19.39	10.45	5.104	>
7		23.92	-6.75	3.905	>
7		18.20	-6.28	5.196	>
7		17.36	-23.82	4.539	>
7		64.35	-71.35	1.025	>
7		68.63	1.75	2.367	>
7		75.68	7.72	2.266	>
7		105.92	25.96	1.419	>
7		105.87	25.99	1.423	>
7		105.84	25.90	1.422	>
7	8	105.88	25.95	1.421	>
8		84.06	-68.46	2.063	>
8		59.56	-44.30	1.305	>
8		204.59	54.51	6.836	>
8		213.31	19.06	3.069	>
8		256.64	0.75	1.120	>
8		191.09	10.35	2.211	>
8		138.80	-2.05	4.304	>
8		138.92	-1.98	4.303	>
8		138.94	-1.97	4.302	>
8	9	138.89	-2.00	4.303	>
9		4.17	-33.63	1.666	>
9		19.54	11.94	2.450	>
9		8.29	-3.10	2.610	>
9		51.75	22.96	2.053	>
9		259.58	25.89	1.749	>
9		85.50	15.42	9.335	>
9		85.62	15.47	9.329	>
9		85.62	15.46	9.317	>
9	10	85.58	15.45	9.327	>
10		1.94	75.38	4.057	>
10		322.97	46.02	4.424	>
10		322.57	-16.44	6.176	>
10		333.63	-19.63	4.165	>
10		152.77	11.60	2.203	>
10		164.80	50.32	4.889	>
10		243.35	30.55	9.622	>
10		211.11	29.82	7.570	>
10		217.15	53.76	4.071	>
10		320.39	-42.53	2.079	>
10		143.40	19.59	2.370	>
10		19.35	25.10	8.945	>
10		28.04	38.47	8.818	>
10		36.58	40.23	10.496	>
10		39.70	28.69	9.384	>
10		33.74	46.40	8.475	>
10		39.55	32.64	9.770	>
10		3.56	6.50	8.575	>
10		11.05	11.89	9.755	>
10		9.04	8.76	9.006	>
10		357.01	51.78	11.328	>
10		28.86	32.50	14.591	>
10		28.69	32.44	14.575	>
10		28.66	32.47	14.571	>
10	11	28.73	32.47	14.579	>
11		139.35	85.67	2.537	>
11		291.87	-9.10	7.046	>
11		270.18	6.81	8.200	>
11		253.41	16.03	7.386	>
11		216.41	31.61	9.356	>
11		225.04	9.45	3.653	>
11		205.97	-12.88	6.258	>
11		197.40	-2.82	4.545	>
11		176.28	55.13	5.690	>
11		143.76	62.24	7.014	>
11		144.29	30.89	3.987	>
11		107.91	55.75	3.160	>
11		114.53	23.22	6.001	>
11		114.71	23.23	5.990	>
11		114.70	23.31	5.984	>
11	12	114.65	23.25	5.992	>
12		45.69	81.18	22.981	>
12		25.64	79.01	11.857	>
12		71.59	83.74	8.497	>
12		191.54	53.23	1.265	>
12		344.45	57.76	8.072	>
12		313.95	51.77	5.325	>
12		0.45	14.80	3.820	>
12		356.34	27.10	5.469	>
12		290.84	6.08	3.898	>
12		305.90	11.37	3.597	>
12		357.56	28.95	9.902	>
12		357.46	28.86	9.903	>
12		357.52	28.88	9.911	>
12	13	357.52	28.90	9.905	>
13		217.89	-43.93	3.760	>
13		234.88	-38.67	4.245	>
13		258.32	-38.88	10.659	>
13		76.62	18.57	2.051	>
13		142.77	-23.85	2.005	>
13		170.12	-20.59	2.198	>
13		182.34	-31.07	4.262	>
13		209.49	-34.86	1.400	>
13		327.35	3.81	3.374	>
13		323.31	3.58	7.841	>
13		320.21	-1.07	6.150	>
13		320.32	-1.03	6.132	>
13		320.31	-1.01	6.135	>
13		130.30	84.35	1.034	>
13		166.14	-0.26	3.054	>
13		136.07	7.15	2.657	>
13		185.67	-12.10	1.949	>
13		186.61	-26.67	2.566	>
13		179.85	-31.53	7.047	>
13		92.27	54.10	3.970	>
13		320.16	-1.05	6.124	>
13		320.23	-0.98	6.087	>
13		320.30	-0.99	6.114	>
13		255.62	-39.99	7.154	>
13		255.67	-40.09	7.143	>
13		255.76	-40.07	7.105	>
13		255.81	-40.95	7.220	>
13		255.82	-40.76	7.211	>
13		255.76	-40.87	7.206	>
13	14	320.23	-1.01	6.108	>
14		141.17	75.97	1.120	>
14		107.86	21.67	2.986	>
14		256.17	12.94	2.336	>
14		312.25	14.17	1.480	>
14		25.97	38.05	4.592	>
14		25.91	38.01	4.594	>
14		25.92	38.14	4.603	>
14	15	25.93	38.06	4.596	>
15		139.30	25.53	4.324	>
15		309.98	-17.61	5.131	>
15		125.82	84.55	2.231	>
15		277.82	0.93	1.383	>
15		42.35	56.37	10.473	>
15		42.39	56.39	10.466	>
15		42.35	56.35	10.535	>
15	16	42.36	56.37	10.491	>
16		154.93	-5.78	3.148	>
16		46.89	5.19	0.930	>
16		289.82	-30.60	1.460	>
16		284.51	-25.44	0.569	>
16		135.23	-87.40	1.460	>
16		4.60	36.26	7.147	>
16		4.33	36.29	7.108	>
16		4.30	36.25	7.149	>
16	17	4.41	36.27	7.135	>
17		234.05	13.00	0.890	>
17		164.19	-7.73	6.841	>
17		223.79	88.82	1.958	>
17		63.97	37.63	1.475	>
17		334.01	11.54	5.475	>
17		333.90	11.68	5.449	>
17		334.06	11.71	5.437	>
17	18	333.99	11.64	5.454	>
18		168.74	-76.79	0.721	>
18		82.72	12.25	1.089	>
18		79.01	41.91	2.916	>
18		81.29	70.13	2.582	>
18		151.95	-14.34	5.062	>
18		163.09	-11.85	2.723	>
18		24.43	34.19	2.672	>
18		24.18	33.81	2.658	>
18		24.20	33.98	2.663	>
18	19	24.27	33.99	2.664	>
19		150.81	-83.41	0.910	>
19		243.83	-17.00	1.520	>
19		47.91	-22.92	0.934	>
19		305.20	-13.48	3.029	>
19		306.82	-14.13	3.036	>
19		306.71	-14.06	3.029	>
19	20	306.24	-13.89	3.031	>
20		223.43	25.53	1.791	>
20		350.88	78.18	5.416	>
20		353.96	48.01	2.460	>
20		217.15	4.97	0.831	>
20		44.01	26.78	0.392	>
20		272.87	42.81	1.165	>
20		272.85	43.04	1.167	>
20		272.81	42.59	1.161	>
20	21	272.84	42.81	1.164	>
21		22.09	84.23	0.453	>
21		262.58	-87.61	1.284	>
21		37.79	29.88	2.475	>
21		25.81	66.80	3.498	>
21		340.90	-23.66	3.073	>
21		341.20	-23.57	3.078	>
21		341.15	-23.64	3.078	>
21	22	341.09	-23.62	3.076	>
13	13.1	255.79	-40.86	7.212	>
13.1		313.91	2.79	2.424	>
13.1		336.68	10.88	4.034	>
13.1		321.31	2.75	2.947	>
13.1		329.96	4.75	5.931	>
13.1		289.55	81.39	1.179	>
13.1		334.11	-28.04	1.219	>
13.1		222.70	-43.92	5.447	>
13.1		222.61	-43.85	5.458	>
13.1		222.53	-43.87	5.448	>
13.1	13.2	222.62	-43.88	5.451	>
13.2		193.17	82.23	1.416	>
13.2		306.10	18.85	1.627	>
13.2		245.29	24.06	6.123	>
13.2		244.68	24.37	6.863	>
13.2		183.42	-86.02	2.176	>
13.2		207.68	35.44	1.842	>
13.2		149.30	38.89	0.898	>
13.2		150.69	49.04	2.443	>
13.2		150.74	49.15	1.935	>
13.2		150.68	49.21	1.935	>
13.2		148.56	46.18	3.341	>
13.2		150.72	49.08	1.938	>
13.2		150.63	48.88	1.939	>
13.2		150.78	48.98	1.942	>
13.2	13.3	150.71	48.98	1.940	>
13.3		209.36	-86.28	4.077	>
13.3		52.18	14.21	1.108	>
13.3		257.65	-18.36	1.337	>
13.3		115.41	-63.80	0.664	>
13.3		178.07	25.47	0.256	>
13.3		113.96	-1.62	2.606	>
13.3		113.90	-1.70	2.574	>
13.3	13.4	113.69	-1.66	2.611	>

PLAN
STATIONS
0.000	0.000	0
2.041	0.544	1
2.245	1.275	2
3.725	2.119	3
5.147	1.795	4
6.658	1.644	5
8.993	-1.715	6
9.988	-4.638	7
11.217	-4.988	8
14.045	-8.228	9
23.008	-7.535	10
28.921	3.250	11
33.924	0.954	12
33.548	9.618	13
29.642	14.313	14
31.224	17.567	15
35.140	21.861	16
35.582	27.596	17
33.239	32.397	18
34.147	34.410	19
31.774	36.150	20
30.921	36.192	21
30.007	38.859	22
28.261	8.280	13.1
25.600	5.388	13.2
26.223	4.278	13.3
28.613	3.229	13.4
SHOTS
0.000	0.000	0.186	0.700
0.000	0.000	0.188	0.713
0.000	0.000	0.192	0.712
0.000	0.000	1.452	0.887
0.000	0.000	1.425	0.878
0.000	0.000	1.459	0.881
0.000	0.000	0.904	0.271
0.000	0.000	2.041	0.544
2.041	0.544	2.245	1.275
2.245	1.275	3.725	2.119
3.725	2.119	5.147	1.795
5.147	1.795	5.224	2.237
5.147	1.795	5.114	1.991
5.147	1.795	5.118	1.743
5.147	1.795	6.658	1.644
6.658	1.644	6.708	1.732
6.658	1.644	6.566	3.639
6.658	1.644	7.238	2.325
6.658	1.644	5.766	0.445
6.658	1.644	8.993	-1.715
8.993	-1.715	8.635	0.551
8.993	-1.715	8.072	-0.711
8.993	-1.715	8.937	-1.781
8.993	-1.715	8.531	-1.791
8.993	-1.715	9.681	-1.492
8.993	-1.715	10.015	-1.136
8.993	-1.715	8.940	-3.891
8.993	-1.715	11.747	-2.475
8.993	-1.715	9.988	-4.638
9.988	-4.638	11.514	-3.067
9.988	-4.638	11.449	-2.081
9.988	-4.638	11.688	-0.981
9.988	-4.638	11.970	0.042
9.988	-4.638	11.654	0.096
9.988	-4.638	11.561	-1.093
9.988	-4.638	11.602	0.268
9.988	-4.638	11.227	-0.675
9.988	-4.638	10.284	-4.496
9.988	-4.638	12.191	-3.776
9.988	-4.638	12.164	-4.083
9.988	-4.638	11.217	-4.988
11.217	-4.988	11.971	-4.910
11.217	-4.988	12.023	-4.515
11.217	-4.988	9.566	-8.597
11.217	-4.988	9.625	-7.412
11.217	-4.988	10.128	-5.247
11.217	-4.988	10.799	-7.122
11.217	-4.988	14.045	-8.228
14.045	-8.228	14.146	-6.844
14.045	-8.228	14.847	-5.969
14.045	-8.228	14.421	-5.649
14.045	-8.228	15.529	-7.057
14.045	-8.228	12.497	-8.512
14.045	-8.228	23.008	-7.535
23.008	-7.535	23.043	-6.511
23.008	-7.535	21.158	-5.083
23.008	-7.535	19.408	-2.831
23.008	-7.535	21.266	-4.020
23.008	-7.535	23.995	-9.454
23.008	-7.535	23.826	-10.547
23.008	-7.535	15.602	-11.252
23.008	-7.535	19.615	-13.158
23.008	-7.535	21.555	-9.454
23.008	-7.535	22.031	-6.355
23.008	-7.535	24.339	-9.328
23.008	-7.535	25.692	0.107
23.008	-7.535	26.254	-1.442
23.008	-7.535	27.783	-1.100
23.008	-7.535	28.267	-1.202
23.008	-7.535	26.254	-2.675
23.008	-7.535	28.247	-1.192
23.008	-7.535	23.537	0.968
23.008	-7.535	24.837	1.834
23.008	-7.535	24.407	1.255
23.008	-7.535	22.643	-0.536
23.008	-7.535	28.921	3.250
28.921	3.250	29.046	3.105
28.921	3.250	22.464	5.842
28.921	3.250	20.779	3.275
28.921	3.250	22.118	1.224
28.921	3.250	24.191	-3.162
28.921	3.250	26.371	0.704
28.921	3.250	26.249	-2.234
28.921	3.250	27.564	-1.082
28.921	3.250	29.132	0.005
28.921	3.250	30.852	0.616
28.921	3.250	30.918	0.472
28.921	3.250	30.613	2.703
28.921	3.250	33.924	0.954
33.924	0.954	36.445	3.415
33.924	0.954	34.902	2.992
33.924	0.954	34.803	1.247
33.924	0.954	33.773	0.213
33.924	0.954	32.770	5.104
33.924	0.954	31.552	3.241
33.924	0.954	33.953	4.648
33.924	0.954	33.613	5.813
33.924	0.954	30.302	2.333
33.924	0.954	31.068	3.022
33.924	0.954	33.548	9.618
33.548	9.618	31.885	7.482
33.548	9.618	30.837	7.712
33.548	9.618	25.423	7.938
33.548	9.618	35.440	10.068
33.548	9.618	34.658	8.158
33.548	9.618	33.901	7.591
33.548	9.618	33.399	5.971
33.548	9.618	32.983	8.618
33.548	9.618	31.732	12.453
33.548	9.618	28.872	15.893
33.548	9.618	33.626	9.553
33.548	9.618	34.280	6.653
33.548	9.618	35.378	7.720
33.548	9.618	33.360	7.722
33.548	9.618	33.284	7.341
33.548	9.618	33.564	3.612
33.548	9.618	35.874	9.526
33.548	9.618	29.642	14.313
29.642	14.313	29.812	14.101
29.642	14.313	32.283	13.462
29.642	14.313	27.431	13.769
29.642	14.313	28.580	15.278
29.642	14.313	31.224	17.567
31.224	17.567	33.769	14.609
31.224	17.567	27.477	20.710
31.224	17.567	31.396	17.443
31.224	17.567	29.854	17.755
31.224	17.567	35.140	21.861
35.140	21.861	36.467	19.024
35.140	21.861	35.816	22.494
35.140	21.861	33.957	22.287
35.140	21.861	34.642	21.990
35.140	21.861	35.186	21.814
35.140	21.861	35.582	27.596
35.582	27.596	34.880	27.087
35.582	27.596	37.429	21.074
35.582	27.596	35.554	27.567
35.582	27.596	36.631	28.109
35.582	27.596	33.239	32.397
33.239	32.397	33.271	32.235
33.239	32.397	34.295	32.532
33.239	32.397	35.369	32.810
33.239	32.397	34.107	32.529
33.239	32.397	35.545	28.068
33.239	32.397	34.015	29.847
33.239	32.397	34.147	34.410
34.147	34.410	34.198	34.319
34.147	34.410	32.843	33.769
34.147	34.410	34.786	34.987
34.147	34.410	31.774	36.150
31.774	36.150	30.663	34.977
31.774	36.150	31.598	37.245
31.774	36.150	31.601	37.787
31.774	36.150	31.274	35.490
31.774	36.150	32.017	36.402
31.774	36.150	30.921	36.192
30.921	36.192	30.938	36.235
30.921	36.192	30.868	36.185
30.921	36.192	32.236	37.888
30.921	36.192	31.521	37.433
30.921	36.192	30.007	38.859
33.548	9.618	28.261	8.280
28.261	8.280	26.516	9.959
28.261	8.280	26.692	11.918
28.261	8.280	26.420	10.577
28.261	8.280	25.302	13.397
28.261	8.280	28.094	8.339
28.261	8.280	27.791	9.248
28.261	8.280	25.600	5.388
25.600	5.388	25.557	5.202
25.600	5.388	24.356	6.296
25.600	5.388	20.521	3.051
25.600	5.388	19.949	2.715
25.600	5.388	25.591	5.238
25.600	5.388	24.903	4.059
25.600	5.388	25.957	4.787
25.600	5.388	26.384	3.992
25.600	5.388	26.219	4.284
25.600	5.388	26.219	4.286
25.600	5.388	26.807	3.415
25.600	5.388	26.223	4.278
26.223	4.278	26.093	4.048
26.223	4.278	27.071	4.937
26.223	4.278	24.983	4.007
26.223	4.278	26.488	4.152
26.223	4.278	26.231	4.047
26.223	4.278	28.603	3.220
26.223	4.278	28.575	3.236
26.223	4.278	28.613	3.229
POLYLINE BLACK
5.019	1.682
5.020	1.686
5.022	1.690
5.024	1.693
5.031	1.707
5.061	1.732
5.061	1.732
5.065	1.736
5.070	1.738
5.074	1.741
5.082	1.746
5.092	1.748
5.100	1.750
5.106	1.752
5.109	1.755
5.115	1.755
5.127	1.755
5.139	1.755
5.151	1.755
POLYLINE BLACK
5.168	2.238
5.202	2.229
5.234	2.217
5.268	2.207
POLYLINE BLACK
5.270	2.213
5.290	2.214
5.345	2.211
5.371	2.221
5.412	2.238
5.501	2.278
5.535	2.316
5.640	2.435
5.730	2.566
5.839	2.681
5.983	2.835
6.026	2.802
6.117	2.953
6.174	3.048
6.225	3.147
6.275	3.246
6.292	3.280
6.303	3.318
6.319	3.353
6.323	3.362
6.329	3.372
6.336	3.380
6.386	3.435
6.437	3.488
6.488	3.542
6.497	3.550
6.511	3.557
6.523	3.558
6.554	3.563
6.592	3.550
6.618	3.535
6.838	3.408
6.793	3.441
6.920	3.328
POLYLINE BLACK
6.993	3.275
6.998	3.254
7.002	3.232
7.009	3.212
7.012	3.200
7.017	3.188
7.024	3.179
7.079	3.099
7.142	3.025
7.195	2.943
7.357	2.692
7.133	2.959
7.345	2.689
7.453	2.551
7.567	2.418
7.678	2.282
POLYLINE BLACK
5.035	1.561
5.078	1.543
5.124	1.528
5.166	1.507
5.194	1.493
5.222	1.476
5.246	1.455
5.485	1.252
5.520	1.212
5.704	0.952
5.741	0.899
5.776	0.843
5.805	0.786
5.886	0.626
5.805	0.675
5.898	0.632
POLYLINE BLACK
7.932	2.413
7.939	2.343
7.940	2.273
7.953	2.204
7.961	2.160
7.976	2.117
7.993	2.075
8.056	1.923
8.126	1.774
8.190	1.622
8.242	1.500
8.244	1.454
8.313	1.361
8.379	1.271
8.462	1.243
8.548	1.173
8.680	1.065
8.802	0.946
8.935	0.841
9.057	0.744
9.198	0.685
9.298	0.566
9.326	0.533
9.397	0.435
9.414	0.379
9.510	0.070
9.415	0.265
9.520	0.070
POLYLINE BLACK
5.809	0.325
5.853	0.299
5.901	0.280
5.941	0.248
6.139	0.086
6.320	-0.098
6.520	-0.257
6.563	-0.291
6.617	-0.309
6.668	-0.329
7.016	-0.467
7.161	-0.487
7.440	-0.642
7.504	-0.677
7.561	-0.721
7.624	-0.757
7.697	-0.799
7.775	-0.832
7.846	-0.877
8.081	-1.024
7.913	-0.991
8.143	-1.000
POLYLINE BLACK
8.506	-1.811
8.456	-1.546
8.479	-1.590
8.342	-1.305
8.323	-1.267
8.298	-1.232
8.272	-1.198
8.237	-1.153
8.200	-1.110
8.160	-1.070
8.040	-0.951
8.085	-1.032
8.056	-0.977
POLYLINE BLACK
10.099	-1.158
10.002	-1.099
9.956	-1.075
9.856	-0.982
9.787	-0.919
9.727	-0.848
9.665	-0.779
9.650	-0.762
9.630	-0.722
9.625	-0.701
9.569	-0.481
9.569	-0.245
9.549	-0.023
9.547	0.001
9.544	0.025
9.541	0.049
POLYLINE BLACK
8.880	-3.807
8.814	-3.729
8.761	-3.678
8.723	-3.582
8.700	-3.522
8.640	-3.322
8.633	-3.230
8.629	-3.169
8.630	-3.107
8.633	-3.046
8.634	-3.007
8.645	-2.968
8.646	-2.929
8.648	-2.890
8.648	-2.833
8.636	-2.790
8.633	-2.779
8.625	-2.765
8.618	-2.756
8.532	-2.652
8.446	-2.548
8.357	-2.446
8.347	-2.434
8.336	-2.423
8.322	-2.416
8.287	-2.395
8.249	-2.379
8.212	-2.361
POLYLINE BLACK
8.526	-1.850
8.511	-1.922
8.507	-1.960
8.463	-2.029
8.418	-2.100
8.362	-2.163
8.313	-2.231
8.295	-2.256
8.278	-2.282
8.261	-2.307
POLYLINE BLUE
10.336	-2.506
10.322	-2.498
10.308	-2.490
10.294	-2.483
10.287	-2.479
10.279	-2.475
10.272	-2.475
10.144	-2.470
10.016	-2.468
9.889	-2.468
9.851	-2.468
9.798	-2.483
9.770	-2.510
9.759	-2.521
9.744	-2.541
9.738	-2.555
9.708	-2.630
9.694	-2.664
9.706	-2.741
9.709	-2.761
9.717	-2.828
9.734	-2.861
9.771	-2.934
9.859	-2.922
9.929	-2.942
9.963	-2.951
10.022	-2.992
10.045	-3.009
10.069	-3.028
10.088	-3.051
10.112	-3.069
10.135	-3.087
10.181	-3.111
10.212	-3.112
10.223	-3.113
10.234	-3.114
10.244	-3.111
10.372	-3.072
10.498	-3.026
10.625	-2.984
10.648	-2.977
10.664	-2.976
10.683	-2.966
10.697	-2.958
10.707	-2.944
10.714	-2.930
10.729	-2.905
10.725	-2.875
10.713	-2.849
10.697	-2.817
10.680	-2.778
10.653	-2.751
10.628	-2.724
10.602	-2.706
10.569	-2.689
10.530	-2.669
10.489	-2.652
10.450	-2.633
10.438	-2.628
10.430	-2.615
10.429	-2.602
10.427	-2.582
10.436	-2.560
10.440	-2.543
POLYLINE BLUE
11.177	-3.014
11.158	-3.017
11.138	-3.018
11.119	-3.023
11.109	-3.025
11.098	-3.028
11.088	-3.033
11.001	-3.079
10.914	-3.124
10.829	-3.173
10.803	-3.188
10.779	-3.206
10.757	-3.226
10.735	-3.250
10.713	-3.274
10.692	-3.298
10.676	-3.319
10.664	-3.343
10.644	-3.361
10.588	-3.414
10.526	-3.462
10.464	-3.510
10.464	-3.511
10.407	-3.538
10.402	-3.560
10.399	-3.577
10.424	-3.600
10.434	-3.606
10.532	-3.664
10.632	-3.718
10.729	-3.777
10.747	-3.788
10.761	-3.805
10.779	-3.816
10.808	-3.834
10.856	-3.857
10.893	-3.865
10.906	-3.868
10.918	-3.869
10.931	-3.870
10.941	-3.870
10.951	-3.870
10.961	-3.868
10.997	-3.861
11.045	-3.842
11.076	-3.824
11.109	-3.803
11.147	-3.768
11.172	-3.737
11.180	-3.727
11.188	-3.717
11.192	-3.706
11.230	-3.614
11.263	-3.520
11.299	-3.427
11.322	-3.368
11.372	-3.278
11.368	-3.203
11.367	-3.193
11.366	-3.183
11.363	-3.173
11.361	-3.161
11.356	-3.148
11.349	-3.138
11.318	-3.093
11.247	-3.053
11.217	-3.030
POLYLINE BLUE
9.169	-2.297
9.196	-2.273
9.223	-2.248
9.250	-2.223
9.258	-2.216
9.264	-2.208
9.272	-2.202
9.298	-2.180
9.333	-2.170
9.367	-2.170
9.377	-2.171
9.397	-2.174
9.407	-2.179
9.449	-2.201
9.490	-2.227
9.532	-2.249
9.535	-2.251
9.539	-2.252
9.543	-2.253
9.580	-2.261
9.605	-2.246
9.648	-2.243
9.665	-2.241
9.683	-2.243
9.700	-2.243
POLYLINE BLUE
10.252	-2.250
10.280	-2.222
10.293	-2.203
10.324	-2.185
10.360	-2.163
10.420	-2.157
10.460	-2.173
10.473	-2.179
10.490	-2.193
10.498	-2.202
10.514	-2.219
10.529	-2.238
10.542	-2.257
10.561	-2.284
10.581	-2.339
10.620	-2.353
10.644	-2.361
10.670	-2.365
10.695	-2.356
10.699	-2.354
10.704	-2.351
10.708	-2.349
10.712	-2.347
10.716	-2.344
10.720	-2.342
10.744	-2.332
10.769	-2.323
10.793	-2.314
POLYLINE BLUE
9.357	-3.310
9.373	-3.297
9.387	-3.282
9.404	-3.270
9.424	-3.256
9.446	-3.245
9.468	-3.235
9.507	-3.216
9.549	-3.213
9.590	-3.224
9.607	-3.229
9.632	-3.241
9.645	-3.252
9.667	-3.273
9.735	-3.364
9.792	-3.382
9.881	-3.409
9.946	-3.354
10.020	-3.310
POLYLINE BLUE
8.893	-0.161
8.881	-0.164
8.780	-0.176
8.743	-0.195
8.728	-0.203
8.714	-0.213
8.700	-0.223
8.695	-0.226
8.691	-0.231
8.686	-0.235
8.669	-0.254
8.662	-0.276
8.657	-0.301
8.647	-0.353
8.669	-0.411
8.685	-0.458
8.690	-0.473
8.732	-0.592
8.763	-0.636
8.777	-0.656
8.800	-0.677
8.820	-0.689
8.848	-0.706
8.900	-0.725
8.929	-0.753
8.955	-0.777
8.956	-0.791
8.979	-0.825
8.987	-0.837
9.001	-0.850
9.016	-0.852
9.044	-0.856
9.083	-0.835
9.096	-0.810
9.107	-0.789
9.118	-0.768
9.127	-0.746
9.149	-0.688
9.149	-0.610
9.135	-0.552
9.120	-0.487
9.091	-0.426
9.076	-0.362
9.057	-0.286
9.070	-0.254
9.068	-0.179
9.067	-0.149
9.063	-0.120
9.061	-0.091
POLYLINE BLUE
8.486	0.091
8.507	0.116
8.529	0.141
8.550	0.167
8.553	0.169
8.555	0.171
8.558	0.173
8.582	0.188
8.622	0.179
8.643	0.163
8.660	0.150
8.696	0.106
8.730	0.106
8.735	0.106
8.744	0.107
8.749	0.110
8.761	0.116
8.773	0.122
8.784	0.129
8.807	0.146
8.817	0.162
8.844	0.168
8.884	0.175
8.960	0.164
8.978	0.163
8.993	0.163
9.009	0.167
9.024	0.168
POLYLINE BLACK
9.902	-4.746
9.897	-4.734
9.894	-4.720
9.886	-4.709
9.781	-4.570
9.748	-4.551
9.598	-4.433
9.571	-4.412
9.540	-4.397
9.514	-4.376
9.492	-4.357
9.472	-4.335
9.453	-4.313
9.398	-4.252
9.349	-4.186
9.291	-4.128
9.246	-4.084
9.192	-4.051
9.146	-4.009
9.019	-3.892
9.030	-3.904
8.970	-3.824
POLYLINE BLACK
10.106	-1.270
10.126	-1.301
10.149	-1.330
10.167	-1.362
10.192	-1.407
10.206	-1.459
10.235	-1.503
10.304	-1.610
10.347	-1.629
10.427	-1.715
10.448	-1.737
10.451	-1.754
10.468	-1.779
10.492	-1.814
10.542	-1.844
10.585	-1.845
10.636	-1.846
10.698	-1.802
10.729	-1.781
10.861	-1.693
10.965	-1.598
11.037	-1.455
11.076	-1.379
11.100	-1.316
11.113	-1.238
11.115	-1.224
11.115	-1.210
11.118	-1.196
11.121	-1.184
11.124	-1.173
11.129	-1.161
11.155	-1.095
11.186	-1.030
11.208	-0.962
11.234	-0.888
11.241	-0.808
11.273	-0.736
11.425	-0.387
11.465	-0.337
11.625	-0.086
POLYLINE BLACK
11.766	-0.268
11.768	-0.297
11.775	-0.327
11.772	-0.357
11.764	-0.466
11.747	-0.542
11.704	-0.639
11.685	-0.680
11.619	-0.778
11.607	-0.847
11.602	-0.884
11.596	-0.921
11.595	-0.957
11.592	-1.134
11.616	-1.148
11.589	-1.280
11.575	-1.348
11.532	-1.401
11.505	-1.465
11.495	-1.490
11.489	-1.516
11.484	-1.542
11.468	-1.626
11.483	-1.678
11.494	-1.770
11.496	-1.791
11.502	-1.812
11.502	-1.833
11.504	-1.907
11.502	-1.981
11.500	-2.055
11.500	-2.060
11.485	-2.216
11.500	-2.271
11.516	-2.330
11.556	-2.400
11.580	-2.449
POLYLINE BLACK
11.761	-2.536
11.845	-2.735
11.931	-2.933
12.012	-3.133
12.029	-3.175
12.037	-3.221
12.054	-3.263
12.062	-3.284
12.073	-3.304
12.084	-3.323
12.131	-3.401
12.182	-3.477
12.228	-3.556
12.251	-3.595
12.242	-3.592
12.253	-3.625
12.263	-3.652
12.273	-3.679
12.283	-3.706
POLYLINE BLACK
11.848	-0.454
11.817	-0.340
11.826	-0.359
11.745	-0.210
11.733	-0.189
11.716	-0.173
11.702	-0.154
POLYLINE BLACK
11.770	-0.227
11.738	-0.228
11.695	-0.223
11.665	-0.243
11.615	-0.275
11.611	-0.286
11.566	-0.331
POLYLINE BLACK
11.621	-0.145
11.659	-0.177
11.701	-0.207
11.737	-0.242
11.771	-0.275
11.811	-0.333
11.831	-0.378
11.843	-0.405
11.851	-0.434
11.861	-0.463
POLYLINE BLACK
12.302	-3.684
12.302	-3.693
12.303	-3.701
12.303	-3.710
12.302	-3.718
12.301	-3.726
12.299	-3.734
12.291	-3.767
12.278	-3.798
12.273	-3.831
12.227	-4.155
12.298	-3.898
12.216	-4.256
12.189	-4.374
12.152	-4.488
12.124	-4.605
12.116	-4.639
12.104	-4.702
12.107	-4.746
12.108	-4.752
12.110	-4.790
12.117	-4.804
12.121	-4.810
12.136	-4.842
12.148	-4.853
12.192	-4.894
12.167	-4.864
12.192	-4.895
POLYLINE BLACK
9.871	-4.776
9.880	-4.777
9.890	-4.778
9.900	-4.780
9.929	-4.787
9.965	-4.821
9.979	-4.833
10.072	-4.913
10.089	-4.984
10.138	-5.112
10.143	-5.127
10.159	-5.193
10.156	-5.219
10.153	-5.248
10.146	-5.276
10.141	-5.305
POLYLINE BLACK
9.647	-7.490
9.743	-7.168
9.754	-7.100
9.887	-6.785
9.946	-6.647
10.024	-6.517
10.075	-6.375
10.154	-6.157
10.230	-5.943
10.243	-5.714
10.247	-5.647
10.259	-5.507
10.243	-5.419
10.231	-5.357
10.213	-5.343
10.186	-5.278
10.180	-5.265
10.177	-5.251
10.173	-5.237
POLYLINE BLACK
9.534	-8.657
9.531	-8.551
9.529	-8.446
9.526	-8.341
9.527	-8.306
9.534	-8.271
9.531	-8.236
9.524	-8.155
9.504	-8.077
9.495	-7.997
9.492	-7.968
9.492	-7.939
9.495	-7.911
9.502	-7.855
9.509	-7.799
9.525	-7.745
9.563	-7.620
9.583	-7.585
9.629	-7.498
POLYLINE BLACK
10.771	-7.193
10.769	-7.195
POLYLINE BLACK
10.731	-7.239
10.708	-7.269
10.685	-7.299
10.663	-7.330
10.515	-7.549
10.372	-7.771
10.223	-7.989
10.190	-8.038
10.148	-8.081
10.117	-8.131
10.085	-8.186
10.066	-8.247
10.035	-8.303
9.985	-8.393
9.928	-8.471
9.853	-8.542
9.822	-8.572
9.756	-8.631
9.703	-8.651
9.670	-8.664
9.637	-8.674
9.603	-8.685
9.597	-8.687
9.583	-8.688
9.576	-8.686
9.564	-8.684
9.552	-8.681
9.540	-8.678
POLYLINE BLACK
9.886	-6.925
9.899	-6.934
9.915	-6.941
9.927	-6.951
10.005	-7.018
10.073	-7.101
10.160	-7.156
10.217	-7.192
10.278	-7.222
10.340	-7.249
10.434	-7.289
10.512	-7.291
10.616	-7.301
10.638	-7.303
10.661	-7.303
10.683	-7.304
10.698	-7.305
10.707	-7.307
10.721	-7.304
10.730	-7.302
10.740	-7.298
10.750	-7.295
POLYLINE BLACK
10.725	-5.208
10.891	-5.304
11.100	-5.484
11.317	-5.505
11.354	-5.509
11.443	-5.516
11.496	-5.503
11.568	-5.485
11.673	-5.388
11.696	-5.369
11.760	-5.318
11.820	-5.261
11.880	-5.205
11.888	-5.198
11.893	-5.189
11.899	-5.180
11.937	-5.116
11.929	-5.058
11.902	-4.990
11.896	-4.975
11.889	-4.960
11.879	-4.947
11.853	-4.909
11.785	-4.832
11.737	-4.816
11.625	-4.778
11.508	-4.754
11.397	-4.713
11.335	-4.691
11.280	-4.654
11.219	-4.629
11.155	-4.603
11.080	-4.591
11.011	-4.591
10.906	-4.591
10.741	-4.608
10.681	-4.714
10.632	-4.803
10.673	-4.903
10.715	-4.985
10.716	-4.987
10.791	-5.139
10.838	-5.179
10.860	-5.199
10.885	-5.215
10.909	-5.233
POLYLINE BLACK
10.865	-5.866
10.840	-5.888
10.780	-5.934
10.758	-5.973
10.732	-6.018
10.715	-6.065
10.706	-6.116
10.701	-6.142
10.693	-6.187
10.705	-6.216
10.720	-6.253
10.771	-6.271
10.808	-6.273
10.878	-6.275
10.958	-6.290
11.019	-6.245
11.087	-6.194
11.070	-6.094
11.053	-6.024
11.048	-6.006
11.046	-5.986
11.035	-5.971
11.012	-5.942
10.980	-5.922
10.953	-5.897
POLYLINE BLACK
12.035	-5.739
12.011	-5.753
11.936	-5.790
11.910	-5.822
11.859	-5.885
11.801	-5.942
11.818	-6.025
11.821	-6.041
11.829	-6.056
11.841	-6.067
11.873	-6.096
11.942	-6.105
11.973	-6.109
12.051	-6.120
12.129	-6.126
12.207	-6.132
12.215	-6.133
12.224	-6.132
12.232	-6.130
12.282	-6.120
12.328	-6.081
12.363	-6.047
12.404	-6.007
12.444	-5.949
12.451	-5.889
12.457	-5.832
12.385	-5.793
12.337	-5.788
12.293	-5.784
12.261	-5.789
12.218	-5.799
12.204	-5.802
12.191	-5.805
12.179	-5.811
12.141	-5.830
12.104	-5.852
12.067	-5.872
POLYLINE BLACK
10.605	-7.416
10.648	-7.424
10.691	-7.434
10.734	-7.439
10.809	-7.446
10.885	-7.444
10.961	-7.451
10.983	-7.453
11.005	-7.458
11.025	-7.465
11.216	-7.538
11.411	-7.604
11.596	-7.692
11.734	-7.757
11.910	-7.916
12.015	-8.020
12.036	-8.041
12.052	-8.066
12.069	-8.090
12.109	-8.147
12.153	-8.202
12.185	-8.264
12.315	-8.514
12.182	-8.379
12.307	-8.492
POLYLINE BLACK
12.415	-8.732
12.555	-8.911
12.537	-8.903
12.763	-9.087
12.810	-9.125
12.863	-9.155
12.914	-9.186
13.027	-9.255
13.137	-9.331
13.257	-9.389
13.468	-9.489
13.693	-9.557
13.903	-9.659
14.006	-9.709
14.101	-9.774
14.192	-9.843
14.281	-9.910
14.355	-9.995
14.440	-10.067
14.460	-10.084
14.480	-10.102
14.505	-10.110
14.539	-10.120
14.575	-10.115
14.610	-10.118
POLYLINE BLACK
13.927	-8.530
13.884	-8.504
13.833	-8.463
13.778	-8.472
13.742	-8.477
13.693	-8.485
13.662	-8.509
13.641	-8.525
13.628	-8.547
13.619	-8.571
13.601	-8.617
13.612	-8.661
13.642	-8.699
13.653	-8.714
13.665	-8.731
13.680	-8.742
13.822	-8.840
13.964	-8.941
14.114	-9.027
14.180	-9.065
14.253	-9.090
14.325	-9.113
14.368	-9.126
14.495	-9.170
14.561	-9.137
14.568	-9.133
14.575	-9.130
14.580	-9.125
14.598	-9.104
14.613	-9.080
14.629	-9.058
POLYLINE BLACK
13.706	-8.593
13.718	-8.572
13.730	-8.551
13.744	-8.531
13.775	-8.489
13.831	-8.457
13.871	-8.433
13.884	-8.425
13.899	-8.419
13.914	-8.415
13.953	-8.403
14.001	-8.396
14.042	-8.400
14.293	-8.420
14.234	-8.407
14.389	-8.454
POLYLINE BLACK
12.377	-5.049
12.571	-5.135
12.757	-5.241
12.959	-5.307
13.641	-5.530
13.972	-5.476
14.460	-5.780
14.581	-5.855
14.629	-5.919
14.719	-6.025
14.753	-6.065
14.783	-6.109
14.819	-6.147
14.835	-6.165
14.854	-6.180
14.874	-6.194
14.951	-6.249
15.031	-6.300
15.110	-6.353
POLYLINE BLACK
15.167	-6.467
15.177	-6.493
15.183	-6.521
15.196	-6.545
15.340	-6.808
15.340	-6.711
15.547	-7.048
15.787	-7.437
15.592	-7.163
15.675	-7.353
15.693	-7.394
15.716	-7.433
15.737	-7.473
POLYLINE BLACK
14.319	-8.504
14.584	-8.708
14.298	-8.482
14.589	-8.734
14.631	-8.770
14.677	-8.801
14.718	-8.837
14.761	-8.875
14.798	-8.934
14.802	-8.993
14.807	-9.086
14.756	-9.141
14.705	-9.213
POLYLINE BLACK
21.376	-4.008
21.293	-4.022
21.215	-4.056
21.151	-4.111
21.086	-4.167
20.976	-4.298
21.016	-4.395
21.051	-4.482
21.164	-4.533
21.253	-4.520
21.317	-4.510
21.393	-4.480
21.446	-4.449
21.520	-4.406
21.631	-4.343
21.660	-4.249
21.694	-4.142
21.702	-3.988
21.584	-3.929
21.552	-3.914
21.515	-3.901
21.480	-3.911
21.400	-3.934
21.353	-4.030
21.317	-4.097
POLYLINE BLACK
18.683	-8.943
18.511	-9.326
POLYLINE BLACK
15.690	-7.004
15.717	-7.006
15.743	-7.011
15.770	-7.011
15.827	-7.010
15.922	-6.988
15.966	-6.966
16.198	-6.851
16.430	-6.735
16.651	-6.600
16.772	-6.526
16.887	-6.440
16.989	-6.341
17.146	-6.189
17.277	-6.012
17.426	-5.852
17.459	-5.818
17.537	-5.766
17.588	-5.756
17.668	-5.741
17.718	-5.746
17.787	-5.714
17.837	-5.692
17.905	-5.647
17.939	-5.606
18.029	-5.499
18.284	-5.226
18.356	-5.022
18.709	-4.021
18.423	-4.769
18.645	-4.108
18.684	-3.991
18.731	-3.877
18.770	-3.760
18.826	-3.594
18.871	-3.423
18.930	-3.257
18.946	-3.209
18.971	-3.164
18.994	-3.119
19.000	-3.108
19.007	-3.097
19.016	-3.088
19.055	-3.046
19.110	-2.991
19.165	-2.965
19.328	-2.887
19.481	-2.870
19.666	-2.839
19.694	-2.835
19.721	-2.839
19.749	-2.839
POLYLINE BLACK
14.515	-10.461
14.627	-10.486
14.742	-10.501
14.852	-10.537
15.184	-10.643
15.889	-11.156
15.961	-11.216
16.217	-11.427
16.407	-11.707
16.650	-11.933
16.933	-12.196
17.421	-12.681
17.864	-12.900
18.232	-13.082
18.593	-12.964
18.982	-12.941
19.174	-12.930
19.372	-13.053
19.542	-13.086
19.634	-13.104
19.729	-13.088
19.823	-13.089
POLYLINE BLACK
19.754	-13.625
20.354	-13.187
20.954	-12.748
21.554	-12.309
21.669	-12.216
21.775	-12.112
21.897	-12.030
22.347	-11.730
22.824	-11.472
23.269	-11.166
23.590	-10.946
23.955	-10.687
24.204	-10.365
24.240	-10.319
24.266	-10.266
24.296	-10.215
24.387	-10.063
24.483	-9.915
24.564	-9.758
24.642	-9.608
24.696	-9.448
24.772	-9.297
24.795	-9.250
24.817	-9.198
24.859	-9.166
24.940	-9.105
25.040	-9.073
25.131	-9.026
POLYLINE BLUE
23.142	-6.640
22.295	-7.141
22.893	-6.763
21.357	-8.185
21.325	-8.214
21.288	-8.286
21.274	-8.324
21.244	-8.402
21.229	-8.487
21.245	-8.570
21.271	-8.704
21.362	-8.821
21.452	-8.917
21.495	-8.963
21.581	-9.038
21.645	-9.066
21.694	-9.088
21.745	-9.105
21.797	-9.117
22.082	-9.184
22.267	-9.149
22.556	-9.028
22.751	-8.947
23.124	-8.739
23.294	-8.568
23.455	-8.407
23.599	-8.231
23.742	-8.054
23.790	-7.994
23.829	-7.928
23.865	-7.860
23.952	-7.691
24.038	-7.522
24.125	-7.353
24.166	-7.248
24.197	-7.138
24.248	-7.038
24.324	-6.912
24.401	-6.786
24.478	-6.660
24.500	-6.625
24.524	-6.591
24.543	-6.555
24.572	-6.499
24.616	-6.383
24.579	-6.319
24.534	-6.241
24.397	-6.240
24.327	-6.241
24.222	-6.243
24.084	-6.263
23.987	-6.306
23.705	-6.431
23.439	-6.591
23.245	-6.835
23.205	-6.885
23.168	-6.939
23.140	-6.996
23.093	-7.093
23.061	-7.197
23.021	-7.297
POLYLINE BLUE
21.534	-5.240
21.488	-5.277
21.444	-5.318
21.395	-5.352
21.268	-5.441
21.101	-5.456
20.952	-5.465
20.839	-5.471
20.658	-5.452
20.529	-5.493
20.331	-5.558
20.185	-5.760
20.087	-5.930
20.014	-6.056
19.962	-6.217
20.095	-6.325
20.215	-6.423
20.457	-6.340
20.564	-6.303
20.732	-6.246
20.903	-6.192
21.057	-6.105
21.477	-5.870
21.875	-5.597
22.283	-5.341
22.324	-5.315
22.330	-5.269
22.284	-5.246
22.176	-5.193
22.059	-5.190
21.959	-5.264
21.819	-5.368
21.734	-5.538
21.638	-5.672
POLYLINE BLUE
23.194	-1.938
23.143	-1.960
23.090	-1.977
23.041	-2.004
22.879	-2.094
22.721	-2.279
22.626	-2.438
22.490	-2.668
22.556	-3.012
22.576	-3.238
22.591	-3.405
22.618	-3.602
22.720	-3.746
22.816	-3.880
22.989	-3.904
23.126	-3.816
23.209	-3.763
23.284	-3.670
23.335	-3.596
23.379	-3.534
23.785	-3.052
23.803	-2.782
23.811	-2.664
23.816	-2.527
23.788	-2.408
23.771	-2.335
23.737	-2.248
23.681	-2.194
23.598	-2.115
23.444	-2.123
23.352	-2.181
23.209	-2.273
23.141	-2.484
23.073	-2.612
POLYLINE BLUE
19.442	-4.479
19.408	-4.837
19.377	-5.196
19.338	-5.554
19.327	-5.661
19.300	-5.690
19.310	-5.779
19.326	-5.939
19.460	-6.070
19.609	-6.119
19.684	-6.143
19.760	-6.164
19.837	-6.181
19.922	-6.201
20.008	-6.197
20.083	-6.149
20.245	-6.046
20.361	-5.808
20.397	-5.629
20.465	-5.296
20.469	-5.027
20.467	-4.693
20.467	-4.633
20.414	-4.572
20.369	-4.539
20.322	-4.505
20.275	-4.479
20.218	-4.462
20.035	-4.409
19.826	-4.496
19.701	-4.633
19.575	-4.771
19.577	-4.971
19.551	-5.147
19.539	-5.223
19.536	-5.301
19.529	-5.378
POLYLINE BLUE
17.990	-7.799
17.717	-7.941
17.439	-8.073
17.171	-8.224
17.004	-8.319
16.844	-8.468
16.748	-8.637
16.637	-8.833
16.666	-9.060
16.830	-9.214
17.002	-9.374
17.250	-9.432
17.465	-9.496
17.610	-9.539
17.858	-9.440
17.956	-9.395
18.206	-9.279
18.865	-9.013
19.120	-8.700
19.274	-8.513
19.301	-8.107
19.345	-7.937
19.353	-7.905
19.429	-7.778
19.414	-7.705
19.399	-7.631
19.291	-7.616
19.235	-7.609
19.000	-7.580
18.796	-7.657
18.598	-7.779
18.459	-7.864
18.381	-7.999
18.284	-8.127
POLYLINE BLUE
24.439	-3.874
25.165	-4.532
24.823	-4.241
25.459	-4.756
POLYLINE BLUE
24.664	-3.805
24.199	-4.690
24.638	-3.891
23.130	-5.738
23.127	-5.742
23.132	-5.753
23.138	-5.753
23.156	-5.752
23.172	-5.743
23.188	-5.735
23.621	-5.520
24.057	-5.311
24.485	-5.085
24.617	-5.015
24.734	-4.920
24.865	-4.849
25.080	-4.732
25.354	-4.702
25.580	-4.652
POLYLINE BLUE
28.309	-1.529
28.258	-2.172
28.232	-2.034
28.341	-2.706
28.359	-2.811
28.387	-2.914
28.417	-3.016
28.517	-3.349
28.531	-3.250
28.561	-3.519
28.564	-3.544
28.565	-3.569
28.559	-3.593
28.454	-4.004
28.350	-4.417
28.228	-4.824
28.091	-5.281
27.669	-5.831
27.452	-6.140
27.296	-6.362
27.125	-6.572
26.951	-6.779
26.629	-7.162
26.287	-7.528
25.964	-7.910
25.928	-7.952
25.903	-8.002
25.877	-8.050
25.782	-8.231
25.716	-8.430
25.580	-8.587
25.082	-9.165
25.124	-8.852
25.110	-9.227
POLYLINE BLACK
19.657	-2.926
20.143	-2.573
19.384	-3.115
20.805	-2.268
20.903	-2.209
20.995	-2.141
21.077	-2.062
21.740	-1.432
22.406	-0.803
23.037	-0.141
23.434	0.274
23.457	0.346
23.634	0.698
POLYLINE BLACK
23.660	0.610
23.797	0.982
23.777	1.007
23.978	1.308
24.009	1.354
24.044	1.397
24.085	1.435
24.207	1.550
24.384	1.644
24.516	1.736
24.575	1.776
24.633	1.882
24.668	1.936
POLYLINE BLACK
25.216	1.273
25.223	1.010
25.228	0.710
25.388	0.488
25.485	0.353
25.658	0.232
25.777	0.141
25.803	0.122
25.852	0.088
25.889	0.106
25.900	0.111
25.918	0.123
25.924	0.133
25.978	0.226
26.031	0.319
26.080	0.414
26.097	0.446
26.120	0.508
26.122	0.549
26.123	0.584
26.119	0.619
26.117	0.654
POLYLINE BLACK
23.766	0.486
23.790	0.429
23.807	0.369
23.836	0.315
23.906	0.182
23.994	0.090
24.106	-0.010
24.175	-0.072
24.277	-0.136
24.371	-0.153
24.500	-0.176
24.608	-0.145
24.734	-0.105
24.768	-0.094
24.801	-0.079
24.833	-0.062
24.887	-0.032
24.935	0.003
24.975	0.049
25.053	0.138
25.004	0.104
25.080	0.164
25.123	0.199
25.184	0.205
25.234	0.221
POLYLINE BLACK
26.550	-0.122
26.564	-0.154
26.579	-0.185
26.591	-0.217
26.633	-0.335
26.522	-0.622
26.516	-0.640
26.478	-0.723
26.441	-0.807
26.403	-0.891
26.403	-0.894
26.402	-0.897
26.403	-0.899
26.406	-0.905
26.416	-0.902
26.419	-0.900
26.431	-0.895
26.443	-0.888
26.455	-0.881
26.601	-0.794
26.747	-0.710
26.890	-0.619
26.940	-0.587
26.986	-0.548
27.034	-0.513
27.047	-0.503
27.063	-0.495
27.066	-0.477
27.073	-0.438
27.009	-0.395
26.985	-0.382
26.666	-0.209
26.897	-0.348
26.764	-0.267
POLYLINE BLACK
27.512	-0.778
27.558	-0.816
27.607	-0.852
27.652	-0.892
27.739	-0.969
27.825	-1.048
27.909	-1.129
27.925	-1.144
27.954	-1.174
27.958	-1.202
27.961	-1.221
27.952	-1.245
27.938	-1.259
27.876	-1.321
27.881	-1.314
27.819	-1.354
27.715	-1.421
27.607	-1.483
27.506	-1.555
27.420	-1.616
27.341	-1.687
27.257	-1.752
27.250	-1.757
27.237	-1.760
27.228	-1.757
27.214	-1.752
27.206	-1.736
27.201	-1.723
27.180	-1.661
27.198	-1.574
27.219	-1.521
27.296	-1.318
27.389	-1.122
27.474	-0.923
POLYLINE BLACK
28.816	1.755
28.816	1.755
POLYLINE BLACK
28.771	1.747
28.649	1.494
28.527	1.240
28.406	0.987
28.406	0.983
28.405	0.980
28.405	0.976
28.407	0.957
28.440	0.965
28.449	0.968
28.477	0.977
28.507	0.984
28.532	0.998
28.707	1.099
28.879	1.206
29.050	1.312
29.071	1.325
29.088	1.351
29.091	1.375
29.105	1.474
28.985	1.581
28.938	1.644
28.929	1.657
28.923	1.672
28.916	1.686
POLYLINE BLACK
22.254	1.643
22.013	1.665
21.751	1.680
21.539	1.813
21.155	2.053
20.986	2.396
20.742	2.797
20.689	2.883
20.652	2.979
20.616	3.073
20.535	3.288
20.530	3.522
20.611	3.738
20.625	3.777
20.641	3.816
20.665	3.850
20.906	4.195
21.131	4.554
21.405	4.875
21.620	5.129
21.866	5.358
22.126	5.565
22.389	5.774
22.698	5.882
23.002	6.006
POLYLINE BLACK
28.354	-1.508
28.472	-1.288
28.583	-1.064
28.709	-0.848
28.735	-0.803
28.769	-0.763
28.807	-0.728
28.901	-0.642
29.001	-0.564
29.102	-0.486
29.119	-0.473
29.139	-0.463
29.159	-0.454
30.896	0.329
30.280	-0.034
30.953	0.372
POLYLINE BLACK
35.341	1.384
35.266	1.229
35.209	1.145
35.186	0.978
35.161	0.788
35.158	0.596
35.133	0.406
35.126	0.350
35.105	0.297
35.090	0.242
POLYLINE BLACK
34.277	0.571
35.569	0.580
35.086	0.541
35.732	0.602
POLYLINE BLACK
30.821	0.148
30.915	0.146
31.010	0.130
31.103	0.142
31.438	0.183
31.768	0.261
32.103	0.307
32.297	0.335
32.846	0.210
32.871	0.207
33.581	0.104
33.023	0.233
33.730	0.039
POLYLINE BLACK
29.446	3.111
29.521	3.112
29.597	3.124
29.673	3.116
30.155	3.069
30.296	2.980
30.765	3.029
30.931	3.046
31.093	3.089
31.253	3.133
31.368	3.165
31.477	3.220
31.591	3.257
31.620	3.266
31.650	3.268
31.680	3.272
31.686	3.273
31.692	3.274
31.698	3.271
31.729	3.257
31.758	3.239
31.788	3.222
POLYLINE BLACK
29.644	3.284
29.550	3.340
29.455	3.394
29.362	3.451
29.292	3.494
29.232	3.554
29.156	3.587
28.956	3.672
28.743	3.723
28.541	3.802
28.485	3.824
28.341	3.899
28.286	3.961
28.168	4.096
28.092	4.218
28.017	4.384
27.937	4.563
27.962	4.613
27.898	4.810
27.877	4.877
27.844	4.940
27.815	5.004
27.769	5.109
27.721	5.212
27.673	5.317
POLYLINE BLACK
32.794	5.100
32.794	5.076
32.796	5.052
32.794	5.028
32.792	5.010
32.789	4.991
32.783	4.973
32.708	4.768
32.637	4.561
32.551	4.360
32.452	4.130
32.339	3.906
32.227	3.682
32.216	3.660
32.200	3.639
32.183	3.622
32.110	3.548
32.027	3.484
31.955	3.409
31.686	3.127
31.862	3.226
31.676	3.136
POLYLINE BLACK
30.709	7.622
30.803	7.610
30.896	7.590
30.990	7.585
31.186	7.576
31.381	7.584
31.577	7.580
31.602	7.579
31.643	7.570
31.667	7.558
31.701	7.542
31.736	7.514
31.761	7.486
31.797	7.447
31.850	7.387
31.874	7.332
31.884	7.308
31.891	7.282
31.899	7.257
POLYLINE BLACK
32.037	7.135
31.992	7.008
31.982	6.991
31.955	6.834
31.949	6.802
31.946	6.769
31.950	6.737
31.970	6.543
32.017	6.388
32.100	6.207
32.152	6.094
32.206	5.981
32.279	5.881
32.397	5.716
32.542	5.573
32.671	5.416
32.685	5.400
32.704	5.357
32.708	5.336
32.721	5.268
32.730	5.199
32.740	5.131
POLYLINE BLACK
33.831	6.210
32.849	6.822
33.024	6.779
32.286	7.098
32.252	7.113
32.201	7.119
32.164	7.112
32.139	7.107
32.111	7.094
32.087	7.085
POLYLINE BLACK
34.766	8.164
34.668	8.096
34.564	8.033
34.471	7.958
34.425	7.921
34.381	7.879
34.349	7.830
34.234	7.658
34.035	7.364
33.978	7.122
33.959	7.038
33.949	6.952
33.944	6.866
33.937	6.756
33.948	6.645
33.943	6.535
33.943	6.521
33.928	6.370
33.902	6.328
33.891	6.310
33.873	6.297
33.858	6.282
POLYLINE BLACK
34.063	6.138
34.156	5.659
34.201	5.584
34.201	5.164
34.201	4.980
34.212	4.793
34.183	4.611
34.149	4.387
34.068	4.172
34.014	3.952
34.004	3.912
33.999	3.871
33.991	3.830
POLYLINE BLACK
34.218	3.947
34.238	3.798
34.263	3.693
34.249	3.549
34.241	3.464
34.218	3.381
34.212	3.296
34.201	3.154
34.224	3.132
34.246	2.997
34.249	2.974
34.250	2.951
34.251	2.928
POLYLINE BLACK
34.047	1.367
34.005	1.357
33.973	1.354
33.938	1.334
33.924	1.326
33.909	1.314
33.899	1.302
33.825	1.209
33.747	1.120
33.678	1.024
33.635	0.964
33.563	0.838
33.545	0.755
33.522	0.650
33.508	0.544
33.494	0.438
33.485	0.373
33.505	0.305
33.532	0.247
33.600	0.105
33.768	0.013
33.894	-0.060
33.961	-0.099
34.027	-0.120
34.104	-0.102
34.119	-0.098
34.134	-0.094
34.148	-0.087
34.385	0.031
34.250	-0.019
34.536	0.195
34.594	0.239
34.658	0.272
34.719	0.312
34.806	0.370
34.896	0.425
34.979	0.490
35.028	0.527
35.071	0.570
35.113	0.615
35.191	0.697
35.252	0.796
35.282	0.906
35.286	0.921
35.289	0.937
35.289	0.952
35.289	1.053
35.290	1.153
35.282	1.253
35.274	1.357
35.260	1.460
35.241	1.562
35.230	1.627
35.180	1.716
35.149	1.770
35.140	1.786
35.116	1.813
35.100	1.824
35.047	1.858
34.994	1.892
34.939	1.924
34.890	1.952
34.769	1.953
34.744	1.954
34.703	1.955
34.661	1.953
34.620	1.944
34.464	1.911
34.309	1.870
34.155	1.827
34.116	1.816
34.046	1.783
34.009	1.754
33.893	1.661
33.817	1.497
33.752	1.383
33.733	1.349
33.720	1.311
33.709	1.274
33.690	1.209
33.680	1.143
33.663	1.078
33.659	1.064
33.653	1.050
33.645	1.037
33.588	0.943
33.579	0.944
33.499	0.863
POLYLINE BLACK
27.867	5.252
27.857	5.308
27.842	5.362
27.835	5.418
27.809	5.622
28.029	6.033
28.066	6.104
28.230	6.420
28.445	6.600
28.726	6.826
29.358	7.334
29.404	7.310
30.289	7.616
30.339	7.633
30.623	7.697
30.727	7.685
30.797	7.677
30.863	7.652
30.931	7.636
POLYLINE BLACK
27.965	10.408
27.854	10.291
27.754	10.164
27.633	10.059
26.654	9.210
25.666	8.370
24.664	7.547
24.512	7.422
24.321	7.347
24.173	7.216
23.441	6.565
23.788	6.780
23.329	6.250
23.225	6.130
23.131	6.071
23.000	5.992
22.980	5.980
22.958	5.973
22.939	5.960
22.862	5.910
22.788	5.856
22.712	5.804
POLYLINE BLACK
35.518	10.186
35.543	10.180
35.570	10.176
35.595	10.167
35.682	10.137
35.825	10.026
35.864	9.997
35.964	9.921
36.030	9.806
36.075	9.692
36.085	9.667
36.122	9.548
36.117	9.502
36.101	9.361
36.073	9.221
36.054	9.080
36.044	9.003
36.045	8.925
36.032	8.848
35.985	8.587
35.903	8.439
35.757	8.192
35.705	8.102
35.586	7.982
35.501	7.918
35.406	7.847
35.297	7.786
35.177	7.773
35.084	7.763
34.996	7.787
34.903	7.792
34.766	7.800
34.767	7.791
34.633	7.763
POLYLINE BLACK
35.525	10.371
35.229	10.532
35.117	10.631
34.852	10.709
34.719	10.748
34.582	10.775
34.450	10.818
34.319	10.861
33.933	11.105
33.913	11.119
33.183	11.648
34.004	11.141
33.361	11.601
33.171	11.737
33.043	11.807
32.834	11.873
32.764	11.895
32.692	11.907
32.622	11.927
32.607	11.931
32.593	11.938
32.580	11.946
32.524	11.984
32.468	12.022
32.416	12.064
32.331	12.132
32.292	12.200
32.235	12.297
32.222	12.319
32.213	12.343
32.205	12.367
32.171	12.470
32.132	12.574
32.128	12.683
32.126	12.741
32.108	12.949
32.137	13.053
32.155	13.120
32.186	13.188
32.226	13.244
32.272	13.306
32.324	13.363
32.371	13.424
32.421	13.488
32.356	13.427
32.430	13.489
POLYLINE BLACK
28.974	15.972
28.963	15.917
28.948	15.862
28.942	15.805
28.931	15.710
28.934	15.614
28.924	15.518
28.922	15.491
28.915	15.464
28.906	15.439
28.881	15.370
28.839	15.242
28.784	15.167
28.717	15.076
28.512	14.985
28.458	14.957
28.372	14.913
28.216	14.916
28.150	14.899
28.048	14.873
27.949	14.838
27.853	14.798
27.634	14.705
27.545	14.608
27.394	14.423
27.372	14.396
27.354	14.366
27.338	14.335
27.307	14.275
27.283	14.198
27.280	14.131
27.272	13.975
27.272	13.819
27.272	13.663
27.272	13.645
27.273	13.627
27.278	13.611
27.294	13.559
27.317	13.510
27.337	13.459
POLYLINE BLACK
27.151	13.575
27.305	13.344
27.462	13.115
27.613	12.882
27.669	12.797
27.726	12.712
27.771	12.620
27.786	12.590
27.905	12.312
27.904	12.219
27.900	11.851
27.870	11.483
27.861	11.115
27.855	10.870
27.896	10.937
27.849	10.749
27.833	10.686
27.804	10.632
27.766	10.580
27.598	10.349
27.738	10.550
27.696	10.500
27.670	10.468
27.643	10.435
27.616	10.403
POLYLINE BLACK
32.146	12.536
31.368	12.884
31.426	12.893
30.461	13.132
30.327	13.165
30.187	13.173
30.049	13.184
29.512	13.228
28.974	13.264
28.436	13.296
28.408	13.298
28.379	13.295
28.352	13.287
28.234	13.252
28.124	13.190
28.004	13.168
27.967	13.161
27.932	13.191
27.895	13.203
POLYLINE BLACK
32.829	9.107
32.799	9.138
32.772	9.172
32.738	9.200
32.474	9.422
32.018	9.458
31.736	9.548
30.992	9.786
31.558	9.699
31.000	9.776
30.883	9.793
30.765	9.806
30.648	9.821
30.634	9.823
30.649	9.832
30.652	9.834
30.720	9.849
30.787	9.874
30.857	9.879
31.036	9.894
31.218	9.909
31.398	9.894
31.986	9.846
31.894	9.750
32.335	9.778
32.406	9.783
32.476	9.799
32.545	9.815
32.671	9.844
32.740	9.905
32.854	9.833
32.900	9.804
32.922	9.771
32.917	9.716
32.914	9.688
32.905	9.660
32.907	9.632
32.910	9.562
32.923	9.492
32.930	9.423
32.931	9.408
32.921	9.395
32.907	9.391
32.880	9.385
32.831	9.399
32.814	9.402
POLYLINE BLACK
30.106	11.062
30.122	11.098
30.136	11.134
30.154	11.169
30.164	11.187
30.174	11.206
30.190	11.220
30.330	11.349
30.488	11.460
30.621	11.597
30.738	11.720
30.831	11.864
30.935	11.998
30.938	12.001
30.941	12.009
30.941	12.014
30.943	12.031
30.928	12.045
30.914	12.053
30.815	12.109
30.716	12.165
30.616	12.220
30.567	12.247
30.509	12.242
30.465	12.207
30.442	12.188
30.413	12.156
30.400	12.131
30.281	11.878
30.304	11.911
30.260	11.616
30.257	11.595
30.258	11.574
30.253	11.553
30.236	11.474
30.184	11.366
30.147	11.307
30.115	11.258
30.073	11.216
30.036	11.171
POLYLINE BLACK
29.501	14.072
29.548	14.053
29.596	14.034
29.647	14.043
29.675	14.049
29.704	14.053
29.730	14.064
29.796	14.094
29.858	14.131
29.920	14.168
29.955	14.188
30.004	14.220
30.032	14.256
30.054	14.283
30.066	14.311
30.076	14.345
30.112	14.469
30.083	14.596
29.988	14.684
29.887	14.779
29.781	14.804
29.644	14.813
29.532	14.821
29.402	14.749
29.345	14.653
29.302	14.578
29.298	14.452
29.332	14.373
29.363	14.300
29.402	14.294
29.478	14.235
POLYLINE BLACK
33.704	10.431
33.683	10.434
33.668	10.440
33.648	10.437
33.549	10.422
33.452	10.347
33.471	10.237
33.486	10.147
33.582	10.079
33.662	10.051
33.686	10.044
33.746	10.026
33.777	10.032
33.800	10.037
33.815	10.057
33.824	10.077
33.849	10.137
33.818	10.202
33.798	10.257
33.789	10.285
33.766	10.313
33.738	10.325
33.565	10.396
33.654	10.348
33.579	10.390
POLYLINE BLACK
32.074	10.820
32.067	10.814
32.058	10.808
32.051	10.801
32.022	10.774
32.006	10.672
32.005	10.664
32.003	10.657
32.000	10.630
32.002	10.618
32.005	10.598
32.018	10.581
32.031	10.567
32.053	10.542
32.080	10.519
32.115	10.512
32.175	10.500
32.236	10.495
32.296	10.483
32.312	10.480
32.362	10.455
32.391	10.460
32.423	10.466
32.429	10.498
32.423	10.525
32.416	10.563
32.405	10.626
32.377	10.660
32.347	10.696
32.300	10.721
32.262	10.743
32.235	10.759
32.222	10.757
32.202	10.774
32.183	10.791
32.178	10.806
32.163	10.830
POLYLINE BLACK
32.457	11.582
32.444	11.592
32.429	11.609
32.411	11.611
32.404	11.612
32.397	11.611
32.391	11.608
32.370	11.598
32.367	11.578
32.373	11.557
32.378	11.536
32.390	11.515
32.406	11.501
32.467	11.447
32.529	11.394
32.592	11.342
32.598	11.337
32.605	11.334
32.613	11.331
32.668	11.308
32.727	11.312
32.787	11.312
32.833	11.312
32.879	11.317
32.923	11.331
32.945	11.338
32.975	11.355
32.977	11.382
32.979	11.399
32.970	11.418
32.962	11.432
32.945	11.462
32.927	11.483
32.900	11.506
32.855	11.545
32.797	11.559
32.739	11.568
32.703	11.574
32.665	11.573
32.628	11.565
32.588	11.557
32.536	11.533
32.501	11.518
POLYLINE BLACK
31.400	12.019
31.399	12.004
31.398	11.989
31.395	11.974
31.392	11.958
31.385	11.945
31.376	11.930
31.361	11.903
31.341	11.875
31.345	11.841
31.347	11.828
31.351	11.816
31.358	11.804
31.388	11.747
31.424	11.739
31.491	11.714
31.534	11.699
31.590	11.684
31.637	11.691
31.669	11.696
31.735	11.730
31.744	11.733
31.793	11.751
31.850	11.751
31.886	11.792
31.904	11.812
31.889	11.847
31.875	11.865
31.870	11.872
31.861	11.880
31.853	11.884
31.801	11.912
31.746	11.911
31.688	11.910
31.603	11.909
31.591	11.901
31.516	11.881
POLYLINE BLACK
33.128	10.841
33.061	10.756
33.073	10.781
33.023	10.673
33.010	10.645
33.001	10.613
33.004	10.583
33.006	10.549
33.034	10.521
33.067	10.515
33.101	10.508
33.142	10.523
33.171	10.541
33.209	10.565
33.254	10.591
33.276	10.633
33.280	10.641
33.283	10.648
33.285	10.657
33.288	10.667
33.297	10.704
33.296	10.723
33.295	10.754
33.259	10.780
33.229	10.776
33.193	10.772
33.157	10.765
33.121	10.759
POLYLINE BLACK
34.038	14.458
33.619	14.409
33.765	14.448
33.231	14.231
33.180	14.210
33.130	14.185
33.087	14.151
32.951	14.044
32.822	13.928
32.695	13.811
32.657	13.777
32.609	13.700
32.590	13.652
32.570	13.603
32.551	13.553
32.541	13.501
32.521	13.401
32.538	13.292
32.500	13.197
32.476	13.140
32.409	13.112
32.364	13.070
POLYLINE BLACK
28.880	15.810
29.041	16.304
28.843	15.736
29.217	16.554
29.265	16.657
29.291	16.769
29.337	16.873
29.376	16.961
29.433	17.041
29.473	17.128
29.517	17.226
29.544	17.344
29.545	17.451
29.546	17.520
29.566	17.769
29.497	17.882
29.458	17.947
29.394	18.001
29.321	18.023
28.797	18.178
28.742	18.243
28.373	18.265
27.864	18.297
27.796	18.248
27.438	18.360
27.360	18.385
27.279	18.420
27.224	18.483
27.113	18.607
27.106	18.768
27.142	18.924
27.154	18.975
27.173	19.023
27.189	19.072
27.212	19.141
27.240	19.208
27.259	19.278
27.270	19.323
27.274	19.369
27.279	19.414
27.287	19.485
27.275	19.491
27.297	19.548
27.321	19.615
27.409	19.723
27.426	19.756
27.459	19.818
27.561	20.002
27.579	20.120
27.596	20.240
27.561	20.458
27.557	20.530
27.555	20.574
27.561	20.621
27.594	20.652
27.661	20.715
27.788	20.726
27.861	20.737
28.481	20.829
28.031	20.734
28.309	20.795
POLYLINE BLACK
33.981	14.536
33.849	14.710
33.726	14.892
33.583	15.057
33.462	15.197
33.305	15.304
33.190	15.449
32.972	15.726
32.791	16.029
32.590	16.317
32.439	16.533
32.295	16.755
32.134	16.962
31.971	17.170
31.782	17.357
31.618	17.564
31.357	17.894
31.131	18.310
30.804	18.589
30.385	18.946
29.924	19.252
29.492	19.592
29.458	19.618
29.434	19.654
29.407	19.687
29.283	19.840
29.167	20.000
29.039	20.150
29.011	20.183
28.978	20.212
28.941	20.233
28.900	20.256
28.853	20.265
28.808	20.281
POLYLINE BLACK
28.605	20.852
28.811	20.698
28.787	20.698
29.061	20.591
29.266	20.511
29.527	20.519
29.730	20.524
29.986	20.530
30.233	20.596
30.469	20.694
30.616	20.755
30.761	20.824
30.895	20.910
31.288	21.160
31.635	21.483
32.047	21.700
32.416	21.894
32.838	21.968
33.221	22.133
33.448	22.230
33.655	22.370
33.874	22.484
33.955	22.527
34.067	22.547
34.151	22.568
POLYLINE BLACK
36.558	18.871
36.432	18.555
36.481	18.623
36.306	18.370
36.207	18.227
36.083	18.099
36.003	17.944
35.740	17.430
35.555	16.877
35.280	16.369
35.007	15.864
34.683	15.389
34.363	14.913
34.301	14.819
34.209	14.748
34.137	14.662
34.103	14.622
34.075	14.578
34.045	14.535
POLYLINE BLACK
35.979	22.579
35.977	22.529
35.970	22.479
35.974	22.429
35.994	22.219
36.106	21.971
36.156	21.791
36.264	21.401
36.376	21.012
36.460	20.617
36.493	20.464
36.482	20.304
36.507	20.149
36.558	19.827
36.612	19.850
36.597	19.617
36.588	19.480
36.535	19.428
36.501	19.271
36.467	19.110
36.449	18.945
36.423	18.782
POLYLINE BLACK
36.885	28.151
36.838	27.873
36.773	27.599
36.744	27.319
36.718	27.065
36.732	26.808
36.718	26.553
36.716	26.519
36.707	26.487
36.697	26.455
36.601	26.143
36.473	25.840
36.400	25.522
36.345	25.278
36.344	25.025
36.314	24.777
36.241	24.175
36.148	23.576
36.089	22.974
36.078	22.863
36.102	22.752
36.104	22.642
36.107	22.529
35.870	22.289
35.870	22.289
POLYLINE BLACK
36.740	27.580
36.686	27.582
36.632	27.587
36.578	27.586
36.465	27.583
36.179	27.472
36.172	27.470
35.873	27.376
35.573	27.287
35.276	27.191
35.253	27.184
35.230	27.175
35.211	27.161
35.174	27.135
35.143	27.102
35.109	27.073
POLYLINE BLACK
35.345	26.148
35.407	26.140
35.468	26.126
35.531	26.123
35.604	26.119
35.677	26.125
35.751	26.128
35.795	26.130
35.791	26.137
35.832	26.129
35.927	26.111
35.974	26.040
35.980	25.946
35.981	25.922
35.982	25.897
35.978	25.874
35.969	25.825
35.929	25.632
35.882	25.565
35.659	25.247
35.420	24.939
35.195	24.622
35.182	24.596
35.170	24.571
35.158	24.545
35.154	24.539
35.146	24.522
35.147	24.528
35.188	24.785
35.234	24.848
35.210	25.070
35.203	25.144
35.190	25.217
35.172	25.290
35.151	25.373
35.113	25.419
35.109	25.496
35.106	25.573
35.158	25.753
35.161	25.765
35.167	25.790
35.176	25.815
35.189	25.838
35.208	25.871
35.232	25.900
35.254	25.931
POLYLINE BLACK
35.046	23.784
35.162	23.762
35.278	23.737
35.394	23.720
35.428	23.715
35.463	23.715
35.497	23.716
35.521	23.717
35.543	23.723
35.566	23.727
35.583	23.729
35.634	23.747
35.603	23.705
35.556	23.642
35.501	23.583
35.459	23.516
35.377	23.383
35.314	23.238
35.231	23.104
35.188	23.037
35.134	22.978
35.084	22.915
35.080	22.910
35.069	22.903
35.061	22.901
35.023	22.891
34.996	22.949
34.986	22.972
34.973	23.006
34.961	23.040
34.953	23.075
34.929	23.172
34.886	23.288
34.917	23.392
34.934	23.451
34.959	23.482
34.991	23.539
POLYLINE BLACK
36.432	19.616
36.388	19.681
36.344	19.746
36.300	19.811
36.145	20.064
36.010	20.330
35.835	20.570
35.702	20.752
35.514	20.890
35.379	21.072
35.222	21.285
35.106	21.527
34.961	21.749
34.942	21.779
34.918	21.807
34.890	21.829
34.661	22.005
34.423	22.168
34.191	22.341
34.104	22.406
34.108	22.449
34.113	22.379
POLYLINE BLACK
35.906	24.681
35.832	24.634
35.754	24.590
35.711	24.512
35.679	24.455
35.665	24.390
35.678	24.326
35.696	24.243
35.795	24.191
35.872	24.235
35.884	24.242
35.896	24.248
35.906	24.258
36.007	24.366
36.066	24.426
36.130	24.545
36.160	24.603
36.181	24.668
36.167	24.733
36.161	24.760
36.147	24.785
36.119	24.795
36.072	24.810
35.989	24.773
35.952	24.762
POLYLINE BLACK
36.341	26.719
36.323	26.747
36.306	26.775
36.286	26.802
36.241	26.862
36.154	26.883
36.084	26.879
36.010	26.874
35.937	26.847
35.875	26.806
35.828	26.775
35.732	26.666
35.776	26.603
35.798	26.572
35.848	26.559
35.878	26.551
36.020	26.510
36.066	26.554
36.210	26.605
36.247	26.618
36.251	26.611
36.278	26.628
36.325	26.656
36.350	26.714
36.343	26.767
36.341	26.787
36.330	26.834
36.317	26.848
36.289	26.876
36.255	26.895
36.224	26.919
POLYLINE BLACK
34.057	22.541
34.190	22.656
34.205	22.657
34.303	22.783
34.328	22.815
34.349	22.850
34.372	22.883
34.377	22.890
34.616	23.198
34.665	23.329
34.762	23.591
34.637	23.383
34.748	23.792
34.830	24.095
34.940	24.234
34.971	24.491
34.982	24.584
34.918	24.743
34.907	24.789
34.881	24.906
34.863	24.989
34.872	25.105
34.878	25.189
34.882	25.273
34.902	25.355
34.941	25.475
34.980	25.595
35.019	25.715
35.033	25.758
35.051	25.799
35.062	25.843
35.080	25.919
35.090	26.068
35.085	26.138
35.073	26.305
34.992	26.553
34.936	26.685
34.814	26.977
34.734	26.862
34.811	26.960
POLYLINE BLACK
33.924	29.661
34.039	29.610
34.178	29.573
34.267	29.474
34.329	29.405
34.378	29.254
34.401	29.185
34.447	29.046
34.480	28.903
34.529	28.765
34.571	28.647
34.636	28.538
34.674	28.419
34.740	28.214
34.795	28.005
34.839	27.795
34.845	27.766
34.870	27.379
34.870	27.333
34.868	27.201
34.844	27.131
34.815	27.002
POLYLINE BLACK
33.187	32.555
33.323	32.089
33.068	32.995
33.284	31.907
33.364	31.505
33.394	31.643
33.507	31.313
33.547	31.195
33.576	31.075
33.605	30.954
33.610	30.931
33.611	30.908
33.611	30.884
33.613	30.821
33.603	30.756
33.613	30.694
33.642	30.560
33.671	30.427
33.700	30.293
33.718	30.247
33.743	30.203
33.754	30.154
33.896	29.486
33.768	29.783
33.865	29.565
POLYLINE BLACK
35.411	30.000
35.492	29.842
35.535	29.711
35.650	29.588
35.771	29.458
35.750	29.489
35.853	29.417
36.030	29.293
36.216	29.181
36.384	29.044
36.549	28.908
36.695	28.749
36.849	28.599
36.860	28.588
36.869	28.575
36.877	28.562
36.915	28.499
36.920	28.435
36.909	28.364
36.898	28.286
36.884	28.209
36.873	28.131
36.868	28.094
36.885	28.048
36.862	28.019
36.845	27.997
36.808	28.014
36.781	28.011
POLYLINE BLACK
35.267	32.628
35.061	32.534
34.856	32.438
34.650	32.345
34.625	32.334
34.599	32.327
34.574	32.316
34.547	32.303
34.518	32.280
34.497	32.259
34.466	32.227
34.447	32.177
34.441	32.135
34.424	32.019
34.419	31.959
34.433	31.852
34.437	31.826
34.472	31.447
34.534	31.321
34.569	31.250
34.610	31.183
34.653	31.118
34.712	31.028
34.777	30.943
34.840	30.855
34.870	30.813
34.899	30.768
34.932	30.728
34.968	30.685
35.013	30.650
35.046	30.605
35.129	30.493
35.207	30.377
35.281	30.258
35.319	30.196
35.330	30.130
35.345	30.061
35.351	30.033
35.356	30.005
35.362	29.977
POLYLINE BLACK
35.188	32.753
35.155	32.754
35.122	32.753
35.089	32.756
34.914	32.772
34.739	32.804
34.563	32.808
34.453	32.811
34.343	32.784
34.233	32.776
34.156	32.771
34.079	32.776
34.003	32.771
33.905	32.764
33.807	32.749
33.709	32.739
33.653	32.734
33.591	32.736
33.537	32.716
33.200	32.587
33.557	32.716
33.254	32.574
33.191	32.545
33.125	32.523
33.061	32.498
POLYLINE BLACK
35.915	32.341
35.871	32.273
35.825	32.207
35.784	32.137
35.747	32.074
35.721	31.960
35.753	31.889
35.762	31.871
35.774	31.854
35.788	31.840
35.859	31.774
35.939	31.785
36.024	31.824
36.079	31.849
36.223	31.901
36.276	31.976
36.348	32.079
36.253	32.254
36.135	32.270
36.075	32.278
36.031	32.234
35.984	32.202
POLYLINE BLACK
36.563	31.753
36.518	31.520
36.563	31.717
36.463	31.421
36.458	31.406
36.455	31.391
36.454	31.376
36.451	31.321
36.452	31.265
36.451	31.209
POLYLINE BLACK
36.917	32.176
36.964	32.155
37.004	32.130
37.055	32.125
37.163	32.113
37.257	32.143
37.368	32.168
37.480	32.194
37.592	32.225
37.703	32.254
POLYLINE BLACK
36.969	32.211
36.986	32.179
37.005	32.147
37.019	32.114
37.027	32.096
37.035	32.076
37.036	32.056
37.044	31.914
37.043	31.771
37.048	31.629
37.049	31.623
37.053	31.613
37.058	31.607
37.086	31.573
37.165	31.606
37.189	31.629
37.254	31.693
37.312	31.764
37.377	31.828
37.393	31.843
37.455	31.898
37.492	31.883
37.522	31.870
37.528	31.817
37.530	31.793
37.533	31.763
37.534	31.732
37.532	31.702
37.524	31.610
37.517	31.518
37.501	31.428
37.477	31.292
37.434	31.205
37.365	31.086
37.324	31.017
37.269	30.954
37.198	30.915
37.179	30.904
37.107	30.876
37.086	30.881
37.061	30.887
37.043	30.910
37.021	30.924
POLYLINE BLACK
38.239	30.716
38.325	30.977
38.406	31.240
38.496	31.499
38.520	31.566
38.570	31.645
38.636	31.679
38.717	31.721
38.817	31.611
38.836	31.542
38.883	31.370
38.866	31.275
38.865	31.067
38.865	31.044
38.861	31.021
38.860	30.998
38.860	30.993
38.861	30.989
38.863	30.985
38.869	30.977
38.881	30.993
38.882	30.993
38.912	31.045
38.948	31.094
38.972	31.150
39.006	31.229
39.027	31.313
39.056	31.394
39.064	31.415
39.085	31.435
39.108	31.431
39.156	31.423
39.202	31.367
39.221	31.325
39.229	31.308
39.234	31.290
39.240	31.272
39.244	31.260
39.246	31.247
39.251	31.235
39.252	31.233
39.253	31.230
39.256	31.229
39.257	31.228
39.259	31.229
39.260	31.231
39.262	31.233
39.264	31.237
39.264	31.240
39.277	31.413
39.290	31.586
39.303	31.759
39.306	31.754
39.311	31.750
39.311	31.745
39.361	31.437
39.407	31.128
39.455	30.820
39.476	30.684
39.497	30.549
39.518	30.414
POLYLINE BLACK
32.963	33.834
32.984	33.816
33.001	33.805
33.015	33.783
33.034	33.753
33.049	33.709
33.048	33.674
33.046	33.535
33.013	33.348
33.055	33.198
33.068	33.152
33.084	33.105
33.105	33.062
33.147	32.976
33.200	32.897
33.245	32.813
33.252	32.801
33.256	32.787
33.260	32.774
33.268	32.745
33.268	32.710
33.263	32.682
33.247	32.592
33.240	32.577
33.213	32.506
POLYLINE BLACK
35.298	32.543
35.346	32.741
35.335	32.664
35.306	33.035
35.301	33.101
35.289	33.166
35.271	33.230
35.216	33.417
35.133	33.595
35.087	33.784
35.054	33.918
35.061	34.059
35.036	34.195
34.987	34.464
34.922	34.730
34.864	34.998
34.862	35.006
34.855	35.018
34.850	35.025
34.836	35.041
34.814	35.053
34.793	35.044
34.775	35.037
34.759	35.018
34.746	35.006
POLYLINE BLACK
34.245	33.907
34.166	33.880
34.187	33.882
34.119	33.874
34.107	33.872
34.095	33.872
34.082	33.870
34.058	33.866
34.031	33.855
34.015	33.834
33.999	33.814
33.997	33.786
33.996	33.761
33.996	33.709
34.001	33.665
34.035	33.624
34.047	33.610
34.061	33.598
34.076	33.589
34.104	33.573
34.148	33.566
34.174	33.561
34.188	33.558
34.210	33.562
34.221	33.573
34.266	33.620
34.310	33.667
34.354	33.716
34.361	33.724
34.372	33.750
34.374	33.759
34.381	33.805
34.387	33.852
34.389	33.899
34.390	33.952
34.391	34.005
34.391	34.058
34.391	34.060
34.389	34.067
34.385	34.068
34.382	34.069
34.376	34.065
34.374	34.063
34.367	34.057
34.361	34.050
34.355	34.043
34.330	34.008
34.314	33.956
34.299	33.921
POLYLINE BLACK
34.774	33.592
34.711	33.557
34.709	33.561
34.653	33.510
34.643	33.501
34.618	33.477
34.614	33.459
34.611	33.444
34.626	33.431
34.638	33.425
34.690	33.397
34.744	33.371
34.796	33.344
34.805	33.339
34.813	33.332
34.823	33.327
34.863	33.308
34.927	33.301
34.959	33.340
34.995	33.383
34.994	33.437
34.991	33.491
34.990	33.516
34.985	33.541
34.980	33.565
34.976	33.584
34.969	33.615
34.948	33.623
34.935	33.627
34.922	33.624
34.910	33.621
34.874	33.609
34.857	33.584
34.833	33.556
POLYLINE BLACK
33.524	33.396
33.537	33.378
33.566	33.343
33.574	33.316
33.587	33.271
33.597	33.165
33.652	33.133
33.678	33.118
33.723	33.120
33.750	33.128
33.769	33.134
33.833	33.148
33.857	33.175
33.896	33.217
33.861	33.296
33.836	33.336
33.808	33.380
33.754	33.398
33.711	33.421
33.709	33.422
33.708	33.423
33.707	33.424
33.686	33.444
33.664	33.463
33.642	33.483
POLYLINE BLACK
31.372	35.382
31.395	35.366
31.421	35.343
31.450	35.337
31.553	35.314
31.658	35.298
31.761	35.275
31.781	35.270
31.800	35.262
31.818	35.252
31.991	35.152
32.087	35.075
32.241	34.930
32.603	34.588
32.256	34.863
32.532	34.653
POLYLINE BLACK
32.949	33.741
32.912	33.893
32.905	33.970
32.833	34.105
32.632	34.482
32.790	34.160
32.699	34.307
32.692	34.318
32.687	34.330
32.682	34.342
32.672	34.363
32.664	34.386
32.652	34.407
32.625	34.457
32.600	34.508
32.567	34.555
32.554	34.573
32.534	34.584
32.517	34.598
POLYLINE BLACK
34.704	34.995
34.484	35.121
34.385	35.197
34.148	35.267
33.991	35.314
33.828	35.334
33.673	35.383
33.599	35.406
33.533	35.448
33.464	35.483
32.417	36.007
32.930	35.686
32.408	36.086
32.383	36.106
32.355	36.120
32.330	36.139
32.242	36.208
32.156	36.277
32.071	36.349
32.062	36.356
32.054	36.366
32.047	36.376
32.019	36.415
32.014	36.461
32.002	36.507
POLYLINE BLACK
31.353	35.349
31.338	35.364
31.322	35.394
31.298	35.403
31.284	35.409
31.269	35.407
31.256	35.398
31.185	35.348
31.159	35.339
31.114	35.282
31.088	35.250
31.094	35.241
31.070	35.201
31.061	35.186
31.050	35.173
31.038	35.160
30.975	35.091
30.930	35.038
30.856	34.989
30.840	34.978
30.822	34.970
30.803	34.962
30.778	34.951
30.745	34.946
30.718	34.950
30.706	34.952
30.694	34.954
30.683	34.958
30.678	34.960
30.675	34.966
30.671	34.969
POLYLINE BLACK
30.671	34.947
30.643	34.982
30.626	35.014
30.620	35.058
30.618	35.069
30.617	35.081
30.618	35.092
30.621	35.123
30.626	35.154
30.633	35.184
30.645	35.239
30.661	35.294
30.676	35.348
30.679	35.356
30.682	35.363
30.686	35.369
30.689	35.376
30.694	35.382
30.698	35.387
30.721	35.414
30.749	35.424
30.778	35.445
30.806	35.464
30.844	35.535
30.849	35.542
30.853	35.550
30.858	35.558
30.860	35.567
30.876	35.646
30.886	35.726
30.903	35.805
30.909	35.832
30.922	35.857
30.928	35.885
30.940	35.948
30.934	36.004
30.925	36.068
30.919	36.114
30.920	36.085
30.913	36.110
30.911	36.118
30.910	36.126
30.908	36.134
POLYLINE BLACK
32.119	38.020
32.171	38.008
32.217	37.981
32.256	37.945
32.269	37.933
32.285	37.912
32.291	37.895
32.293	37.892
32.335	37.786
32.338	37.743
32.341	37.687
32.314	37.593
32.306	37.561
32.291	37.508
32.274	37.456
32.254	37.404
32.248	37.389
32.239	37.375
32.230	37.362
32.200	37.319
32.142	37.258
32.125	37.199
32.092	37.090
32.094	37.072
32.072	36.979
32.054	36.898
32.037	36.862
32.039	36.766
32.040	36.675
32.053	36.586
32.060	36.496
POLYLINE BLACK
29.654	38.189
29.661	38.154
POLYLINE BLACK
31.603	37.798
31.614	37.796
31.625	37.795
31.636	37.794
31.640	37.794
31.653	37.795
31.657	37.798
31.804	37.881
31.948	37.969
32.097	38.050
32.108	38.057
32.123	38.056
32.136	38.059
POLYLINE BLACK
30.830	36.043
30.764	36.112
30.702	36.185
30.632	36.250
30.599	36.281
30.558	36.301
30.522	36.329
30.512	36.336
30.503	36.345
30.496	36.356
30.421	36.472
30.400	36.504
30.364	36.627
30.342	36.701
30.360	36.789
30.360	36.860
30.359	36.897
30.347	36.937
30.333	36.971
30.324	36.994
30.311	37.016
30.301	37.040
30.285	37.083
30.274	37.128
30.256	37.169
30.220	37.252
30.150	37.319
30.101	37.391
30.074	37.432
30.051	37.474
30.029	37.518
30.021	37.533
30.017	37.549
30.012	37.565
29.982	37.677
29.955	37.790
29.923	37.902
29.920	37.912
29.915	37.921
29.910	37.930
29.884	37.972
29.851	37.986
29.808	38.015
POLYLINE BLACK
30.810	39.022
30.769	38.896
30.728	38.771
30.687	38.646
30.686	38.632
30.682	38.619
30.682	38.605
30.688	38.507
30.693	38.410
30.699	38.312
30.697	38.290
30.694	38.267
30.694	38.244
30.695	38.209
30.721	38.098
30.723	38.088
30.726	38.065
30.724	38.041
30.723	38.017
30.721	37.982
30.712	37.967
30.717	37.937
30.725	37.886
30.783	37.782
30.785	37.774
30.837	37.608
30.877	37.439
30.924	37.272
30.930	37.254
30.951	37.235
30.970	37.235
30.981	37.234
30.991	37.236
31.001	37.236
POLYLINE BLACK
31.550	37.747
31.460	37.643
31.372	37.536
31.278	37.433
31.241	37.393
31.185	37.348
31.130	37.332
31.119	37.329
31.107	37.328
31.095	37.326
31.078	37.323
31.060	37.322
31.043	37.317
31.027	37.313
30.949	37.287
30.924	37.268
30.898	37.248
30.874	37.225
30.849	37.203
POLYLINE BLACK
29.703	38.688
29.744	38.508
29.688	38.766
29.739	38.441
29.743	38.412
29.748	38.384
29.759	38.358
29.784	38.298
29.825	38.246
29.846	38.185
29.891	38.062
29.917	37.933
29.956	37.807
29.960	37.794
29.967	37.781
29.975	37.769
29.985	37.753
29.997	37.739
30.008	37.723
POLYLINE BLACK
30.538	39.237
30.477	39.180
30.415	39.122
30.353	39.065
30.345	39.061
30.338	39.055
30.330	39.051
30.302	39.038
30.266	39.030
30.236	39.028
30.222	39.027
30.139	39.016
30.104	39.034
30.077	39.048
30.056	39.087
30.042	39.105
POLYLINE BLACK
29.808	38.912
29.800	38.913
29.793	38.915
29.786	38.917
29.768	38.920
29.742	38.913
29.734	38.894
29.724	38.870
29.730	38.842
29.734	38.818
29.735	38.808
29.741	38.795
29.748	38.787
29.759	38.776
29.779	38.770
29.794	38.775
29.816	38.782
29.829	38.799
29.844	38.817
29.854	38.828
29.864	38.846
29.858	38.861
29.854	38.872
29.839	38.879
29.830	38.883
29.820	38.887
29.810	38.893
29.799	38.893
29.789	38.893
29.780	38.888
29.770	38.885
POLYLINE BLACK
29.983	39.072
29.971	39.074
29.960	39.076
29.948	39.076
29.931	39.077
29.905	39.073
29.889	39.067
29.861	39.057
29.820	39.041
29.807	39.010
29.795	38.982
29.816	38.970
29.838	38.953
29.848	38.945
29.862	38.937
29.875	38.941
29.882	38.943
29.888	38.946
29.895	38.949
29.915	38.958
29.936	38.968
29.956	38.979
29.958	38.980
29.960	38.982
29.962	38.984
29.972	38.994
29.978	39.010
29.983	39.022
29.987	39.030
29.985	39.040
29.981	39.046
29.978	39.050
29.973	39.053
29.969	39.054
29.954	39.056
29.938	39.050
29.926	39.048
POLYLINE BLACK
30.640	39.208
30.635	39.209
30.630	39.210
30.625	39.211
30.609	39.212
30.586	39.197
30.576	39.191
30.569	39.187
30.563	39.182
30.557	39.177
30.549	39.170
30.532	39.156
30.530	39.142
30.529	39.122
30.552	39.091
30.561	39.079
30.570	39.067
30.586	39.054
30.601	39.051
30.611	39.049
30.622	39.050
30.631	39.056
30.633	39.057
30.679	39.081
30.688	39.100
30.692	39.107
30.693	39.117
30.693	39.125
30.694	39.134
30.693	39.143
30.688	39.151
30.674	39.179
30.635	39.198
30.614	39.213
POLYLINE BLACK
30.830	39.110
30.824	39.109
30.818	39.108
30.813	39.106
30.797	39.101
30.783	39.091
30.770	39.082
30.761	39.075
30.753	39.066
30.747	39.056
30.740	39.044
30.737	39.035
30.733	39.021
30.731	39.009
30.732	38.990
30.746	38.987
30.749	38.986
30.752	38.986
30.754	38.987
30.789	38.995
30.817	38.999
30.846	39.014
30.861	39.022
30.874	39.034
30.880	39.050
30.882	39.055
30.883	39.061
30.882	39.067
30.880	39.075
30.874	39.081
30.868	39.086
30.865	39.089
30.862	39.092
30.858	39.094
30.819	39.112
30.827	39.107
30.784	39.108
POLYLINE BLACK
29.616	39.611
29.621	39.605
29.627	39.599
29.631	39.591
29.642	39.562
29.653	39.533
29.665	39.505
29.665	39.504
29.666	39.503
29.666	39.502
29.670	39.499
29.676	39.497
29.681	39.498
29.702	39.501
29.712	39.507
29.723	39.525
29.726	39.530
29.729	39.536
29.731	39.541
29.736	39.560
29.738	39.579
29.743	39.597
29.743	39.598
29.744	39.596
29.745	39.596
29.747	39.590
29.748	39.584
29.750	39.578
29.752	39.574
29.754	39.570
29.756	39.566
29.767	39.545
29.778	39.525
29.790	39.505
29.790	39.503
29.791	39.502
29.792	39.502
29.797	39.497
29.804	39.495
29.811	39.495
29.826	39.496
29.840	39.502
29.846	39.517
29.850	39.528
29.856	39.548
29.856	39.560
29.855	39.606
29.854	39.607
29.848	39.639
POLYLINE BLACK
29.980	39.628
29.977	39.624
29.974	39.620
29.972	39.615
29.971	39.612
29.969	39.605
29.970	39.603
29.972	39.582
29.975	39.562
29.978	39.541
29.981	39.524
29.989	39.509
29.997	39.494
30.000	39.488
30.005	39.484
30.010	39.481
30.016	39.478
30.024	39.478
30.030	39.477
POLYLINE BLACK
30.089	39.646
30.113	39.577
30.088	39.654
30.115	39.551
30.118	39.540
30.125	39.525
30.133	39.517
30.154	39.498
30.196	39.503
30.219	39.509
30.252	39.519
30.283	39.532
30.315	39.544
POLYLINE BLACK
30.119	39.600
30.157	39.606
POLYLINE BLACK
30.127	39.714
30.161	39.714
POLYLINE BLACK
30.094	39.672
30.137	39.675
30.180	39.679
30.222	39.681
30.227	39.681
30.232	39.680
30.237	39.679
30.248	39.677
30.258	39.674
30.268	39.672
POLYLINE BLACK
30.440	39.652
30.458	39.643
30.476	39.632
30.495	39.623
30.501	39.620
30.508	39.618
30.514	39.617
30.521	39.615
30.529	39.615
30.536	39.613
30.545	39.611
30.548	39.602
30.549	39.594
30.549	39.591
30.549	39.589
30.549	39.586
30.539	39.541
30.529	39.496
30.518	39.451
30.516	39.444
30.509	39.434
30.503	39.430
30.497	39.425
30.491	39.421
30.485	39.418
30.460	39.403
30.385	39.388
30.384	39.388
POLYLINE BLACK
30.694	39.562
30.688	39.557
30.682	39.552
30.677	39.547
30.671	39.540
30.665	39.533
30.661	39.525
30.642	39.494
30.638	39.480
30.628	39.445
30.624	39.429
30.622	39.414
30.635	39.403
30.644	39.395
30.654	39.395
30.666	39.394
30.681	39.393
30.693	39.396
30.709	39.398
POLYLINE BLACK
30.679	39.526
30.715	39.505
POLYLINE BLACK
30.707	39.610
30.735	39.610
POLYLINE BLACK
30.725	39.569
30.798	39.582
30.769	39.579
30.810	39.582
POLYLINE BLACK
29.498	39.152
29.558	39.109
29.509	39.146
29.607	39.050
29.613	39.044
29.630	39.034
29.635	39.031
POLYLINE BLACK
29.657	39.105
29.681	39.072
29.706	39.039
29.731	39.005
29.732	39.003
29.733	39.000
29.733	38.997
29.732	38.984
29.710	38.973
29.700	38.971
29.544	38.935
29.627	38.960
29.571	38.943
POLYLINE BLACK
30.320	38.327
30.280	38.355
30.239	38.382
30.199	38.412
30.179	38.426
30.163	38.450
30.137	38.451
30.133	38.452
30.128	38.451
30.124	38.450
30.105	38.444
30.098	38.427
30.093	38.409
30.091	38.404
30.089	38.398
30.089	38.392
30.087	38.350
30.087	38.309
30.087	38.267
30.087	38.256
30.090	38.237
30.095	38.225
30.100	38.212
30.111	38.200
30.120	38.191
30.133	38.178
30.149	38.167
30.167	38.162
30.178	38.159
30.189	38.161
30.200	38.161
30.236	38.160
30.273	38.159
30.309	38.158
30.312	38.158
30.318	38.160
30.321	38.162
30.333	38.168
30.345	38.182
30.353	38.190
30.375	38.215
30.377	38.249
30.365	38.279
30.353	38.308
30.332	38.330
30.308	38.349
30.304	38.352
30.300	38.355
30.296	38.358
POLYLINE BLACK
30.638	37.683
30.596	37.697
30.555	37.714
30.512	37.727
30.498	37.732
30.484	37.733
30.469	37.735
30.467	37.736
30.464	37.736
30.462	37.736
30.459	37.736
30.456	37.735
30.454	37.734
30.445	37.730
30.440	37.720
30.437	37.712
30.436	37.709
30.435	37.706
30.435	37.703
30.436	37.670
30.438	37.636
30.442	37.603
30.443	37.588
30.452	37.563
30.463	37.553
30.473	37.545
30.489	37.543
30.501	37.544
30.529	37.548
30.596	37.549
30.618	37.583
30.619	37.585
30.620	37.586
30.621	37.588
30.626	37.605
30.629	37.622
30.634	37.639
30.637	37.650
30.642	37.659
30.646	37.669
POLYLINE BLACK
30.556	37.314
30.552	37.319
30.547	37.325
30.542	37.330
30.539	37.333
30.537	37.335
30.533	37.337
30.511	37.348
30.489	37.358
30.466	37.366
30.443	37.374
30.420	37.382
30.397	37.390
30.396	37.390
30.395	37.390
30.394	37.390
30.390	37.390
30.387	37.389
30.384	37.387
30.376	37.382
30.370	37.366
30.372	37.356
30.383	37.319
30.406	37.290
30.425	37.255
30.432	37.243
30.436	37.228
30.450	37.223
30.452	37.222
30.453	37.221
30.456	37.221
30.478	37.219
30.498	37.217
30.521	37.221
30.547	37.227
30.572	37.233
30.598	37.239
30.599	37.239
30.600	37.240
30.601	37.241
30.614	37.248
30.608	37.272
30.597	37.278
30.586	37.286
30.576	37.290
30.561	37.294
30.550	37.297
30.538	37.298
30.527	37.301
POLYLINE BLACK
30.997	35.121
30.983	35.197
30.996	35.117
30.995	35.286
30.995	35.305
30.987	35.330
30.976	35.346
30.963	35.363
30.948	35.382
30.928	35.391
30.899	35.404
30.860	35.403
30.829	35.400
30.792	35.397
30.756	35.391
30.719	35.388
30.703	35.387
30.671	35.398
30.662	35.400
POLYLINE BLACK
30.740	35.208
30.788	35.167
30.784	35.166
30.848	35.130
30.852	35.128
30.856	35.129
30.860	35.128
POLYLINE BLACK
30.594	34.678
30.606	34.719
30.604	34.722
30.628	34.759
30.636	34.771
30.646	34.783
30.656	34.795
30.668	34.810
30.688	34.813
30.705	34.804
30.707	34.804
30.709	34.803
30.711	34.801
30.725	34.788
30.740	34.775
30.754	34.761
30.761	34.753
30.776	34.737
30.778	34.724
30.780	34.710
30.768	34.689
30.764	34.682
30.741	34.640
30.712	34.600
30.682	34.563
30.672	34.550
30.657	34.544
30.644	34.534
30.639	34.530
30.635	34.526
30.630	34.521
30.627	34.517
30.623	34.511
30.623	34.505
30.622	34.495
30.629	34.484
30.633	34.477
POLYLINE BLACK
30.679	34.360
30.679	34.360
POLYLINE BLACK
30.631	34.331
30.626	34.329
POLYLINE BLACK
30.677	34.324
30.667	34.321
30.660	34.321
30.651	34.316
30.637	34.308
30.624	34.291
30.621	34.275
30.619	34.264
30.626	34.254
30.633	34.247
30.642	34.239
30.654	34.234
30.666	34.231
30.700	34.224
30.739	34.232
30.758	34.264
30.770	34.285
30.775	34.320
30.774	34.344
30.773	34.357
30.771	34.369
30.768	34.381
30.765	34.397
30.754	34.414
30.736	34.414
30.723	34.414
30.703	34.407
30.693	34.399
30.680	34.390
30.669	34.380
30.657	34.370
POLYLINE RED
26.910	11.808
26.956	11.789
27.001	11.767
27.049	11.753
27.159	11.721
27.270	11.690
27.383	11.668
27.465	11.652
27.659	11.666
27.723	11.679
27.830	11.700
27.933	11.751
28.024	11.809
28.065	11.835
28.107	11.868
28.137	11.906
28.166	11.942
28.180	11.993
28.175	12.039
28.164	12.153
28.163	12.191
28.123	12.291
28.113	12.315
28.099	12.338
28.087	12.362
28.085	12.365
28.083	12.369
28.080	12.371
28.045	12.394
28.008	12.414
27.972	12.435
POLYLINE RED
26.489	10.513
26.545	10.034
26.492	10.374
26.579	9.994
26.598	9.913
26.616	9.831
26.630	9.749
26.665	9.551
26.617	9.660
26.690	9.529
POLYLINE RED
26.988	12.099
26.898	12.190
26.754	12.312
26.689	12.440
26.648	12.521
26.615	12.606
26.583	12.691
26.568	12.733
26.491	12.934
26.499	13.019
26.526	13.308
26.565	13.596
26.602	13.883
26.609	13.934
26.685	14.032
26.693	14.042
26.825	14.201
26.800	14.128
26.938	14.269
27.039	14.372
27.127	14.489
27.165	14.630
27.179	14.679
27.194	14.772
27.187	14.827
27.180	14.886
27.168	14.944
27.155	15.001
27.149	15.025
27.140	15.048
27.130	15.070
27.101	15.133
27.051	15.202
26.978	15.216
26.868	15.238
26.776	15.221
26.670	15.188
26.644	15.180
26.618	15.171
26.595	15.156
26.535	15.119
26.478	15.077
26.421	15.035
26.396	15.016
26.363	14.970
26.352	14.947
26.314	14.865
26.283	14.781
26.250	14.697
26.215	14.606
26.223	14.585
26.169	14.509
26.080	14.383
25.968	14.314
25.855	14.199
25.783	14.126
25.741	14.015
25.685	13.935
25.655	13.892
25.617	13.855
25.582	13.816
25.578	13.811
25.566	13.805
25.561	13.803
25.540	13.795
25.523	13.798
25.501	13.801
25.427	13.811
25.354	13.824
25.279	13.832
25.241	13.835
25.183	13.833
25.143	13.822
25.088	13.807
25.037	13.781
24.981	13.771
24.880	13.754
24.778	13.741
24.675	13.743
24.539	13.746
24.405	13.775
24.270	13.789
24.263	13.789
24.256	13.788
24.250	13.787
24.209	13.778
24.180	13.742
24.160	13.708
24.117	13.635
24.075	13.495
23.972	13.471
23.952	13.466
23.931	13.462
23.910	13.461
23.894	13.459
23.750	13.468
23.687	13.448
23.655	13.437
23.629	13.413
23.608	13.387
23.549	13.313
23.517	13.244
23.536	13.150
23.560	13.028
23.722	12.937
23.811	12.881
23.856	12.853
23.904	12.846
23.957	12.837
24.029	12.825
24.102	12.819
24.174	12.803
24.355	12.764
24.312	12.746
24.453	12.740
24.472	12.739
24.492	12.738
24.511	12.743
24.641	12.781
24.768	12.829
24.898	12.867
24.917	12.872
24.967	12.878
24.995	12.874
25.009	12.872
25.022	12.868
25.035	12.861
25.040	12.858
25.045	12.853
25.050	12.850
25.053	12.848
25.055	12.846
25.059	12.845
25.089	12.837
25.119	12.831
25.149	12.824
POLYLINE RED
26.573	10.623
26.396	11.085
26.454	10.971
26.079	11.602
26.019	11.701
25.939	11.787
25.879	11.885
25.835	11.956
25.812	12.040
25.766	12.110
25.707	12.201
25.627	12.277
25.565	12.366
25.384	12.623
25.543	12.466
25.363	12.652
25.351	12.665
25.339	12.679
25.323	12.686
25.303	12.694
25.281	12.691
25.259	12.694
POLYLINE RED
24.994	12.798
25.047	12.782
25.100	12.773
25.155	12.786
25.198	12.795
25.242	12.821
25.276	12.846
25.384	12.924
25.422	12.966
25.503	13.080
25.560	13.159
25.606	13.263
25.593	13.364
25.588	13.407
25.573	13.468
25.552	13.507
25.530	13.548
25.499	13.584
25.479	13.626
25.459	13.670
25.449	13.717
25.434	13.762
POLYLINE RED
24.236	13.109
24.490	13.094
24.407	13.092
24.708	13.114
24.736	13.116
24.764	13.122
24.791	13.124
24.813	13.126
24.843	13.118
24.864	13.132
24.900	13.155
24.886	13.228
24.874	13.260
24.866	13.281
24.835	13.288
24.816	13.282
24.693	13.241
24.673	13.233
24.564	13.163
24.522	13.136
24.484	13.104
24.442	13.078
24.425	13.070
24.408	13.062
24.390	13.054
24.389	13.054
24.386	13.053
24.386	13.055
24.380	13.072
24.377	13.091
24.372	13.109
POLYLINE RED
23.861	13.148
23.895	13.166
23.927	13.188
23.967	13.178
24.021	13.164
24.064	13.125
24.122	13.128
24.152	13.130
24.180	13.144
24.204	13.161
24.279	13.215
24.298	13.298
24.334	13.381
POLYLINE RED
25.900	12.688
25.952	12.709
26.000	12.723
26.055	12.716
26.123	12.706
26.186	12.644
26.208	12.581
26.223	12.539
26.232	12.419
26.233	12.415
26.239	12.374
26.290	12.311
26.332	12.350
26.336	12.354
26.340	12.357
26.343	12.362
26.367	12.392
26.389	12.424
26.412	12.455
POLYLINE RED
26.366	14.112
26.392	14.186
26.416	14.261
26.445	14.335
26.452	14.352
26.472	14.394
26.491	14.413
26.519	14.442
26.567	14.456
26.602	14.434
26.637	14.413
26.646	14.366
26.696	14.375
26.742	14.384
26.801	14.431
26.825	14.446
26.855	14.464
26.884	14.485
26.914	14.503
26.918	14.506
26.921	14.507
26.925	14.509
26.952	14.519
26.980	14.529
27.007	14.539
POLYLINE RED
26.308	13.633
26.255	13.638
26.193	13.653
26.140	13.632
26.105	13.618
26.077	13.598
26.048	13.572
26.032	13.557
26.017	13.540
26.004	13.523
25.946	13.445
25.927	13.372
25.952	13.277
25.957	13.260
25.962	13.244
25.970	13.228
25.984	13.202
26.000	13.177
26.018	13.153
26.028	13.139
26.055	13.096
26.083	13.105
26.100	13.110
26.116	13.125
26.125	13.139
26.176	13.218
26.228	13.298
26.275	13.380
26.296	13.417
26.328	13.499
26.305	13.545
26.289	13.575
26.258	13.597
26.230	13.613
26.216	13.622
26.201	13.635
26.185	13.635
26.149	13.633
26.116	13.616
26.081	13.607
POLYLINE RED
26.548	12.073
26.451	12.028
26.358	12.017
26.350	11.904
26.348	11.882
26.352	11.858
26.364	11.838
26.406	11.765
26.492	11.773
26.560	11.805
26.574	11.812
26.589	11.820
26.601	11.830
26.639	11.864
26.673	11.901
26.708	11.938
26.718	11.949
26.728	11.973
26.732	11.986
26.738	12.009
26.742	12.034
26.735	12.058
26.719	12.108
26.635	12.132
26.591	12.135
26.545	12.139
26.526	12.134
26.481	12.124
26.451	12.118
26.422	12.112
26.392	12.105
POLYLINE RED
26.949	14.876
26.896	14.845
26.841	14.817
26.790	14.783
26.739	14.750
26.682	14.711
26.666	14.649
26.653	14.600
26.694	14.551
26.741	14.541
26.771	14.534
26.802	14.543
26.830	14.554
26.859	14.565
26.884	14.580
26.907	14.601
26.941	14.632
26.974	14.664
27.007	14.697
27.011	14.701
27.015	14.710
27.017	14.715
27.025	14.745
27.000	14.774
26.982	14.793
26.970	14.805
26.958	14.815
26.945	14.825
26.938	14.830
26.931	14.838
26.922	14.839
26.881	14.840
26.841	14.833
26.800	14.831
POLYLINE RED
28.535	7.846
29.384	7.795
28.365	7.861
28.938	7.813
29.043	7.804
29.149	7.807
29.254	7.792
29.390	7.772
29.520	7.719
29.658	7.708
29.885	7.689
30.114	7.712
30.342	7.703
30.413	7.701
30.482	7.682
30.552	7.673
30.657	7.660
30.764	7.654
30.869	7.637
31.468	7.545
31.094	7.565
31.467	7.554
POLYLINE RED
28.392	7.865
28.342	7.896
28.295	7.917
28.258	7.964
28.209	8.025
28.161	8.086
28.120	8.152
27.977	8.380
27.970	8.483
27.786	8.650
27.217	9.167
27.501	8.868
27.031	9.248
26.955	9.310
26.886	9.379
26.813	9.445
POLYLINE RED
28.490	8.869
28.430	8.876
28.370	8.884
28.312	8.863
28.193	8.818
28.170	8.685
28.157	8.574
28.152	8.529
28.153	8.469
28.175	8.426
28.199	8.379
28.252	8.344
28.304	8.337
28.395	8.324
28.480	8.353
28.566	8.385
28.641	8.413
28.725	8.473
28.764	8.545
28.802	8.617
28.785	8.687
28.755	8.758
28.744	8.784
28.728	8.810
28.708	8.829
28.678	8.860
28.646	8.871
28.606	8.888
POLYLINE RED
27.693	9.393
27.630	9.432
27.444	9.573
27.312	9.619
27.291	9.626
27.265	9.620
27.246	9.608
27.164	9.556
27.133	9.438
27.159	9.348
27.175	9.294
27.200	9.257
27.235	9.210
27.270	9.163
27.317	9.117
27.374	9.096
27.508	9.048
27.561	9.036
27.711	9.027
27.736	9.026
27.803	9.026
27.840	9.040
27.903	9.064
27.925	9.157
27.949	9.203
27.955	9.214
27.969	9.228
27.980	9.236
27.997	9.249
28.019	9.254
28.027	9.276
28.038	9.311
28.014	9.359
28.001	9.386
27.981	9.425
27.954	9.463
27.917	9.487
27.861	9.522
27.907	9.488
27.859	9.512
27.821	9.532
27.783	9.554
27.745	9.574
POLYLINE RED
29.066	9.555
29.042	9.587
29.027	9.618
28.996	9.642
28.957	9.672
28.880	9.695
28.831	9.696
28.797	9.697
28.762	9.694
28.728	9.690
28.624	9.677
28.542	9.639
28.501	9.539
28.480	9.487
28.486	9.431
28.507	9.380
28.529	9.325
28.565	9.274
28.612	9.237
28.681	9.182
28.801	9.160
28.887	9.180
28.965	9.199
29.063	9.287
29.103	9.315
29.131	9.334
29.145	9.370
29.151	9.402
29.157	9.439
29.141	9.481
29.119	9.509
29.063	9.579
29.005	9.649
28.918	9.678
28.915	9.679
28.912	9.679
28.909	9.679
28.883	9.679
28.858	9.678
28.833	9.678
POLYLINE RED
28.800	12.461
28.818	12.427
28.835	12.389
28.871	12.369
28.922	12.341
28.989	12.313
29.047	12.305
29.124	12.298
29.201	12.292
29.278	12.285
29.289	12.284
29.290	12.275
29.286	12.267
29.284	12.264
29.281	12.260
29.278	12.257
29.230	12.206
29.179	12.158
29.132	12.105
29.118	12.090
29.105	12.073
29.097	12.054
28.979	11.777
28.867	11.497
28.753	11.218
28.742	11.189
28.732	11.161
28.720	11.133
28.719	11.131
28.704	11.096
28.695	11.114
28.694	11.117
28.692	11.121
28.692	11.124
28.672	11.350
28.648	11.575
28.635	11.801
28.632	11.835
28.638	11.870
28.644	11.903
28.658	11.978
28.680	12.068
28.731	12.130
28.772	12.180
28.841	12.203
28.897	12.228
POLYLINE RED
30.082	10.280
30.037	10.272
29.991	10.270
29.948	10.255
29.708	10.173
29.473	10.078
29.236	9.988
29.231	9.986
29.226	9.982
29.222	9.979
29.184	9.952
29.212	9.905
29.242	9.885
29.279	9.862
29.360	9.843
29.379	9.838
29.437	9.825
29.546	9.835
29.590	9.846
29.744	9.885
29.893	9.944
30.048	9.983
30.100	9.997
30.155	10.000
30.209	10.006
30.216	10.007
30.289	9.998
30.308	10.021
30.314	10.030
30.312	10.045
30.307	10.054
30.293	10.078
30.277	10.101
30.262	10.124
30.255	10.134
30.241	10.141
30.239	10.152
30.231	10.192
30.234	10.233
30.231	10.273
POLYLINE RED
27.279	8.642
27.305	8.606
27.323	8.572
27.358	8.545
27.395	8.517
27.435	8.494
27.473	8.467
27.477	8.464
27.481	8.459
27.484	8.455
27.511	8.421
27.504	8.370
27.483	8.335
27.477	8.324
27.469	8.314
27.461	8.304
27.335	8.141
27.211	7.977
27.081	7.818
27.062	7.800
27.043	7.782
27.023	7.764
27.020	7.763
27.016	7.760
27.014	7.762
27.011	7.763
27.012	7.768
27.012	7.771
27.014	7.779
27.018	7.785
27.020	7.793
27.043	7.874
27.070	7.954
27.088	8.037
27.098	8.078
27.099	8.121
27.102	8.163
27.103	8.188
27.100	8.213
27.101	8.238
27.103	8.265
27.113	8.294
27.124	8.317
27.158	8.390
27.224	8.414
27.283	8.468
27.339	8.520
27.360	8.553
27.402	8.610
POLYLINE RED
26.890	9.185
26.860	9.122
POLYLINE RED
26.768	8.963
26.286	8.404
26.103	8.157
25.550	7.655
25.436	7.551
25.301	7.473
25.182	7.376
25.055	7.273
25.022	7.096
24.897	6.992
24.759	6.879
24.618	6.768
24.476	6.659
24.400	6.602
24.319	6.551
24.242	6.494
24.200	6.463
24.137	6.390
24.107	6.357
POLYLINE RED
24.304	6.487
24.262	6.474
24.219	6.464
24.177	6.448
24.156	6.440
24.135	6.430
24.117	6.417
23.984	6.327
23.856	6.230
23.723	6.139
22.737	5.467
24.133	6.451
23.110	5.701
23.014	5.631
22.849	5.639
22.746	5.624
22.675	5.614
22.611	5.580
22.578	5.515
22.572	5.503
22.566	5.490
22.563	5.477
22.550	5.419
22.542	5.360
22.532	5.302
POLYLINE RED
23.110	5.805
23.069	5.752
POLYLINE RED
22.966	5.645
22.579	5.387
22.455	5.260
21.998	5.134
21.759	5.068
21.506	5.061
21.267	4.997
21.096	4.951
20.806	4.819
20.648	4.698
20.534	4.611
20.390	4.468
20.313	4.341
20.245	4.229
20.186	4.112
20.131	3.994
20.108	3.945
20.092	3.892
20.080	3.839
20.061	3.747
20.007	3.523
20.025	3.386
20.053	3.179
20.098	3.188
20.178	2.927
20.233	2.747
20.189	2.810
20.208	2.680
20.216	2.617
20.230	2.555
20.242	2.493
POLYLINE RED
22.227	1.133
22.191	1.170
22.150	1.203
22.118	1.244
21.946	1.467
21.787	1.701
21.616	1.925
21.597	1.950
21.573	1.972
21.547	1.991
21.428	2.078
21.334	2.134
21.193	2.176
21.001	2.234
20.804	2.272
20.613	2.332
20.551	2.352
20.479	2.368
20.436	2.418
20.396	2.466
20.403	2.539
20.387	2.600
POLYLINE RED
28.582	7.608
28.470	7.523
28.353	7.445
28.246	7.354
28.174	7.292
28.101	7.228
28.046	7.151
27.572	6.487
27.129	5.803
26.662	5.134
26.640	5.103
26.609	5.079
26.580	5.054
26.477	4.969
26.408	4.964
26.269	4.897
26.202	4.864
26.130	4.754
26.089	4.702
POLYLINE RED
25.259	3.691
25.240	3.721
25.223	3.753
25.202	3.782
25.142	3.866
25.022	3.919
24.923	3.937
24.860	3.949
24.782	3.957
24.723	3.923
24.674	3.894
24.645	3.839
24.614	3.795
POLYLINE RED
26.110	4.700
26.118	4.692
26.125	4.682
26.134	4.674
26.142	4.667
26.151	4.661
26.160	4.656
26.200	4.633
26.240	4.622
26.286	4.622
26.303	4.622
26.320	4.623
26.336	4.627
26.426	4.651
26.516	4.676
26.605	4.705
26.854	4.789
26.572	4.726
26.857	4.798
26.908	4.811
27.044	4.793
27.062	4.792
27.086	4.791
27.110	4.791
27.135	4.791
POLYLINE RED
25.306	3.865
25.614	3.874
25.306	3.859
25.977	3.981
25.979	3.981
26.098	4.000
26.135	3.990
26.175	3.979
26.214	3.966
26.253	3.951
26.270	3.945
26.300	3.932
26.317	3.917
26.367	3.872
26.336	3.775
26.323	3.725
26.301	3.641
26.285	3.556
26.255	3.475
25.956	2.670
26.201	3.374
26.061	3.053
26.044	3.012
26.034	2.968
26.014	2.929
25.981	2.863
25.938	2.803
25.903	2.738
25.878	2.691
25.860	2.641
25.836	2.593
25.799	2.519
25.757	2.446
25.720	2.372
25.648	2.229
25.732	2.372
25.671	2.271
POLYLINE RED
22.244	0.833
22.338	0.745
22.463	0.496
22.621	0.421
22.796	0.340
22.999	0.400
23.174	0.441
23.342	0.480
23.611	0.510
23.756	0.651
23.902	0.793
24.051	0.933
24.179	1.090
24.400	1.361
24.507	1.629
24.751	1.843
24.884	1.960
25.088	1.961
25.243	2.005
25.289	2.018
25.330	2.041
25.374	2.059
POLYLINE RED
25.265	3.740
25.266	3.699
25.272	3.669
25.263	3.632
25.247	3.569
25.194	3.501
25.130	3.481
24.931	3.421
24.732	3.365
24.532	3.311
24.510	3.305
24.487	3.302
24.464	3.301
24.424	3.297
24.372	3.308
24.345	3.341
24.312	3.380
24.292	3.492
24.288	3.510
24.276	3.564
24.282	3.618
24.308	3.665
24.333	3.709
24.385	3.733
24.427	3.754
24.444	3.762
24.461	3.768
24.479	3.774
24.498	3.780
24.519	3.783
24.539	3.788
POLYLINE RED
22.354	3.002
22.353	2.972
22.350	2.942
22.351	2.912
22.352	2.895
22.353	2.877
22.359	2.862
22.404	2.750
22.454	2.640
22.506	2.532
22.517	2.508
22.533	2.486
22.549	2.465
22.561	2.448
22.575	2.433
22.591	2.420
22.674	2.347
22.760	2.315
22.872	2.314
22.929	2.313
22.990	2.321
23.040	2.350
23.115	2.394
23.172	2.467
23.214	2.542
23.237	2.583
23.266	2.641
23.265	2.692
23.264	2.812
23.177	2.955
23.117	3.050
23.086	3.099
23.012	3.214
22.944	3.252
22.896	3.278
22.837	3.288
22.784	3.295
22.740	3.302
22.674	3.312
22.627	3.291
22.583	3.271
22.548	3.231
22.517	3.196
22.406	3.071
22.384	3.054
22.330	2.941
POLYLINE RED
23.356	2.665
23.344	2.568
23.323	2.472
23.339	2.373
23.379	2.137
23.399	2.140
23.466	1.920
23.509	1.778
23.488	1.771
23.571	1.632
23.696	1.423
23.694	1.468
23.828	1.299
23.840	1.284
23.850	1.267
23.857	1.249
23.892	1.168
23.923	1.085
23.957	1.003
POLYLINE RED
23.921	2.533
23.941	2.483
23.963	2.434
23.983	2.383
24.007	2.323
24.030	2.261
24.054	2.200
24.061	2.182
24.083	2.177
24.099	2.187
24.209	2.257
24.316	2.332
24.428	2.399
24.506	2.446
24.590	2.485
24.670	2.530
24.697	2.545
24.720	2.564
24.748	2.576
24.780	2.591
24.815	2.602
24.849	2.612
24.924	2.633
25.001	2.649
25.077	2.670
25.086	2.672
25.095	2.676
25.104	2.681
25.119	2.689
25.109	2.696
25.098	2.698
25.084	2.701
25.071	2.703
25.057	2.704
25.034	2.704
25.012	2.704
24.990	2.699
24.831	2.661
24.671	2.624
24.515	2.573
24.387	2.532
24.267	2.466
24.139	2.423
24.004	2.377
23.899	2.399
23.987	2.383
POLYLINE RED
23.578	5.018
23.366	4.866
23.349	4.848
22.975	4.677
22.892	4.638
22.800	4.626
22.713	4.599
22.705	4.597
22.697	4.589
22.694	4.582
22.684	4.566
22.691	4.540
22.699	4.526
22.787	4.369
22.804	4.343
22.930	4.214
22.953	4.190
22.980	4.170
23.006	4.149
23.015	4.141
23.032	4.133
23.045	4.138
23.055	4.142
23.058	4.152
23.061	4.161
23.069	4.180
23.075	4.200
23.084	4.219
23.098	4.246
23.125	4.287
23.149	4.308
23.315	4.450
23.402	4.492
23.527	4.656
23.594	4.745
23.646	4.844
23.713	4.933
23.740	4.969
23.773	5.001
23.807	5.030
23.868	5.076
23.929	5.122
23.990	5.168
23.991	5.171
23.993	5.172
23.994	5.175
23.997	5.184
23.983	5.189
23.977	5.190
23.950	5.195
23.904	5.200
23.878	5.187
23.682	5.091
23.487	4.994
23.294	4.891
22.970	4.719
23.263	4.845
23.056	4.760
POLYLINE RED
21.820	3.956
21.784	3.975
21.748	3.996
21.706	3.992
21.680	3.990
21.654	3.990
21.630	3.981
21.424	3.907
21.225	3.816
21.018	3.745
20.959	3.724
20.896	3.720
20.835	3.706
20.781	3.694
20.756	3.636
20.785	3.588
20.857	3.471
20.929	3.354
21.004	3.239
21.013	3.226
21.078	3.153
21.094	3.199
21.112	3.250
21.045	3.121
21.121	3.286
21.208	3.473
21.262	3.538
21.417	3.709
21.517	3.819
21.646	3.882
21.775	3.953
21.834	3.986
21.897	4.012
21.956	4.045
21.993	4.067
22.030	4.106
22.060	4.136

ELEVATION
STATIONS
0.000	0.000	0
2.041	0.224	1
2.245	1.471	2
3.725	2.013	3
5.147	1.544	4
6.658	1.429	5
8.993	1.428	6
9.988	2.540	7
11.217	3.162	8
14.045	3.012	9
23.008	5.497	10
28.921	13.323	11
33.924	15.689	12
33.548	20.475	13
29.642	20.368	14
31.224	23.201	15
35.140	31.937	16
35.582	36.157	17
33.239	37.258	18
34.147	38.747	19
31.774	38.019	20
30.921	38.811	21
30.007	37.578	22
28.261	15.757	13.1
25.600	11.978	13.2
26.223	13.442	13.3
28.613	13.366	13.4
SHOTS
0.000	0.000	0.186	1.197
0.000	0.000	0.188	1.210
0.000	0.000	0.192	1.209
0.000	0.000	1.452	0.550
0.000	0.000	1.425	0.542
0.000	0.000	1.459	0.554
0.000	0.000	0.904	0.112
0.000	0.000	2.041	0.224
2.041	0.224	2.245	1.471
2.245	1.471	3.725	2.013
3.725	2.013	5.147	1.544
5.147	1.544	5.224	1.682
5.147	1.544	5.114	1.724
5.147	1.544	5.118	1.282
5.147	1.544	6.658	1.429
6.658	1.429	6.708	0.757
6.658	1.429	6.566	0.623
6.658	1.429	7.238	1.199
6.658	1.429	5.766	1.037
6.658	1.429	8.993	1.428
8.993	1.428	8.635	1.647
8.993	1.428	8.072	1.604
8.993	1.428	8.937	0.717
8.993	1.428	8.531	1.509
8.993	1.428	9.681	1.294
8.993	1.428	10.015	0.826
8.993	1.428	8.940	2.381
8.993	1.428	11.747	1.617
8.993	1.428	9.988	2.540
9.988	2.540	11.514	10.595
9.988	2.540	11.449	10.187
9.988	2.540	11.688	7.378
9.988	2.540	11.970	6.574
9.988	2.540	11.654	3.466
9.988	2.540	11.561	2.081
9.988	2.540	11.602	1.972
9.988	2.540	11.227	0.706
9.988	2.540	10.284	1.569
9.988	2.540	12.191	2.612
9.988	2.540	12.164	2.844
9.988	2.540	11.217	3.162
11.217	3.162	11.971	1.243
11.217	3.162	12.023	2.250
11.217	3.162	9.566	8.728
11.217	3.162	9.625	4.164
11.217	3.162	10.128	3.176
11.217	3.162	10.799	3.559
11.217	3.162	14.045	3.012
14.045	3.012	14.146	2.089
14.045	3.012	14.847	3.518
14.045	3.012	14.421	2.870
14.045	3.012	15.529	3.812
14.045	3.012	12.497	3.775
14.045	3.012	23.008	5.497
23.008	5.497	23.043	9.422
23.008	5.497	21.158	8.680
23.008	5.497	19.408	3.749
23.008	5.497	21.266	4.098
23.008	5.497	23.995	5.939
23.008	5.497	23.826	9.259
23.008	5.497	15.602	10.387
23.008	5.497	19.615	9.261
23.008	5.497	21.555	8.780
23.008	5.497	22.031	4.091
23.008	5.497	24.339	6.291
23.008	5.497	25.692	9.292
23.008	5.497	26.254	10.983
23.008	5.497	27.783	12.276
23.008	5.497	28.267	10.002
23.008	5.497	26.254	11.634
23.008	5.497	28.247	10.766
23.008	5.497	23.537	6.467
23.008	5.497	24.837	7.507
23.008	5.497	24.407	6.868
23.008	5.497	22.643	14.396
23.008	5.497	28.921	13.323
28.921	13.323	29.046	15.853
28.921	13.323	22.464	12.209
28.921	13.323	20.779	14.296
28.921	13.323	22.118	15.363
28.921	13.323	24.191	18.228
28.921	13.323	26.371	13.923
28.921	13.323	26.249	11.928
28.921	13.323	27.564	13.100
28.921	13.323	29.132	17.992
28.921	13.323	30.852	19.530
28.921	13.323	30.918	15.371
28.921	13.323	30.613	15.935
28.921	13.323	33.924	15.689
33.924	15.689	36.445	38.398
33.924	15.689	34.902	27.328
33.924	15.689	34.803	24.135
33.924	15.689	33.773	16.702
33.924	15.689	32.770	22.516
33.924	15.689	31.552	19.872
33.924	15.689	33.953	16.665
33.924	15.689	33.613	18.180
33.924	15.689	30.302	16.102
33.924	15.689	31.068	16.398
33.924	15.689	33.548	20.475
33.548	20.475	31.885	17.866
33.548	20.475	30.837	17.823
33.548	20.475	25.423	13.785
33.548	20.475	35.440	21.128
33.548	20.475	34.658	19.664
33.548	20.475	33.901	19.702
33.548	20.475	33.399	18.275
33.548	20.475	32.983	19.675
33.548	20.475	31.732	20.699
33.548	20.475	28.872	20.964
33.548	20.475	33.626	21.504
33.548	20.475	34.280	20.461
33.548	20.475	35.378	20.806
33.548	20.475	33.360	20.067
33.548	20.475	33.284	19.323
33.548	20.475	33.564	16.790
33.548	20.475	35.874	23.691
33.548	20.475	29.642	20.368
29.642	20.368	29.812	21.454
29.642	20.368	32.283	21.470
29.642	20.368	27.431	20.891
29.642	20.368	28.580	20.730
29.642	20.368	31.224	23.201
31.224	23.201	33.769	25.065
31.224	23.201	27.477	21.649
31.224	23.201	31.396	25.422
31.224	23.201	29.854	23.224
31.224	23.201	35.140	31.937
35.140	31.937	36.467	31.619
35.140	31.937	35.816	32.021
35.140	31.937	33.957	31.193
35.140	31.937	34.642	31.692
35.140	31.937	35.186	30.478
35.140	31.937	35.582	36.157
35.582	36.157	34.880	36.358
35.582	36.157	37.429	35.237
35.582	36.157	35.554	38.115
35.582	36.157	36.631	37.058
35.582	36.157	33.239	37.258
33.239	37.258	33.271	36.556
33.239	37.258	34.295	37.489
33.239	37.258	35.369	39.206
33.239	37.258	34.107	39.686
33.239	37.258	35.545	36.004
33.239	37.258	34.015	36.698
33.239	37.258	34.147	38.747
34.147	38.747	34.198	37.843
34.147	38.747	32.843	38.303
34.147	38.747	34.786	38.384
34.147	38.747	31.774	38.019
31.774	38.019	30.663	38.791
31.774	38.019	31.598	43.321
31.774	38.019	31.601	39.848
31.774	38.019	31.274	38.091
31.774	38.019	32.017	38.196
31.774	38.019	30.921	38.811
30.921	38.811	30.938	39.261
30.921	38.811	30.868	37.528
30.921	38.811	32.236	40.044
30.921	38.811	31.521	42.026
30.921	38.811	30.007	37.578
33.548	20.475	28.261	15.757
28.261	15.757	26.516	15.875
28.261	15.757	26.692	16.518
28.261	15.757	26.420	15.898
28.261	15.757	25.302	16.247
28.261	15.757	28.094	16.922
28.261	15.757	27.791	15.184
28.261	15.757	25.600	11.978
25.600	11.978	25.557	13.381
25.600	11.978	24.356	12.504
25.600	11.978	20.521	14.475
25.600	11.978	19.949	14.810
25.600	11.978	25.591	9.808
25.600	11.978	24.903	13.046
25.600	11.978	25.957	12.542
25.600	11.978	26.384	13.823
25.600	11.978	26.219	13.442
25.600	11.978	26.219	13.443
25.600	11.978	26.807	14.389
25.600	11.978	26.223	13.442
26.223	13.442	26.093	9.374
26.223	13.442	27.071	13.714
26.223	13.442	24.983	13.021
26.223	13.442	26.488	12.846
26.223	13.442	26.231	13.552
26.223	13.442	28.603	13.368
26.223	13.442	28.575	13.366
26.223	13.442	28.613	13.366
POLYLINE BLUE
32.346	19.770
32.236	19.772
32.124	19.793
32.014	19.777
31.665	19.729
31.322	19.645
30.976	19.579
30.378	19.438
29.791	19.242
29.182	19.157
28.466	19.056
27.740	19.052
27.017	19.022
26.997	19.021
26.217	19.083
25.946	18.990
24.941	18.646
25.661	18.865
24.725	18.418
24.596	18.356
24.456	18.319
24.321	18.269
POLYLINE BLUE
31.890	19.803
31.963	19.851
32.040	19.895
32.110	19.948
32.254	20.059
32.350	20.245
32.430	20.394
32.494	20.512
32.571	20.729
32.579	20.866
32.632	21.807
32.362	22.546
32.224	23.555
32.205	23.697
32.208	23.843
32.226	23.985
32.415	25.524
32.343	24.063
32.726	25.920
32.981	27.157
33.094	28.421
33.377	29.652
33.582	30.544
34.093	31.925
34.451	32.917
POLYLINE BLUE
38.202	19.672
38.172	19.614
38.149	19.529
38.089	19.487
38.046	19.458
37.990	19.455
37.940	19.465
37.818	19.489
37.736	19.589
37.673	19.690
37.581	19.837
37.453	20.104
37.434	20.275
37.093	23.280
36.777	26.289
36.476	29.299
36.459	29.467
36.454	29.638
36.480	29.805
36.529	30.116
36.616	30.421
36.698	30.726
36.721	30.811
36.754	30.894
36.796	30.973
36.973	31.305
37.168	31.628
37.354	31.955
POLYLINE BLUE
29.541	12.609
29.637	12.616
29.735	12.606
29.829	12.629
31.190	12.969
30.906	13.104
32.626	13.922
33.138	14.166
33.689	14.321
34.200	14.565
34.392	14.657
34.863	15.027
35.071	15.186
POLYLINE BLUE
23.000	12.169
22.016	12.601
21.877	12.545
21.264	13.042
21.190	13.102
21.106	13.194
21.055	13.279
20.977	13.409
20.990	13.587
21.039	13.722
21.104	13.904
21.339	14.655
21.591	14.995
21.630	15.048
21.719	15.141
21.781	15.175
21.872	15.224
21.967	15.261
22.061	15.303
22.117	15.328
22.178	15.347
22.232	15.378
22.346	15.443
22.514	15.582
22.587	15.684
22.886	16.101
23.165	16.531
23.448	16.959
23.651	17.269
23.664	17.376
23.880	17.593
23.976	17.689
24.038	17.712
24.158	17.780
POLYLINE BLUE
25.952	12.038
25.962	11.965
25.978	11.893
25.983	11.819
25.992	11.670
25.930	11.509
25.883	11.376
25.863	11.320
25.840	11.265
25.808	11.216
25.535	10.796
25.292	10.448
24.857	10.190
24.573	10.021
24.074	9.938
23.836	9.860
23.677	9.807
23.517	9.750
23.370	9.670
22.885	9.405
22.418	9.108
21.943	8.827
21.933	8.821
21.921	8.798
21.914	8.807
21.905	8.821
21.920	8.841
21.923	8.857
POLYLINE BLUE
26.066	11.875
25.930	11.926
25.798	11.988
25.659	12.027
25.368	12.108
24.963	12.141
24.676	12.105
22.838	11.873
23.829	11.840
23.016	11.859
POLYLINE BLUE
22.298	8.678
22.247	8.720
22.198	8.765
22.144	8.804
22.101	8.835
21.997	8.877
21.948	8.882
19.804	9.078
20.707	8.893
19.884	9.069
POLYLINE BLUE
37.616	19.877
37.613	19.476
37.655	19.054
37.556	18.656
37.534	18.571
37.512	18.483
37.467	18.408
37.117	17.824
36.705	17.278
36.375	16.682
36.013	16.030
35.810	15.156
35.263	14.574
35.124	14.447
34.985	14.320
34.845	14.193
34.836	14.190
34.823	14.176
34.816	14.183
34.777	14.222
34.751	14.273
34.719	14.317
POLYLINE RED
35.273	20.559
35.501	21.678
35.275	20.448
35.420	22.811
35.448	23.273
35.524	23.160
35.502	23.477
35.492	23.604
35.448	23.760
35.326	23.824
35.319	23.828
35.236	23.867
35.222	23.847
35.170	23.774
35.142	23.686
35.103	23.605
POLYLINE RED
35.060	23.626
34.593	23.300
34.124	22.977
33.659	22.648
33.580	22.591
33.530	22.517
33.428	22.516
33.336	22.515
33.248	22.558
33.172	22.605
32.972	22.729
32.833	22.971
32.894	23.210
32.958	23.461
33.245	23.689
33.402	23.843
33.501	23.940
33.610	24.027
33.707	24.126
33.805	24.226
33.883	24.411
33.919	24.528
34.100	25.119
34.085	25.015
34.101	25.373
POLYLINE RED
27.732	21.752
27.834	21.884
27.917	22.034
28.038	22.149
28.377	22.471
28.757	22.748
29.108	23.057
29.244	23.176
29.252	23.309
29.368	23.459
29.474	23.597
29.600	23.720
29.722	23.845
29.971	24.101
30.100	24.161
30.264	24.437
30.495	24.827
30.527	25.253
30.544	25.692
POLYLINE RED
34.740	25.309
35.024	26.557
35.307	27.806
35.590	29.054
35.640	29.173
35.675	29.301
35.742	29.412
36.007	29.854
36.406	30.264
36.555	30.779
36.633	31.046
36.682	31.329
36.678	31.608
36.677	31.738
36.665	31.868
36.658	31.998
POLYLINE RED
30.416	25.266
31.064	26.605
30.842	26.299
31.856	27.628
32.107	27.956
32.429	28.231
32.647	28.582
32.957	29.083
32.993	29.565
33.333	29.983
33.829	30.592
33.787	30.426
34.068	30.970
34.094	31.020
34.182	31.168
34.125	31.245
34.071	31.318
33.895	31.327
33.846	31.337
POLYLINE RED
37.041	32.339
36.848	36.717
36.872	33.035
37.117	36.087
37.118	36.100
37.009	36.714
37.165	36.880
37.213	36.931
37.267	36.977
37.318	37.025
POLYLINE RED
33.739	31.359
33.712	32.035
33.664	32.711
33.657	33.388
33.655	33.529
33.677	33.672
33.715	33.809
34.015	34.893
33.914	34.160
34.255	35.212
34.357	35.526
34.434	35.848
34.505	36.170
34.528	36.276
34.530	36.386
34.536	36.495
34.537	36.520
34.542	36.550
34.528	36.571
34.494	36.623
34.442	36.661
34.400	36.706

