TRIP
DATE 2026-08-20
DECLINATION 0.0
DATA
0		316.88	8.16	1.391	>
0		316.91	8.33	1.382	>
0		316.84	8.33	1.384	>
0	1	316.88	8.27	1.386	>
1		350.16	5.00	1.829	>
1		350.27	5.14	1.831	>
1		350.28	5.06	1.830	>
1	2	350.23	5.07	1.830	>
2		278.10	-34.32	3.346	>
2		277.98	-34.35	3.345	>
2		278.08	-34.43	3.330	>
2	3	278.05	-34.37	3.340	>
3		154.19	-5.45	0.645	>
3		188.42	23.31	0.363	>
3		238.15	-61.70	0.894	>
3		183.64	-6.37	4.146	>
3		183.79	-6.33	4.148	>
3		183.75	-6.36	4.155	>
3	4	183.73	-6.35	4.150	>
4		73.25	21.97	0.787	>
4		91.21	49.05	0.753	>
4		141.34	-83.33	0.288	>
4		147.43	9.21	2.874	>
4		147.38	9.15	2.876	>
4		147.27	9.17	2.877	>
4		267.89	4.24	0.441	>
4	5	147.36	9.18	2.876	>
5		217.29	86.54	0.340	>
5		253.10	-62.85	1.093	>
5		262.63	-59.52	1.013	>
5		271.10	1.13	0.467	>
5		220.19	-44.89	2.535	>
5		220.17	-44.76	2.557	>
5		220.19	-44.84	2.553	>
5	6	220.18	-44.83	2.548	>
6		69.63	0.60	0.406	>
6		80.26	62.51	2.398	>
6		182.31	-78.63	2.734	>
6		178.65	-28.80	4.478	>
6		178.73	-28.73	4.448	>
6		178.70	-28.71	4.473	>
6	7	178.69	-28.75	4.466	>
7		76.56	2.83	0.656	>
7		95.36	65.70	4.872	>
7		296.75	-70.05	1.373	>
7		254.98	-76.96	3.057	>
7		159.33	-16.95	3.877	>
7		159.24	-16.90	3.881	>
7		159.28	-16.94	3.884	>
7	8	159.29	-16.93	3.881	>
8		65.25	85.12	1.156	>
8		258.47	4.25	0.470	>
8		244.16	-77.77	3.239	>
8		175.75	-26.67	3.854	>
8		175.80	-26.70	3.862	>
8		175.80	-26.67	3.861	>
8	9	175.78	-26.68	3.859	>
9		276.88	-44.54	0.964	>
9		269.07	-84.34	1.682	>
9		89.24	78.43	1.448	>
9		174.70	-15.68	2.281	>
9		174.68	-16.53	3.975	>
9		174.64	-16.57	3.972	>
9		174.64	-16.62	3.966	>
9	10	174.65	-16.57	3.971	>
10		263.51	10.60	0.414	>
10		154.07	85.40	0.433	>
10		234.34	-69.01	0.582	>
10		202.13	-26.14	3.062	>
10		202.34	-26.15	3.062	>
10		202.31	-26.26	3.058	>
10	11	202.26	-26.18	3.061	>
11		118.20	72.84	1.030	>
11		119.70	-8.37	0.392	>
11		198.44	-79.44	3.080	>
11		209.25	-50.88	2.357	>
11		209.04	-50.64	2.350	>
11		209.17	-50.73	2.345	>
11	12	209.15	-50.75	2.351	>
12		271.15	-6.41	0.734	>
12		285.73	53.46	0.756	>
12		285.45	-77.22	1.682	>
12		297.04	3.31	0.285	>

PLAN
STATIONS
0.000	0.000	0
-0.937	1.001	1
-1.247	2.797	2
-3.977	3.184	3
-4.245	-0.932	4
-2.713	-3.322	5
-3.880	-4.703	6
-3.790	-8.618	7
-2.477	-12.091	8
-2.224	-15.529	9
-1.869	-19.319	10
-2.909	-21.861	11
-3.634	-23.160	12
SHOTS
0.000	0.000	-0.937	1.001
-0.937	1.001	-1.247	2.797
-1.247	2.797	-3.977	3.184
-3.977	3.184	-3.697	2.606
-3.977	3.184	-4.025	2.854
-3.977	3.184	-4.337	2.960
-3.977	3.184	-4.245	-0.932
-4.245	-0.932	-3.546	-0.722
-4.245	-0.932	-3.751	-0.942
-4.245	-0.932	-4.224	-0.958
-4.245	-0.932	-4.684	-0.948
-4.245	-0.932	-2.713	-3.322
-2.713	-3.322	-2.726	-3.339
-2.713	-3.322	-3.191	-3.467
-2.713	-3.322	-3.223	-3.388
-2.713	-3.322	-3.180	-3.313
-2.713	-3.322	-3.880	-4.703
-3.880	-4.703	-3.499	-4.562
-3.880	-4.703	-2.789	-4.516
-3.880	-4.703	-3.901	-5.242
-3.880	-4.703	-3.790	-8.618
-3.790	-8.618	-3.153	-8.466
-3.790	-8.618	-1.794	-8.805
-3.790	-8.618	-4.209	-8.407
-3.790	-8.618	-4.456	-8.797
-3.790	-8.618	-2.477	-12.091
-2.477	-12.091	-2.388	-12.049
-2.477	-12.091	-2.936	-12.184
-2.477	-12.091	-3.095	-12.390
-2.477	-12.091	-2.224	-15.529
-2.224	-15.529	-2.906	-15.447
-2.224	-15.529	-2.389	-15.532
-2.224	-15.529	-1.933	-15.525
-2.224	-15.529	-2.021	-17.716
-2.224	-15.529	-1.869	-19.319
-1.869	-19.319	-2.273	-19.365
-1.869	-19.319	-1.854	-19.350
-1.869	-19.319	-2.038	-19.440
-1.869	-19.319	-2.909	-21.861
-2.909	-21.861	-2.642	-22.004
-2.909	-21.861	-2.572	-22.053
-2.909	-21.861	-3.088	-22.396
-2.909	-21.861	-3.634	-23.160
-3.634	-23.160	-4.363	-23.145
-3.634	-23.160	-4.067	-23.038
-3.634	-23.160	-3.992	-23.060
-3.634	-23.160	-3.887	-23.030
POLYLINE BLUE
-3.807	3.616
-4.005	3.463
-4.014	3.472
-4.191	3.254
-4.235	3.200
-4.276	3.142
-4.308	3.080
-4.452	2.805
-4.511	2.477
-4.511	2.170
-4.511	1.763
-4.498	1.356
-4.479	0.950
-4.465	0.654
-4.418	0.359
-4.414	0.063
-4.412	-0.055
-4.484	-0.350
-4.451	-0.534
-4.447	-0.557
-4.441	-0.580
-4.431	-0.601
-4.368	-0.731
-4.295	-0.855
-4.232	-0.984
-4.198	-1.052
-4.209	-1.117
-4.207	-1.192
POLYLINE BLUE
-3.364	2.715
-3.453	2.708
-3.548	2.701
-3.625	2.651
-3.667	2.624
-3.721	2.573
-3.734	2.523
-3.735	2.520
-3.898	2.023
-3.889	1.799
-3.887	1.743
-3.876	1.686
-3.878	1.630
-3.882	1.491
-3.915	1.442
-3.894	1.331
-3.885	1.284
-3.869	1.252
-3.845	1.211
-3.826	1.179
-3.799	1.150
-3.786	1.115
-3.711	0.917
-3.661	0.794
-3.650	0.606
-3.643	0.492
-3.714	0.397
-3.753	0.296
-3.761	0.277
-3.765	0.257
-3.766	0.237
-3.767	0.173
-3.764	0.110
-3.757	0.046
-3.757	0.044
-3.738	-0.363
-3.673	-0.495
-3.625	-0.591
-3.568	-0.683
-3.516	-0.778
POLYLINE BLUE
-5.231	1.082
-4.868	1.107
-5.064	1.088
-4.646	1.147
POLYLINE BLUE
-3.785	1.309
-3.473	1.349
-3.614	1.340
-3.364	1.346
POLYLINE BLUE
-3.400	1.277
-3.335	0.973
POLYLINE BLUE
-3.509	0.853
-3.416	0.780
-3.356	0.750
-3.244	0.801
-3.222	0.812
-3.189	0.832
-3.173	0.852
-3.102	0.938
-3.102	0.953
-3.046	1.057
POLYLINE BLUE
-5.759	1.540
-5.951	1.466
-5.986	1.469
-6.139	1.362
-6.189	1.328
-6.250	1.273
-6.262	1.210
-6.273	1.158
-6.266	1.093
-6.223	1.057
-6.111	0.961
-5.995	0.871
-5.884	0.775
-5.869	0.762
-5.856	0.746
-5.844	0.730
-5.797	0.666
-5.781	0.592
-5.771	0.514
-5.760	0.435
-5.760	0.360
-5.715	0.290
-5.671	0.220
-5.601	0.179
-5.525	0.225
-5.500	0.240
-5.476	0.264
-5.464	0.292
-5.437	0.357
-5.429	0.431
-5.438	0.501
-5.453	0.614
-5.514	0.680
-5.564	0.795
-5.596	0.867
-5.593	0.956
-5.579	1.031
-5.553	1.180
-5.363	1.218
-5.252	1.270
-5.200	1.294
-5.155	1.332
-5.116	1.373
-5.071	1.420
-5.027	1.498
-5.047	1.566
-5.080	1.674
-5.240	1.713
-5.335	1.686
-5.681	1.586
-5.623	1.604
-5.873	1.483
POLYLINE BLUE
-4.207	-1.194
-4.214	-1.215
-4.222	-1.235
-4.227	-1.257
-4.254	-1.382
-4.138	-1.638
-4.113	-1.689
-3.913	-2.087
-3.683	-2.469
-3.476	-2.864
-3.383	-3.043
-3.303	-3.229
-3.213	-3.409
-3.205	-3.426
-3.195	-3.444
-3.180	-3.456
-3.152	-3.478
-3.118	-3.491
-3.087	-3.509
POLYLINE BLUE
-3.599	-0.678
-3.585	-0.693
-3.570	-0.707
-3.557	-0.723
-3.544	-0.739
-3.539	-0.755
-3.533	-0.774
-3.449	-1.031
-3.379	-1.294
-3.284	-1.547
-3.236	-1.676
-3.183	-1.675
-3.158	-1.776
-3.133	-1.877
-3.128	-1.984
-3.091	-2.081
-3.030	-2.239
-2.920	-2.375
-2.866	-2.536
-2.793	-2.754
-2.759	-2.983
-2.710	-3.208
-2.705	-3.233
-2.703	-3.259
-2.704	-3.285
-2.710	-3.403
-2.787	-3.652
-2.805	-3.711
-2.815	-3.742
-2.829	-3.771
-2.847	-3.798
-3.092	-4.174
-3.034	-4.098
-3.331	-4.375
-3.429	-4.467
-3.442	-4.462
-3.511	-4.563
-3.561	-4.636
-3.582	-4.815
-3.595	-4.887
POLYLINE BLUE
-3.255	-3.310
-3.257	-3.365
-3.199	-3.409
-3.196	-3.466
-3.195	-3.497
-3.207	-3.537
-3.225	-3.562
-3.635	-4.137
-3.293	-3.667
-3.561	-3.985
-3.587	-4.016
-3.609	-4.051
-3.634	-4.083
-3.768	-4.254
-3.818	-4.275
-3.888	-4.459
-3.889	-4.460
-3.943	-4.633
-3.931	-4.675
-3.926	-4.690
-3.907	-4.696
-3.896	-4.706
POLYLINE BLUE
-3.905	-4.713
-3.905	-4.712
POLYLINE BLUE
-3.918	-4.714
-3.915	-4.719
POLYLINE BLUE
-3.976	-4.679
-3.970	-4.697
-3.964	-4.715
-3.960	-4.733
-3.957	-4.747
-3.955	-4.761
-3.955	-4.775
-3.954	-4.836
-3.954	-4.896
-3.957	-4.957
-3.961	-5.032
-3.967	-5.107
-3.976	-5.181
-3.978	-5.201
-3.999	-5.251
-4.010	-5.266
-4.073	-5.353
-4.215	-5.481
-4.210	-5.613
-4.192	-6.030
-4.201	-5.471
-4.152	-5.986
-4.139	-6.112
-4.154	-6.240
-4.138	-6.365
-4.087	-6.760
-4.053	-6.568
-4.055	-6.805
-4.056	-6.896
-4.105	-6.979
-4.153	-7.053
-4.173	-7.083
-4.198	-7.110
-4.218	-7.140
-4.239	-7.172
-4.252	-7.236
-4.255	-7.264
-4.260	-7.315
-4.268	-7.438
-4.253	-7.508
-4.232	-7.603
-4.184	-7.655
-4.145	-7.756
-4.050	-8.000
-3.963	-8.247
-3.874	-8.494
-3.786	-8.738
-3.796	-8.661
-3.785	-8.785
POLYLINE BLUE
-3.608	-4.880
-3.595	-4.992
-3.590	-4.997
-3.609	-5.141
-3.702	-5.849
-3.596	-4.546
-3.655	-5.751
-3.658	-5.810
-3.691	-5.918
-3.673	-5.990
-3.611	-6.245
-3.545	-6.499
-3.477	-6.753
-3.467	-6.789
-3.444	-6.821
-3.440	-6.859
-3.413	-7.139
-3.415	-7.423
-3.385	-7.703
-3.359	-7.944
-3.278	-8.156
-3.219	-8.387
-3.210	-8.425
-3.204	-8.465
-3.197	-8.504
POLYLINE BLUE
-3.229	-8.432
-3.206	-8.466
-3.182	-8.499
-3.159	-8.533
-3.048	-8.655
-2.916	-8.761
-2.827	-8.900
-2.715	-9.075
-2.646	-9.274
-2.561	-9.463
-2.553	-9.483
-2.548	-9.505
-2.546	-9.526
-2.505	-9.889
-2.537	-10.474
-2.548	-10.719
-2.554	-10.847
-2.594	-10.973
-2.591	-11.101
-2.588	-11.238
-2.557	-11.373
-2.530	-11.507
-2.439	-11.959
-2.465	-12.168
-2.378	-11.939
POLYLINE BLUE
-3.846	-8.706
-3.788	-9.011
-3.861	-8.652
-3.757	-9.059
-3.747	-9.101
-3.745	-9.145
-3.733	-9.187
-3.659	-9.428
-3.560	-9.662
-3.499	-9.907
-3.404	-10.297
-3.490	-10.311
-3.381	-10.566
-3.334	-10.678
-3.107	-11.086
-3.076	-11.322
-2.932	-12.398
-2.931	-12.393
-2.996	-12.088
POLYLINE BLUE
-2.445	-12.035
-2.405	-12.445
-2.438	-12.310
-2.277	-12.789
-2.222	-12.952
-2.162	-13.114
-2.098	-13.275
-2.075	-13.335
-2.037	-13.389
-2.017	-13.451
-1.986	-13.544
-1.970	-13.641
-1.945	-13.736
-1.930	-13.797
-1.905	-13.856
-1.896	-13.918
-1.849	-14.261
-1.891	-14.495
-1.951	-14.860
-1.982	-15.051
-2.148	-15.539
-2.253	-15.619
POLYLINE BLUE
-2.956	-12.171
-2.981	-12.227
-3.010	-12.281
-3.030	-12.338
-3.052	-12.399
-3.059	-12.464
-3.080	-12.525
-3.098	-12.564
-3.117	-12.603
-3.135	-12.642
-3.156	-12.678
-3.185	-12.709
-3.199	-12.748
-3.248	-12.883
-3.285	-13.022
-3.322	-13.161
-3.329	-13.185
-3.330	-13.210
-3.331	-13.235
-3.332	-13.257
-3.330	-13.279
-3.326	-13.300
-3.290	-13.493
-3.230	-13.682
-3.211	-13.878
-3.185	-14.159
-3.216	-14.443
-3.194	-14.724
-3.183	-14.857
-3.150	-14.987
-3.114	-15.115
-3.090	-15.198
-3.055	-15.279
-3.015	-15.356
-2.974	-15.418
-2.934	-15.481
-2.893	-15.543
-2.890	-15.556
-2.888	-15.554
-2.899	-15.546
POLYLINE BLUE
-2.227	-15.460
-2.227	-15.485
-2.234	-15.543
-2.222	-15.571
-2.175	-15.686
-2.125	-15.799
-2.072	-15.910
-1.969	-16.124
-1.950	-16.059
-1.921	-16.333
-1.895	-16.576
-1.953	-16.824
-1.940	-17.067
-1.921	-17.438
-1.906	-17.531
-1.801	-17.810
-1.783	-17.859
-1.699	-17.926
-1.673	-17.956
-1.642	-17.992
-1.624	-18.045
-1.620	-18.091
-1.595	-18.414
-1.801	-18.900
-1.871	-19.158
-1.889	-19.221
-1.899	-19.351
-1.876	-19.420
-1.866	-19.449
-1.854	-19.476
-1.843	-19.505
POLYLINE BLUE
-2.993	-15.458
-2.814	-15.798
-3.021	-15.382
-2.801	-15.973
-2.770	-16.057
-2.716	-16.131
-2.688	-16.215
-2.589	-16.517
-2.589	-16.685
-2.521	-16.990
-2.459	-17.264
-2.454	-17.189
-2.345	-17.463
-2.298	-17.579
-2.302	-17.860
-2.301	-17.905
-2.299	-18.043
-2.394	-18.272
-2.409	-18.363
-2.424	-18.450
-2.425	-18.540
-2.415	-18.627
-2.263	-19.991
-2.307	-19.086
-2.288	-19.509
POLYLINE BLUE
-2.318	-19.382
-2.308	-19.438
-2.296	-19.494
-2.289	-19.551
-2.287	-19.567
-2.288	-19.582
-2.290	-19.598
-2.300	-19.698
-2.299	-19.797
-2.357	-19.881
-2.391	-19.930
-2.446	-19.969
-2.483	-20.012
-2.526	-20.059
-2.553	-20.137
-2.572	-20.191
-2.605	-20.287
-2.579	-20.362
-2.592	-20.471
-2.604	-20.566
-2.692	-20.790
-2.721	-20.856
-2.734	-20.884
-2.753	-20.910
-2.772	-20.935
-2.831	-21.019
-3.054	-21.238
-3.078	-21.413
-3.096	-21.550
-3.048	-21.645
-2.999	-21.776
-2.954	-21.897
-2.969	-21.821
-2.956	-21.913
POLYLINE BLUE
-1.884	-19.456
-1.883	-19.521
-1.883	-19.586
-1.880	-19.651
-1.879	-19.684
-1.872	-19.717
-1.872	-19.750
-1.873	-19.803
-1.889	-19.910
-1.914	-19.957
-1.969	-20.059
-2.165	-20.296
-2.176	-20.472
-2.186	-20.638
-2.095	-20.776
-2.177	-20.936
-2.217	-21.015
-2.348	-21.070
-2.398	-21.109
-2.424	-21.130
-2.445	-21.156
-2.467	-21.181
-2.510	-21.231
-2.537	-21.306
-2.541	-21.371
-2.553	-21.557
-2.552	-21.743
-2.559	-21.929
-2.559	-21.945
-2.563	-21.960
-2.565	-21.976
-2.565	-22.009
-2.564	-22.043
-2.564	-22.077
POLYLINE BLUE
-2.991	-21.840
-3.019	-21.882
-3.044	-21.927
-3.075	-21.968
-3.162	-22.080
-3.275	-22.170
-3.407	-22.224
-3.460	-22.245
-3.514	-22.261
-3.568	-22.277
-3.607	-22.288
-3.724	-22.307
-3.782	-22.340
-3.798	-22.349
-3.813	-22.358
-3.826	-22.370
-3.978	-22.510
-4.130	-22.649
-4.278	-22.793
-4.357	-22.870
-4.382	-22.991
-4.405	-23.092
-4.413	-23.126
-4.410	-23.163
-4.422	-23.196
-4.429	-23.219
-4.448	-23.236
-4.462	-23.256
POLYLINE BLUE
-2.595	-22.018
-2.641	-22.200
-2.628	-22.197
-2.760	-22.335
-2.796	-22.372
-2.839	-22.400
-2.873	-22.438
-2.922	-22.492
-2.967	-22.550
-3.006	-22.610
-3.045	-22.670
-3.070	-22.737
-3.105	-22.798
-3.112	-22.810
-3.121	-22.821
-3.132	-22.829
-3.223	-22.904
-3.312	-22.982
-3.410	-23.048
-3.725	-23.261
-3.569	-23.091
-3.681	-23.220
POLYLINE BLUE
-3.836	3.593
-3.618	3.693
-3.392	3.687
-3.161	3.644
-2.655	3.549
-2.149	3.447
-1.644	3.342
-1.591	3.331
-1.520	3.291
-1.476	3.259
-1.324	3.145
-1.186	2.886
-1.108	2.784
-1.087	2.757
-1.060	2.736
-1.035	2.712
POLYLINE BLUE
-3.486	2.717
-3.449	2.698
-3.413	2.676
-3.375	2.660
-3.353	2.650
-3.329	2.641
-3.305	2.639
-2.810	2.599
-3.007	2.629
-2.442	2.716
-2.320	2.735
-2.175	2.671
-2.074	2.615
-2.057	2.605
-1.917	2.531
-1.885	2.471
-1.856	2.416
-1.882	2.340
-1.903	2.290
-1.956	2.163
-2.024	2.042
-2.076	1.914
-2.091	1.876
-2.098	1.835
-2.106	1.794
-2.167	1.502
-2.112	1.705
-2.163	1.527
POLYLINE BLUE
-3.585	-4.820
-3.673	-4.772
-3.672	-4.771
-3.833	-4.718
-3.878	-4.704
-3.906	-4.701
-3.944	-4.698
POLYLINE BLUE
-3.186	-8.501
-3.198	-8.501
-3.209	-8.499
-3.220	-8.499
-3.224	-8.499
-3.228	-8.499
-3.232	-8.500
-3.257	-8.508
-3.281	-8.517
-3.306	-8.526
-3.532	-8.611
-3.301	-8.531
-3.456	-8.578
-3.484	-8.587
-3.511	-8.599
-3.540	-8.606
-3.767	-8.663
-3.569	-8.594
-3.791	-8.671
-3.812	-8.678
-3.813	-8.675
-3.807	-8.683
POLYLINE BLUE
-5.031	-9.722
-4.759	-9.596
-4.486	-9.469
-4.214	-9.343
-4.158	-9.329
-4.104	-9.307
-4.047	-9.302
-3.943	-9.291
-3.838	-9.297
-3.734	-9.295
POLYLINE BLUE
-2.624	-9.232
-1.622	-8.942
-3.111	-9.382
-2.080	-9.047
-1.908	-8.991
-1.734	-8.936
-1.558	-8.895
-1.481	-8.877
-1.401	-8.878
-1.323	-8.869
POLYLINE BLUE
-1.362	-8.816
-1.138	-9.477
-1.359	-9.375
-1.052	-9.477
POLYLINE BLUE
-1.540	-9.739
-1.414	-9.866
-1.246	-10.121
-1.039	-9.989
-1.014	-9.973
-0.964	-9.929
-0.952	-9.901
-0.635	-9.137
-0.850	-9.544
-0.668	-9.212
POLYLINE BLUE
-6.434	-6.993
-6.596	-6.987
-6.620	-6.974
-6.759	-7.005
-6.952	-7.048
-7.101	-7.229
-7.088	-7.428
-7.074	-7.666
-6.963	-7.790
-7.076	-8.026
-7.087	-8.049
-7.101	-8.072
-7.116	-8.092
-7.259	-8.277
-7.410	-8.455
-7.549	-8.642
-7.577	-8.680
-7.603	-8.720
-7.618	-8.764
-7.660	-8.887
-7.697	-9.011
-7.722	-9.138
-7.775	-9.412
-7.714	-9.394
-7.797	-9.598
-7.817	-9.646
-7.844	-9.691
-7.870	-9.736
-8.012	-9.984
-8.143	-10.238
-8.301	-10.475
-8.367	-10.575
-8.662	-10.867
-8.742	-11.076
-8.819	-11.277
-8.850	-11.494
-8.767	-11.700
-8.736	-11.777
-8.659	-11.943
-8.588	-12.029
-8.542	-12.086
-8.528	-12.085
-8.469	-12.127
-8.445	-12.144
-8.381	-12.202
-8.376	-12.206
POLYLINE BLUE
-6.503	-6.988
-6.441	-7.014
-6.377	-7.036
-6.317	-7.067
-6.064	-7.199
-5.907	-7.490
-5.872	-7.765
-5.855	-7.893
-5.857	-8.049
-5.943	-8.156
-6.107	-8.360
-6.433	-8.577
-6.580	-8.704
-6.615	-8.734
-6.664	-8.794
-6.684	-8.845
-6.715	-8.924
-6.682	-8.996
-6.680	-9.078
-6.678	-9.158
-6.718	-9.368
-6.720	-9.403
-6.724	-9.460
-6.720	-9.518
-6.715	-9.575
-6.707	-9.659
-6.677	-9.726
-6.706	-9.807
-6.776	-10.003
-6.984	-10.083
-7.135	-10.201
-7.198	-10.250
-7.266	-10.340
-7.304	-10.410
-7.377	-10.545
-7.377	-10.701
-7.411	-10.848
-7.426	-10.916
-7.482	-10.960
-7.516	-11.017
-7.546	-11.065
-7.559	-11.112
-7.569	-11.167
-7.602	-11.361
-7.605	-11.639
-7.734	-11.815
-7.878	-12.012
-8.074	-11.984
-8.295	-12.036
-8.383	-12.057
-8.482	-12.129
-8.551	-12.172

ELEVATION
STATIONS
0.000	0.000	0
-0.937	0.199	1
-1.247	0.361	2
-3.977	-1.525	3
-4.245	-1.984	4
-2.713	-1.525	5
-3.880	-3.321	6
-3.790	-5.469	7
-2.477	-6.599	8
-2.224	-8.332	9
-1.869	-9.465	10
-2.909	-10.816	11
-3.634	-12.636	12
SHOTS
0.000	0.000	-0.937	0.199
-0.937	0.199	-1.247	0.361
-1.247	0.361	-3.977	-1.525
-3.977	-1.525	-3.697	-1.586
-3.977	-1.525	-4.025	-1.381
-3.977	-1.525	-4.337	-2.312
-3.977	-1.525	-4.245	-1.984
-4.245	-1.984	-3.546	-1.689
-4.245	-1.984	-3.751	-1.415
-4.245	-1.984	-4.224	-2.270
-4.245	-1.984	-4.684	-1.951
-4.245	-1.984	-2.713	-1.525
-2.713	-1.525	-2.726	-1.185
-2.713	-1.525	-3.191	-2.497
-2.713	-1.525	-3.223	-2.398
-2.713	-1.525	-3.180	-1.516
-2.713	-1.525	-3.880	-3.321
-3.880	-3.321	-3.499	-3.317
-3.880	-3.321	-2.789	-1.194
-3.880	-3.321	-3.901	-6.002
-3.880	-3.321	-3.790	-5.469
-3.790	-5.469	-3.153	-5.437
-3.790	-5.469	-1.794	-1.029
-3.790	-5.469	-4.209	-6.760
-3.790	-5.469	-4.456	-8.448
-3.790	-5.469	-2.477	-6.599
-2.477	-6.599	-2.388	-5.448
-2.477	-6.599	-2.936	-6.565
-2.477	-6.599	-3.095	-9.765
-2.477	-6.599	-2.224	-8.332
-2.224	-8.332	-2.906	-9.008
-2.224	-8.332	-2.389	-10.006
-2.224	-8.332	-1.933	-6.914
-2.224	-8.332	-2.021	-8.949
-2.224	-8.332	-1.869	-9.465
-1.869	-9.465	-2.273	-9.389
-1.869	-9.465	-1.854	-9.033
-1.869	-9.465	-2.038	-10.008
-1.869	-9.465	-2.909	-10.816
-2.909	-10.816	-2.642	-9.831
-2.909	-10.816	-2.572	-10.873
-2.909	-10.816	-3.088	-13.843
-2.909	-10.816	-3.634	-12.636
-3.634	-12.636	-4.363	-12.718
-3.634	-12.636	-4.067	-12.029
-3.634	-12.636	-3.992	-14.276
-3.634	-12.636	-3.887	-12.620

